PARTICLE_SIMULATION_DATA_2D
NumBalls: 50
Ball_1 Red 5.82737
Ball_2 Red 4.23756
Ball_3 Red 5.06428
Ball_4 Red 3.77151
Ball_5 Red 8.78565
Ball_6 Red 5.66696
Ball_7 Red 2.59609
Ball_8 Red 3.0903
Ball_9 Red 6.57248
Ball_10 Red 6.94349
Ball_11 Red 2.03374
Ball_12 Red 8.35015
Ball_13 Red 6.81516
Ball_14 Red 6.67457
Ball_15 Red 3.21743
Ball_16 Red 9.66389
Ball_17 Red 3.99239
Ball_18 Red 6.23837
Ball_19 Red 2.73939
Ball_20 Red 2.27612
Ball_21 Red 3.85047
Ball_22 Red 6.86141
Ball_23 Red 7.77383
Ball_24 Red 6.73325
Ball_25 Red 7.44199
Ball_26 Blue 9.95579
Ball_27 Blue 4.27878
Ball_28 Blue 7.40439
Ball_29 Blue 8.2429
Ball_30 Blue 8.65882
Ball_31 Blue 8.75284
Ball_32 Blue 6.50094
Ball_33 Blue 8.97217
Ball_34 Blue 9.34708
Ball_35 Blue 3.82983
Ball_36 Blue 3.72828
Ball_37 Blue 5.12715
Ball_38 Blue 5.9201
Ball_39 Blue 8.1402
Ball_40 Blue 2.59962
Ball_41 Blue 7.53746
Ball_42 Blue 9.23312
Ball_43 Blue 3.04106
Ball_44 Blue 5.43518
Ball_45 Blue 9.12584
Ball_46 Blue 6.01936
Ball_47 Blue 5.4884
Ball_48 Blue 3.49355
Ball_49 Blue 2.2913
Ball_50 Blue 4.42322
NumSteps: 100
Step 0 0.1
0 266.125 543.11
1 701.308 22.9006
2 647.748 254.535
3 763.33 220.206
4 228.435 697.542
5 134.086 370.055
6 879.649 149.745
7 651.638 763.097
8 130.531 271.104
9 172.668 342.387
10 627.598 54.6585
11 97.3329 431.68
12 566.191 514.501
13 681.741 643.95
14 594.246 77.5014
15 822.105 88.1027
16 930.553 223.159
17 796.462 784.864
18 525.677 478.226
19 199.013 340.241
20 678.077 52.0087
21 451.05 760.281
22 659.924 174.724
23 635.72 556.188
24 761.581 528.822
25 33.7159 49.1154
26 465.144 126.834
27 565.755 344.662
28 86.6205 636.535
29 976.349 732.305
30 323.748 748.48
31 584.01 782.952
32 595.078 76.6087
33 78.675 696.139
34 683.489 567.276
35 840.553 77.1936
36 187.101 634.687
37 82.4693 6.55228
38 740.248 544.766
39 497.31 561.537
40 862.794 599.478
41 388.986 550.445
42 532.84 160.194
43 521.887 334.055
44 847.588 134.949
45 886.399 616.724
46 941.86 379.187
47 727.983 699.096
48 445.486 280.803
49 772.832 651.358
Step 1 0.1
0 266.12 542.126
1 699.384 19.6398
2 645.654 256.936
3 766.364 224.802
4 229.588 697.281
5 136.233 369.41
6 876.978 149.201
7 652.447 766.446
8 134.405 269.757
9 173.62 343.066
10 631.756 56.534
11 99.7254 433.479
12 564.881 518.389
13 677.65 640.142
14 590.469 97.1185
15 818.952 91.8108
16 934.411 221.799
17 796.855 788.376
18 528.593 473.761
19 197.935 337.641
20 680.198 56.8678
21 446.934 763.985
22 655.861 179.274
23 631.898 557.094
24 763.745 529.377
25 35.1833 53.6485
26 467.879 128.414
27 562.182 345.339
28 85.5695 640.247
29 972.255 735.509
30 322.172 751.696
31 587.744 784.795
32 595.28 69.5232
33 76.5214 691.852
34 687.219 562.926
35 839.921 79.4061
36 184.513 631.531
37 86.0519 9.13821
38 743.874 548.89
39 493.891 559.221
40 860.661 594.819
41 389.537 552.43
42 528.586 160.706
43 519.832 337.862
44 852.485 138.771
45 891.335 612.09
46 945.871 381.995
47 724.506 695.145
48 445.497 283.965
49 772.206 647.479
Step 2 0.1
0 266.114 541.142
1 697.46 16.3791
2 643.561 259.337
3 769.397 229.398
4 230.74 697.02
5 138.379 368.766
6 874.308 148.657
7 653.255 769.795
8 138.278 268.41
9 174.572 343.746
10 635.915 58.4094
11 102.118 435.278
12 563.571 522.278
13 673.56 636.335
14 589.013 99.9242
15 815.8 95.5189
16 938.27 220.439
17 797.248 791.888
18 531.51 469.295
19 196.857 335.042
20 682.32 61.727
21 442.817 767.689
22 651.799 183.823
23 628.077 558.001
24 765.909 529.932
25 36.6508 58.1816
26 470.613 129.995
27 558.609 346.016
28 84.5185 643.959
29 968.161 738.713
30 320.597 754.912
31 591.479 786.639
32 594.741 67.799
33 74.3679 687.566
34 690.949 558.576
35 839.289 81.6186
36 181.926 628.375
37 89.6346 11.7241
38 747.501 553.014
39 490.471 556.905
40 858.527 590.161
41 390.088 554.416
42 524.333 161.219
43 517.777 341.669
44 857.382 142.593
45 896.272 607.455
46 949.882 384.803
47 721.03 691.194
48 445.507 287.127
49 771.581 643.601
Step 3 0.1
0 266.109 540.158
1 695.536 13.1184
2 641.467 261.738
3 772.431 233.994
4 231.893 696.758
5 140.526 368.121
6 874.701 148.882
7 654.063 773.143
8 142.152 267.063
9 175.523 344.426
10 640.073 60.2849
11 104.51 437.076
12 562.26 526.167
13 669.469 632.528
14 587.557 102.73
15 812.648 99.2269
16 942.129 219.079
17 797.641 793.762
18 534.426 464.83
19 195.779 332.442
20 684.441 66.5862
21 438.7 771.394
22 647.736 188.373
23 624.255 558.907
24 768.073 530.487
25 38.1182 62.7146
26 473.347 131.576
27 555.036 346.693
28 83.4674 647.67
29 964.066 741.917
30 319.021 758.127
31 595.213 788.482
32 594.202 66.0748
33 72.2143 683.28
34 694.679 554.226
35 838.657 83.8311
36 179.338 625.218
37 93.2172 14.3101
38 751.128 557.138
39 487.052 554.589
40 856.394 585.502
41 390.638 556.401
42 520.08 161.731
43 515.721 345.476
44 861.012 146.096
45 901.209 602.82
46 953.893 387.611
47 717.553 687.244
48 445.518 290.289
49 770.956 639.722
Step 4 0.1
0 266.104 539.174
1 693.612 9.85767
2 639.374 264.14
3 775.465 238.59
4 233.046 696.497
5 142.672 367.476
6 883.56 151.236
7 654.872 776.492
8 146.026 265.716
9 176.475 345.106
10 644.231 62.1604
11 106.903 438.875
12 560.95 530.055
13 665.378 628.721
14 586.101 105.536
15 809.496 102.935
16 945.987 217.719
17 798.034 790.25
18 537.342 460.365
19 194.701 329.843
20 686.563 71.4454
21 434.583 775.098
22 643.674 192.922
23 620.433 559.814
24 770.237 531.042
25 39.5856 67.2477
26 476.082 133.156
27 551.463 347.37
28 82.4164 651.382
29 959.972 745.121
30 317.445 761.343
31 598.947 790.326
32 593.663 64.3507
33 70.0608 678.994
34 698.409 549.876
35 838.025 86.0435
36 176.751 622.062
37 96.7998 16.896
38 754.754 561.262
39 483.632 552.274
40 854.261 580.843
41 391.189 558.386
42 515.826 162.243
43 513.666 349.283
44 861.138 148.719
45 906.146 598.186
46 957.905 390.419
47 714.077 683.293
48 445.529 293.451
49 770.331 635.844
Step 5 0.1
0 266.099 538.19
1 691.688 6.59694
2 637.28 266.541
3 778.499 243.186
4 234.198 696.236
5 144.818 366.831
6 892.419 153.59
7 655.68 779.841
8 149.9 264.369
9 177.427 345.785
10 648.39 64.0359
11 109.295 440.674
12 559.64 533.944
13 661.288 624.914
14 584.645 108.341
15 806.344 106.643
16 949.846 216.359
17 798.427 786.738
18 540.259 455.9
19 193.623 327.244
20 688.684 76.3046
21 430.467 778.802
22 639.611 197.472
23 616.611 560.72
24 772.401 531.597
25 41.0531 71.7808
26 478.816 134.737
27 547.89 348.046
28 81.3653 655.093
29 955.878 748.325
30 315.87 764.559
31 602.681 792.169
32 593.125 62.6265
33 67.9073 674.708
34 702.138 545.526
35 837.393 88.256
36 174.163 618.906
37 100.382 19.4819
38 758.381 565.386
39 480.213 549.958
40 852.127 576.184
41 391.74 560.371
42 511.573 162.756
43 511.611 353.09
44 861.263 151.341
45 911.082 593.551
46 961.916 393.227
47 710.6 679.343
48 445.54 296.613
49 769.706 631.966
Step 6 0.1
0 266.094 537.206
1 689.763 5.1389
2 635.186 268.942
3 781.532 247.782
4 235.351 695.974
5 146.965 366.186
6 901.277 155.943
7 656.489 783.189
8 153.774 263.022
9 178.379 346.465
10 652.548 65.9114
11 111.688 442.472
12 558.329 537.832
13 657.197 621.107
14 583.189 111.147
15 803.192 110.351
16 953.704 214.999
17 798.82 783.226
18 543.175 451.435
19 192.545 324.644
20 690.806 81.1637
21 426.35 782.507
22 635.549 202.021
23 612.789 561.627
24 774.565 532.152
25 42.5205 76.3138
26 481.551 136.317
27 544.316 348.723
28 80.3143 658.805
29 951.784 751.529
30 314.294 767.775
31 606.415 793.499
32 592.586 60.9023
33 65.7537 670.422
34 705.868 541.176
35 836.761 90.4685
36 171.576 615.75
37 103.965 22.0679
38 762.007 569.51
39 476.793 547.642
40 849.994 571.525
41 392.29 562.356
42 507.32 163.268
43 509.555 356.898
44 861.389 153.964
45 916.019 588.917
46 965.927 396.035
47 707.124 675.392
48 445.551 299.776
49 769.08 628.087
Step 7 0.1
0 266.089 536.222
1 687.839 8.39962
2 633.093 271.344
3 784.566 252.378
4 236.504 695.713
5 149.111 365.541
6 910.136 158.297
7 657.297 786.538
8 157.648 261.675
9 179.33 347.145
10 656.707 67.7869
11 114.08 444.271
12 557.019 541.721
13 653.107 617.299
14 581.733 113.953
15 800.04 114.059
16 957.563 213.639
17 799.213 779.714
18 546.091 446.97
19 191.467 322.045
20 692.927 86.0229
21 422.233 786.211
22 631.486 206.571
23 608.968 562.533
24 776.729 532.707
25 43.988 80.8469
26 484.285 137.898
27 540.743 349.4
28 80.9336 661.46
29 947.689 754.733
30 312.718 770.991
31 610.15 791.656
32 592.047 59.1781
33 61.1833 667.665
34 709.598 536.827
35 836.129 92.681
36 168.988 612.594
37 107.548 24.6538
38 765.634 573.634
39 473.374 545.326
40 847.861 566.866
41 392.841 564.342
42 503.067 163.78
43 507.5 360.705
44 861.515 156.586
45 920.956 584.282
46 969.938 398.843
47 703.647 671.441
48 445.562 302.938
49 768.455 624.209
Step 8 0.1
0 266.083 535.238
1 685.915 11.6603
2 630.999 273.745
3 787.6 256.974
4 237.656 695.452
5 151.258 364.897
6 918.995 160.65
7 658.105 789.886
8 161.521 260.328
9 180.282 347.825
10 660.865 69.6623
11 116.473 446.07
12 555.709 545.61
13 649.016 613.492
14 580.277 116.758
15 796.887 117.767
16 961.422 212.279
17 799.606 776.202
18 549.008 442.504
19 190.389 319.445
20 695.049 90.8821
21 418.117 789.915
22 627.424 211.12
23 605.146 563.44
24 778.892 533.262
25 45.4554 85.3799
26 487.019 139.478
27 537.17 350.077
28 82.1921 663.711
29 943.595 757.937
30 311.143 774.207
31 613.884 789.812
32 591.508 57.454
33 55.6879 665.492
34 713.328 532.477
35 835.497 94.8935
36 166.401 609.437
37 111.13 27.2397
38 769.261 577.758
39 469.954 543.01
40 845.727 562.207
41 393.391 566.327
42 498.813 164.293
43 505.445 364.512
44 861.641 159.208
45 925.893 579.648
46 973.949 401.651
47 700.171 667.491
48 445.573 306.1
49 767.83 620.331
Step 9 0.1
0 266.078 534.254
1 683.991 14.9211
2 628.906 276.146
3 790.633 261.57
4 238.809 695.191
5 153.404 364.252
6 927.854 163.004
7 658.914 793.235
8 165.395 258.981
9 181.234 348.505
10 665.024 71.5378
11 118.865 447.869
12 554.398 549.498
13 644.925 609.685
14 578.82 119.564
15 793.735 121.475
16 965.28 210.919
17 799.999 772.69
18 551.924 438.039
19 189.311 316.846
20 697.17 95.7413
21 414 793.139
22 623.361 215.67
23 601.324 564.347
24 781.056 533.818
25 46.9228 89.913
26 489.754 141.059
27 533.597 350.754
28 83.4507 665.962
29 939.501 761.141
30 309.567 777.422
31 617.618 787.969
32 590.97 55.7298
33 50.1924 663.32
34 717.058 528.127
35 834.864 97.106
36 163.814 606.281
37 114.713 29.8257
38 772.887 581.882
39 466.534 540.694
40 843.594 557.548
41 393.942 568.312
42 494.56 164.805
43 503.39 368.319
44 861.767 161.831
45 930.829 575.013
46 977.96 404.459
47 696.694 663.54
48 445.584 309.262
49 767.205 616.452
Step 10 0.1
0 266.073 533.27
1 682.067 18.1818
2 626.812 278.547
3 793.667 266.166
4 239.962 694.929
5 155.551 363.607
6 936.713 165.358
7 659.722 796.584
8 169.269 257.634
9 182.186 349.184
10 669.182 73.4133
11 121.258 449.667
12 553.088 553.387
13 640.835 605.878
14 577.364 122.37
15 790.583 125.184
16 969.139 209.559
17 800.392 769.178
18 554.84 433.574
19 188.233 314.246
20 699.291 100.6
21 409.883 789.434
22 619.299 220.219
23 597.502 565.253
24 783.22 534.373
25 48.3903 94.4461
26 492.488 142.639
27 530.024 351.431
28 84.7093 668.212
29 935.406 764.345
30 307.991 780.638
31 621.352 786.125
32 590.431 54.0056
33 44.697 661.148
34 720.788 523.777
35 834.232 99.3185
36 161.226 603.125
37 118.296 32.4116
38 776.514 586.007
39 463.115 538.378
40 841.461 552.889
41 394.493 570.297
42 490.307 165.317
43 501.334 372.126
44 861.892 164.453
45 935.766 570.379
46 981.971 407.267
47 693.217 659.59
48 445.594 312.424
49 766.579 612.574
Step 11 0.1
0 266.068 532.286
1 680.143 21.4425
2 624.719 280.949
3 796.701 270.762
4 241.114 694.668
5 157.697 362.962
6 945.572 167.711
7 660.531 796.91
8 173.143 256.287
9 183.138 349.864
10 673.341 75.2888
11 123.65 451.466
12 551.778 557.276
13 636.744 602.071
14 575.908 125.175
15 787.431 128.892
16 972.997 208.198
17 800.785 765.666
18 557.757 429.109
19 187.155 311.647
20 701.413 105.46
21 405.767 785.73
22 615.236 224.769
23 593.68 566.16
24 785.384 534.928
25 49.8577 98.9791
26 495.223 144.22
27 526.451 352.108
28 85.9679 670.463
29 931.312 767.549
30 306.416 783.854
31 625.086 784.282
32 589.892 52.2814
33 39.2016 658.976
34 724.517 519.427
35 833.6 101.531
36 158.639 599.969
37 121.878 34.9975
38 780.14 590.131
39 459.695 536.062
40 839.327 548.23
41 395.043 572.282
42 486.054 165.83
43 499.279 375.933
44 862.018 167.076
45 940.703 565.744
46 985.983 410.075
47 689.741 655.639
48 445.605 315.586
49 765.954 608.695
Step 12 0.1
0 266.063 531.302
1 678.219 24.7032
2 622.625 283.35
3 799.734 275.358
4 242.267 694.407
5 159.844 362.317
6 954.431 170.065
7 661.339 793.561
8 177.017 254.94
9 184.089 350.544
10 677.499 77.1643
11 126.043 453.265
12 550.468 561.164
13 632.654 598.263
14 574.452 127.981
15 784.279 132.6
16 976.856 206.838
17 801.179 762.155
18 560.673 424.644
19 186.077 309.047
20 703.534 110.319
21 401.65 782.026
22 611.174 229.318
23 589.859 567.066
24 787.548 535.483
25 51.3252 103.512
26 497.957 145.8
27 522.878 352.785
28 87.2264 672.714
29 927.218 770.753
30 304.84 787.07
31 628.82 782.438
32 589.353 50.5573
33 33.7062 656.803
34 728.247 515.077
35 832.968 103.743
36 156.051 596.812
37 125.461 37.5834
38 783.767 594.255
39 456.276 533.746
40 837.194 543.571
41 395.594 574.268
42 481.8 166.342
43 497.224 379.74
44 862.144 169.698
45 945.639 561.11
46 989.994 412.883
47 686.264 651.688
48 445.616 318.748
49 765.329 604.817
Step 13 0.1
0 266.058 530.318
1 676.295 27.964
2 620.531 285.751
3 802.768 279.954
4 243.419 694.146
5 161.99 361.673
6 963.29 172.419
7 662.147 790.212
8 180.891 253.593
9 185.041 351.224
10 681.658 79.0398
11 128.435 455.064
12 549.157 565.053
13 628.563 594.456
14 572.996 130.787
15 781.127 136.308
16 980.714 205.478
17 801.572 758.643
18 563.59 420.179
19 184.999 306.448
20 705.656 115.178
21 397.533 778.321
22 607.111 233.867
23 586.037 567.973
24 789.712 536.038
25 52.7926 108.045
26 500.691 147.381
27 519.305 353.462
28 88.485 674.964
29 923.123 773.957
30 303.264 790.286
31 632.555 780.595
32 588.815 48.8331
33 28.2107 654.631
34 731.977 510.727
35 832.336 105.956
36 153.464 593.656
37 129.043 40.1694
38 787.394 598.379
39 452.856 531.43
40 835.061 538.913
41 396.145 576.253
42 477.547 166.854
43 495.168 383.547
44 862.27 172.321
45 950.576 556.475
46 994.005 415.691
47 682.788 647.738
48 445.627 321.91
49 764.704 600.939
Step 14 0.1
0 266.052 529.334
1 674.371 31.2247
2 618.438 288.152
3 805.802 284.55
4 244.572 693.884
5 164.137 361.028
6 972.148 174.772
7 662.956 786.864
8 184.764 252.246
9 185.993 351.903
10 685.816 80.9153
11 130.828 456.862
12 547.847 568.942
13 624.472 590.649
14 571.54 133.592
15 777.974 140.016
16 984.573 204.118
17 801.965 755.131
18 566.506 415.714
19 183.921 303.849
20 707.777 120.037
21 393.416 774.617
22 603.049 238.417
23 582.215 568.879
24 791.876 536.593
25 54.26 112.578
26 503.426 148.962
27 515.731 354.139
28 89.7436 677.215
29 919.029 777.161
30 301.689 791.247
31 636.289 778.751
32 588.276 47.1089
33 22.7153 652.459
34 735.707 506.377
35 831.704 108.168
36 150.876 590.5
37 132.626 42.7553
38 791.02 602.503
39 449.437 529.114
40 832.927 534.254
41 396.695 578.238
42 473.294 167.366
43 493.113 387.354
44 862.396 174.943
45 955.513 551.84
46 994.512 418.499
47 679.311 643.787
48 445.638 325.073
49 764.078 597.06
Step 15 0.1
0 266.047 528.35
1 672.446 34.4854
2 616.344 290.554
3 808.836 289.146
4 245.725 693.623
5 166.283 360.383
6 981.007 177.126
7 663.764 783.515
8 188.638 250.899
9 186.945 352.583
10 689.975 82.7907
11 133.22 458.661
12 546.537 572.83
13 620.382 586.842
14 570.084 136.398
15 774.822 143.724
16 988.432 202.758
17 802.358 751.619
18 569.422 411.248
19 182.843 301.249
20 709.899 124.896
21 389.3 770.913
22 598.986 242.966
23 578.393 569.786
24 794.04 537.148
25 55.7275 117.111
26 506.16 150.542
27 512.158 354.815
28 91.0021 679.466
29 914.935 780.365
30 300.113 788.031
31 640.023 776.908
32 587.737 45.3847
33 17.2199 650.287
34 739.437 502.027
35 831.072 110.381
36 148.289 587.344
37 136.209 45.3412
38 794.647 606.627
39 446.017 526.798
40 830.794 529.595
41 397.246 580.223
42 469.04 167.879
43 491.058 391.161
44 862.521 177.566
45 960.45 547.206
46 990.5 421.307
47 675.835 639.837
48 445.649 328.235
49 763.453 593.182
Step 16 0.1
0 266.042 527.366
1 670.522 37.7461
2 614.251 292.955
3 811.869 293.742
4 246.877 693.362
5 168.429 359.738
6 989.866 179.48
7 664.573 780.166
8 192.512 249.552
9 187.896 353.263
10 694.133 84.6662
11 135.613 460.46
12 545.226 576.719
13 616.291 583.035
14 568.628 139.204
15 771.67 147.432
16 992.29 201.398
17 802.751 748.107
18 572.339 406.783
19 181.765 298.65
20 712.02 129.756
21 385.183 767.208
22 594.924 247.516
23 574.571 570.692
24 796.204 537.703
25 57.1949 121.644
26 508.895 152.123
27 508.585 355.492
28 92.2607 681.717
29 910.841 783.569
30 298.537 784.815
31 643.757 775.064
32 587.198 43.6606
33 11.7244 648.114
34 743.167 497.677
35 830.44 112.593
36 145.701 584.188
37 139.791 47.9272
38 798.273 610.751
39 442.597 524.483
40 828.66 524.936
41 397.796 582.208
42 464.787 168.391
43 489.002 394.968
44 862.647 180.188
45 965.386 542.571
46 986.489 424.114
47 672.358 635.886
48 445.66 331.397
49 762.828 589.303
Step 17 0.1
0 266.037 526.382
1 668.598 41.0069
2 612.157 295.356
3 814.903 298.338
4 248.03 693.101
5 170.576 359.093
6 997.404 181.833
7 665.381 776.818
8 196.386 248.205
9 188.848 353.943
10 698.292 86.5417
11 138.005 462.258
12 543.916 580.608
13 612.201 579.228
14 567.172 142.01
15 768.518 151.14
16 996.008 200.038
17 803.144 744.595
18 575.255 402.318
19 180.687 296.05
20 714.142 134.615
21 381.066 763.504
22 590.861 252.065
23 570.75 571.599
24 798.368 538.258
25 58.6624 126.177
26 511.629 153.703
27 505.012 356.169
28 93.5193 683.967
29 906.746 786.773
30 296.961 781.6
31 647.491 773.221
32 586.66 41.9364
33 12.4652 645.942
34 746.896 493.327
35 829.808 114.806
36 143.114 581.031
37 143.374 50.5131
38 801.9 614.875
39 439.178 522.167
40 826.527 520.277
41 398.347 584.194
42 460.534 168.903
43 486.947 398.775
44 862.773 182.811
45 970.323 537.937
46 982.478 426.922
47 668.881 631.935
48 445.67 334.559
49 762.203 585.425
Step 18 0.1
0 266.032 525.398
1 666.674 44.2676
2 610.063 297.757
3 817.937 302.934
4 249.183 692.839
5 172.722 358.449
6 988.545 184.187
7 666.189 773.469
8 200.26 246.858
9 189.8 354.623
10 702.45 88.4172
11 140.397 464.057
12 542.606 584.496
13 608.11 575.42
14 565.715 144.815
15 765.366 154.848
16 992.149 198.678
17 803.537 741.083
18 578.171 397.853
19 179.609 293.451
20 716.263 139.474
21 376.95 759.8
22 586.799 256.615
23 566.928 572.505
24 800.532 538.813
25 60.1298 130.711
26 514.363 155.284
27 501.439 356.846
28 94.7779 686.218
29 902.652 789.977
30 295.386 778.384
31 651.226 771.377
32 586.121 40.2122
33 17.9606 643.77
34 750.626 488.977
35 829.176 117.018
36 140.527 577.875
37 146.957 53.099
38 805.527 618.999
39 435.758 519.851
40 824.394 515.618
41 398.898 586.179
42 456.281 169.416
43 484.892 402.583
44 862.899 185.433
45 975.26 533.302
46 978.467 429.73
47 665.405 627.985
48 445.681 337.721
49 761.577 581.547
Step 19 0.1
0 266.026 524.414
1 664.75 47.5283
2 607.97 300.159
3 820.97 307.53
4 250.335 692.578
5 174.869 357.804
6 979.686 186.541
7 666.998 770.121
8 204.134 245.511
9 190.752 355.302
10 706.608 90.2927
11 142.79 465.856
12 541.295 588.385
13 604.019 571.613
14 564.259 147.621
15 762.214 158.556
16 988.29 197.318
17 803.93 737.571
18 581.088 393.388
19 178.531 290.851
20 718.385 144.333
21 372.833 756.095
22 582.736 261.164
23 563.106 573.412
24 802.696 539.368
25 61.5972 135.244
26 517.098 156.864
27 497.866 357.523
28 96.0364 688.469
29 898.558 791.341
30 293.81 775.168
31 654.96 769.534
32 585.582 38.488
33 23.456 641.598
34 754.356 484.627
35 828.544 119.231
36 137.939 574.719
37 150.539 55.6849
38 809.153 623.123
39 432.339 517.535
40 822.26 510.959
41 399.448 588.164
42 452.027 169.928
43 482.837 406.39
44 863.025 188.055
45 980.197 528.668
46 974.456 432.538
47 661.928 624.034
48 445.692 340.883
49 760.952 577.668
Step 20 0.1
0 266.021 523.43
1 662.826 50.789
2 605.876 302.56
3 824.004 312.126
4 251.488 692.317
5 177.015 357.159
6 970.827 188.894
7 668.297 766.737
8 208.007 244.165
9 191.703 355.982
10 710.767 92.1682
11 145.182 467.655
12 539.985 592.273
13 599.929 567.806
14 562.803 150.427
15 759.062 162.264
16 984.432 195.958
17 804.323 734.059
18 584.004 388.923
19 177.453 288.252
20 720.506 149.192
21 368.716 752.391
22 578.674 265.714
23 559.284 574.319
24 804.86 539.923
25 63.0647 139.777
26 519.832 158.445
27 494.293 358.2
28 97.295 690.719
29 894.463 788.137
30 292.234 771.952
31 658.313 767.717
32 585.043 36.7639
33 28.9515 639.425
34 758.086 480.277
35 827.912 121.443
36 135.352 571.563
37 154.122 58.2709
38 812.78 627.247
39 428.919 515.219
40 820.127 506.3
41 399.999 590.149
42 447.774 170.44
43 480.781 410.197
44 863.15 190.678
45 985.133 524.033
46 970.445 435.346
47 658.452 620.083
48 445.703 344.045
49 760.327 573.79
Step 21 0.1
0 266.016 522.446
1 660.902 54.0498
2 603.783 304.961
3 827.038 316.722
4 252.641 692.056
5 179.162 356.514
6 961.968 191.248
7 672.263 763.162
8 211.881 242.818
9 192.655 356.662
10 714.925 94.0436
11 147.575 469.453
12 538.675 596.162
13 595.838 563.999
14 561.347 153.232
15 755.909 165.972
16 980.573 194.598
17 804.716 730.548
18 586.92 384.458
19 176.375 285.652
20 722.628 154.051
21 364.6 748.686
22 574.611 270.263
23 555.462 575.225
24 807.024 540.478
25 64.5321 144.31
26 522.567 160.025
27 490.719 358.877
28 98.5536 692.97
29 890.369 784.933
30 290.659 768.736
31 659.598 766.049
32 584.505 35.0397
33 34.4469 637.253
34 761.816 475.928
35 827.28 123.656
36 132.764 568.407
37 157.704 60.8568
38 816.406 631.371
39 425.5 512.903
40 817.994 501.641
41 400.55 592.134
42 443.521 170.953
43 478.726 414.004
44 863.276 193.3
45 990.07 519.399
46 966.433 438.154
47 654.975 616.133
48 445.714 347.207
49 759.702 569.912
Step 22 0.1
0 266.011 521.462
1 658.978 57.3105
2 601.689 307.363
3 830.072 321.318
4 253.793 691.794
5 180.982 355.838
6 953.109 193.601
7 676.228 759.588
8 215.755 241.471
9 193.734 357.354
10 719.084 95.9191
11 149.967 471.252
12 537.365 600.051
13 591.748 560.192
14 559.891 156.038
15 752.757 169.68
16 976.715 193.238
17 805.109 727.036
18 589.837 379.992
19 175.297 283.053
20 724.749 158.911
21 360.483 744.982
22 570.549 274.813
23 551.641 576.132
24 809.187 541.034
25 65.9996 148.843
26 525.301 161.606
27 487.146 359.554
28 99.8121 695.221
29 886.275 781.729
30 289.083 765.52
31 660.882 764.381
32 583.966 33.3155
33 39.9423 635.081
34 765.545 471.578
35 826.647 125.868
36 130.177 565.25
37 161.287 63.4427
38 820.033 635.495
39 422.08 510.587
40 815.86 496.982
41 401.1 594.119
42 439.268 171.465
43 476.671 417.811
44 863.402 195.923
45 993.981 514.764
46 962.422 440.962
47 651.499 612.182
48 445.725 350.37
49 759.077 566.033
Step 23 0.1
0 266.006 520.478
1 657.054 60.5712
2 599.596 309.764
3 833.105 325.914
4 254.946 691.533
5 181.602 355.049
6 944.251 195.955
7 680.194 756.013
8 219.629 240.124
9 195.278 358.09
10 723.242 97.7946
11 152.36 473.051
12 536.054 603.939
13 587.657 556.385
14 558.435 158.844
15 749.605 173.389
16 972.856 191.878
17 805.502 723.524
18 592.753 375.527
19 174.219 280.454
20 726.871 163.77
21 356.366 741.278
22 566.486 279.362
23 547.819 577.038
24 811.351 541.589
25 67.467 153.376
26 528.035 163.186
27 483.573 360.231
28 101.071 697.472
29 882.181 778.525
30 287.507 762.305
31 662.166 762.713
32 583.427 31.5914
33 45.4378 632.909
34 769.275 467.228
35 826.015 128.081
36 127.589 562.094
37 164.87 66.0287
38 823.66 639.619
39 418.66 508.271
40 813.727 492.323
41 401.651 596.105
42 435.014 171.977
43 474.615 421.618
44 863.528 198.545
45 989.044 510.129
46 958.411 443.77
47 648.022 608.232
48 445.736 353.532
49 758.451 562.155
Step 24 0.1
0 266.001 519.494
1 655.129 63.8319
2 597.502 312.165
3 836.139 330.51
4 256.099 691.272
5 182.221 354.26
6 935.392 198.309
7 684.16 752.438
8 223.503 238.777
9 196.823 358.826
10 727.401 99.6701
11 154.752 474.849
12 534.744 607.828
13 583.566 552.577
14 556.979 161.649
15 746.453 177.097
16 968.998 190.518
17 805.895 720.012
18 595.67 371.062
19 173.141 277.854
20 728.992 168.629
21 352.249 737.573
22 562.424 283.912
23 543.997 577.945
24 813.515 542.144
25 68.9344 157.909
26 530.77 164.767
27 480 360.907
28 102.329 699.722
29 878.086 775.321
30 285.932 759.089
31 663.45 761.045
32 582.889 29.8672
33 50.9332 630.736
34 773.005 462.878
35 825.383 130.293
36 125.002 558.938
37 168.452 68.6146
38 827.286 643.743
39 415.241 505.955
40 811.594 487.665
41 402.202 598.09
42 430.761 172.49
43 472.56 425.425
44 863.654 201.168
45 984.107 505.495
46 954.4 446.578
47 644.546 604.281
48 445.747 356.694
49 757.826 558.276
Step 25 0.1
0 265.995 518.51
1 653.205 67.0927
2 595.408 314.566
3 839.173 335.106
4 257.251 691.011
5 182.841 353.47
6 926.533 200.662
7 688.126 748.864
8 227.377 237.43
9 198.368 359.561
10 731.559 101.546
11 157.145 476.648
12 533.434 611.717
13 579.476 548.77
14 555.523 164.455
15 743.301 180.805
16 965.139 189.158
17 806.288 716.5
18 598.586 366.597
19 172.063 275.255
20 731.114 173.488
21 348.133 733.869
22 558.361 288.461
23 540.175 578.851
24 815.679 542.699
25 70.4019 162.442
26 533.504 166.348
27 476.427 361.584
28 103.588 701.973
29 873.992 772.117
30 284.356 755.873
31 664.735 759.377
32 582.35 28.143
33 56.4286 628.564
34 776.735 458.528
35 824.751 132.506
36 122.414 555.782
37 172.035 71.2005
38 830.913 647.867
39 411.821 503.639
40 809.46 483.006
41 402.752 600.075
42 426.508 173.002
43 470.505 429.232
44 863.779 203.79
45 979.17 500.86
46 950.389 449.386
47 641.069 600.33
48 445.757 359.856
49 757.201 554.398
Step 26 0.1
0 265.99 517.526
1 651.281 70.3534
2 593.315 316.968
3 842.206 339.702
4 258.404 690.749
5 183.461 352.681
6 917.674 203.016
7 692.092 745.289
8 231.25 236.083
9 199.912 360.297
10 735.718 103.421
11 159.537 478.447
12 532.123 615.605
13 575.385 544.963
14 554.067 167.261
15 743.795 186.79
16 961.28 187.798
17 806.681 712.988
18 601.502 362.132
19 170.985 272.655
20 729.443 175.979
21 344.016 730.165
22 554.299 293.011
23 536.353 579.758
24 817.843 543.254
25 71.8693 166.975
26 536.239 167.928
27 472.854 362.261
28 104.846 704.224
29 869.898 768.913
30 282.78 752.657
31 666.019 757.708
32 581.811 26.4188
33 61.9241 626.392
34 780.465 454.178
35 824.119 134.718
36 119.827 552.625
37 175.618 73.7865
38 834.539 651.991
39 408.402 501.323
40 807.327 478.347
41 403.303 602.06
42 422.254 173.514
43 468.45 433.039
44 863.905 206.413
45 974.234 496.226
46 946.378 452.194
47 637.592 596.38
48 445.768 363.018
49 756.576 550.52
Step 27 0.1
0 265.985 516.542
1 649.357 73.6141
2 591.221 319.369
3 845.24 344.298
4 259.556 690.488
5 184.081 351.891
6 908.815 205.37
7 696.058 741.715
8 235.124 234.736
9 201.457 361.033
10 739.876 105.297
11 161.93 480.246
12 530.813 619.494
13 571.295 541.156
14 552.61 170.067
15 744.869 193.137
16 957.422 186.438
17 807.074 709.476
18 604.419 357.667
19 169.907 270.056
20 727.169 178.093
21 339.899 726.46
22 550.236 297.56
23 532.532 580.664
24 820.007 543.809
25 73.3367 171.508
26 538.973 169.509
27 469.281 362.938
28 106.105 706.474
29 865.803 765.709
30 281.205 749.441
31 667.303 756.04
32 581.272 24.6947
33 67.4195 624.22
34 784.195 449.828
35 823.487 136.931
36 117.24 549.469
37 179.2 76.3724
38 838.166 656.115
39 404.982 499.008
40 805.193 473.688
41 403.853 604.045
42 418.001 174.027
43 466.394 436.846
44 864.031 209.035
45 969.297 491.591
46 942.367 455.002
47 634.116 592.429
48 445.779 366.18
49 755.95 546.641
Step 28 0.1
0 265.98 515.558
1 647.433 76.8748
2 589.128 321.77
3 848.274 348.894
4 260.709 690.227
5 184.701 351.102
6 899.956 207.723
7 700.024 738.14
8 238.998 233.389
9 203.001 361.769
10 744.035 107.172
11 164.322 482.044
12 529.503 623.383
13 567.204 537.349
14 551.154 172.872
15 745.943 199.485
16 953.563 185.077
17 807.467 705.964
18 607.335 353.201
19 168.829 267.456
20 724.895 180.207
21 335.783 722.756
22 546.174 302.109
23 528.71 581.571
24 822.171 544.364
25 74.8042 176.041
26 541.707 171.089
27 465.707 363.615
28 107.364 708.725
29 861.709 762.505
30 279.629 746.225
31 668.588 754.372
32 580.734 22.9705
33 72.9149 622.047
34 787.924 445.478
35 822.855 139.143
36 114.652 546.313
37 182.783 78.9583
38 841.793 660.239
39 401.563 496.692
40 803.06 469.029
41 404.404 606.031
42 413.748 174.539
43 464.339 440.653
44 864.157 211.658
45 964.36 486.957
46 938.355 457.81
47 630.639 588.479
48 445.79 369.342
49 755.325 542.763
Step 29 0.1
0 265.975 514.574
1 645.509 80.1356
2 587.034 324.171
3 851.308 353.49
4 261.862 689.966
5 185.321 350.312
6 891.097 210.077
7 703.99 734.565
8 242.872 232.042
9 204.546 362.505
10 748.193 109.048
11 166.715 483.843
12 528.192 627.271
13 563.113 533.541
14 551.339 176.252
15 747.018 205.832
16 949.705 183.717
17 807.86 702.452
18 610.251 348.736
19 167.751 264.857
20 722.62 182.321
21 331.666 719.052
22 542.111 306.659
23 524.888 582.477
24 824.335 544.919
25 76.2716 180.574
26 543.174 172.226
27 462.134 364.292
28 108.622 710.976
29 857.615 759.301
30 278.053 743.01
31 669.872 752.704
32 580.195 21.2463
33 78.4104 619.875
34 791.654 441.128
35 822.223 141.356
36 112.065 543.157
37 186.365 81.5442
38 845.419 664.363
39 398.143 494.376
40 800.927 464.37
41 404.955 608.016
42 409.495 175.051
43 462.284 444.46
44 864.283 214.28
45 959.424 482.322
46 934.344 460.618
47 627.163 584.528
48 445.801 372.504
49 754.7 538.885
Step 30 0.1
0 265.97 513.59
1 643.585 83.3963
2 584.941 326.573
3 854.341 358.086
4 263.014 689.704
5 185.941 349.523
6 882.238 212.431
7 707.956 730.991
8 246.746 230.695
9 206.091 363.241
10 752.352 110.923
11 169.107 485.642
12 526.882 631.16
13 559.023 529.734
14 553.664 180.381
15 748.092 212.18
16 945.846 182.357
17 808.253 698.941
18 613.168 344.271
19 166.673 262.257
20 720.346 184.435
21 327.549 715.347
22 538.049 311.208
23 521.066 583.384
24 826.499 545.474
25 77.7391 185.107
26 542.987 172.784
27 458.561 364.969
28 109.881 713.227
29 853.52 756.097
30 276.478 739.794
31 671.156 751.036
32 579.656 19.5221
33 83.9058 617.703
34 795.384 436.778
35 821.591 143.568
36 109.477 540.001
37 189.948 84.1302
38 849.046 668.487
39 394.724 492.06
40 798.793 459.711
41 405.505 610.001
42 405.241 175.564
43 460.228 448.268
44 864.408 216.903
45 954.487 477.688
46 930.333 463.426
47 623.686 580.577
48 445.812 375.667
49 754.075 535.006
Step 31 0.1
0 265.964 512.606
1 641.661 86.657
2 582.847 328.974
3 857.375 362.682
4 264.167 689.443
5 186.561 348.734
6 875.609 213.812
7 711.922 727.416
8 250.62 229.348
9 207.635 363.977
10 756.51 112.798
11 171.5 487.441
12 525.572 635.049
13 554.932 525.927
14 555.989 184.51
15 749.166 218.527
16 941.987 180.997
17 808.646 695.429
18 616.084 339.806
19 165.595 259.658
20 718.072 186.549
21 323.433 711.643
22 533.986 315.758
23 517.244 584.29
24 828.663 546.029
25 79.2065 189.64
26 542.8 173.342
27 454.988 365.646
28 111.139 715.477
29 849.426 752.893
30 274.902 736.578
31 672.44 749.368
32 579.117 17.798
33 89.4012 615.531
34 799.114 432.428
35 820.959 145.781
36 106.89 536.844
37 193.531 86.7161
38 852.672 672.611
39 391.304 489.744
40 796.66 455.052
41 406.056 611.986
42 400.988 176.076
43 458.173 452.075
44 863.612 219.927
45 949.55 473.053
46 926.322 466.234
47 620.21 576.627
48 445.823 378.829
49 753.449 531.128
Step 32 0.1
0 265.959 511.622
1 639.737 89.9177
2 580.753 331.375
3 860.409 367.278
4 265.32 689.182
5 187.18 347.944
6 877.291 211.571
7 715.888 723.842
8 254.493 228.001
9 209.18 364.713
10 760.669 114.674
11 173.892 489.239
12 524.261 638.937
13 550.841 522.12
14 558.314 188.639
15 750.241 224.875
16 938.129 179.637
17 809.039 691.917
18 619 335.341
19 164.517 257.059
20 715.797 188.663
21 319.316 707.939
22 529.924 320.307
23 513.423 585.197
24 830.827 546.584
25 80.6739 194.173
26 542.612 173.9
27 451.415 366.323
28 112.398 717.728
29 845.332 749.689
30 273.326 733.362
31 673.725 747.699
32 578.579 16.0738
33 94.8967 613.358
34 802.844 428.078
35 820.327 147.993
36 104.302 533.688
37 197.113 89.302
38 856.299 676.735
39 387.884 487.428
40 794.527 450.393
41 406.607 613.971
42 396.735 176.588
43 456.118 455.882
44 859.375 224.451
45 944.613 468.418
46 922.311 469.042
47 616.733 572.676
48 445.833 381.991
49 752.824 527.249
Step 33 0.1
0 265.954 510.638
1 637.812 93.1785
2 578.66 333.776
3 863.442 371.874
4 266.472 688.921
5 187.8 347.155
6 878.973 209.33
7 719.854 720.267
8 258.367 226.654
9 210.724 365.449
10 764.827 116.549
11 176.285 491.038
12 522.951 642.826
13 546.751 518.313
14 560.638 192.768
15 751.315 231.223
16 934.27 178.277
17 809.432 688.405
18 621.917 330.876
19 163.439 254.459
20 713.523 190.777
21 315.199 704.234
22 525.861 324.857
23 509.601 586.104
24 832.991 547.139
25 82.1414 198.706
26 542.425 174.458
27 447.842 367
28 113.656 719.979
29 841.238 746.485
30 271.751 730.146
31 675.009 746.031
32 578.04 14.3496
33 100.392 611.186
34 806.574 423.728
35 819.695 150.206
36 101.715 530.532
37 200.696 91.888
38 859.926 680.86
39 384.465 485.112
40 792.393 445.734
41 407.157 615.957
42 392.482 177.101
43 454.062 459.689
44 855.138 228.975
45 939.677 463.784
46 918.3 471.85
47 613.257 568.726
48 445.844 385.153
49 752.199 523.371
Step 34 0.1
0 265.949 509.655
1 635.888 96.4392
2 576.566 336.178
3 866.476 376.47
4 267.625 688.659
5 188.42 346.365
6 880.655 207.089
7 723.819 716.692
8 262.241 225.307
9 212.269 366.185
10 768.986 118.425
11 178.677 492.837
12 521.641 646.714
13 542.66 514.506
14 562.963 196.897
15 752.39 237.57
16 930.412 176.917
17 809.825 684.893
18 624.833 326.411
19 162.361 251.86
20 711.249 192.891
21 311.082 700.53
22 521.799 329.406
23 505.779 587.01
24 835.155 547.694
25 83.6088 203.24
26 542.238 175.016
27 444.269 367.676
28 114.915 722.229
29 837.143 743.281
30 270.175 726.93
31 676.293 744.363
32 577.501 12.6254
33 105.888 609.014
34 810.303 419.378
35 819.062 152.418
36 99.1275 527.376
37 204.279 94.4739
38 863.552 684.984
39 381.045 482.796
40 790.26 441.075
41 407.708 617.942
42 388.228 177.613
43 452.007 463.496
44 850.902 233.499
45 934.74 459.149
46 914.288 474.658
47 609.78 564.775
48 445.855 388.315
49 751.574 519.493
Step 35 0.1
0 265.944 508.671
1 633.964 99.6999
2 574.473 338.579
3 869.51 381.066
4 268.778 688.398
5 189.04 345.576
6 882.336 204.848
7 727.785 713.118
8 266.115 223.96
9 213.814 366.921
10 773.144 120.3
11 181.07 494.635
12 520.331 650.603
13 538.57 510.698
14 565.288 201.026
15 753.464 243.918
16 926.553 175.557
17 810.218 681.381
18 627.749 321.945
19 161.283 249.26
20 708.974 195.005
21 306.966 696.826
22 517.736 333.956
23 501.957 587.917
24 837.318 548.25
25 85.0763 207.773
26 542.051 175.574
27 440.696 368.353
28 116.174 724.48
29 833.049 740.077
30 268.599 723.715
31 677.577 742.695
32 576.962 10.9013
33 111.383 606.842
34 814.033 415.029
35 818.43 154.631
36 96.54 524.22
37 207.861 97.0598
38 867.179 689.108
39 377.626 480.48
40 788.127 436.417
41 408.258 619.927
42 383.975 178.125
43 449.952 467.303
44 846.665 238.023
45 929.803 454.515
46 910.277 477.466
47 606.303 560.824
48 445.866 391.477
49 750.948 515.614
Step 36 0.1
0 265.939 507.687
1 632.04 102.961
2 572.379 340.98
3 872.543 385.662
4 269.93 688.137
5 189.66 344.787
6 884.018 202.607
7 731.751 709.543
8 269.989 222.613
9 215.358 367.657
10 777.302 122.176
11 183.462 496.434
12 519.02 654.492
13 534.479 506.891
14 567.613 205.155
15 754.538 250.265
16 922.695 174.197
17 810.611 677.869
18 630.666 317.48
19 160.205 246.661
20 706.7 197.119
21 302.849 693.121
22 513.674 338.505
23 498.136 588.823
24 839.482 548.805
25 86.5437 212.306
26 541.864 176.132
27 437.122 369.03
28 117.432 726.731
29 828.955 736.873
30 267.024 720.499
31 678.862 741.027
32 576.424 9.17709
33 116.878 604.669
34 817.763 410.679
35 817.798 156.843
36 93.9526 521.063
37 211.444 99.6458
38 870.805 693.232
39 374.206 478.164
40 785.993 431.758
41 408.809 621.912
42 379.722 178.638
43 447.897 471.11
44 842.428 242.547
45 924.866 449.88
46 906.266 480.274
47 602.827 556.874
48 445.877 394.639
49 750.323 511.736
Step 37 0.1
0 265.933 506.703
1 630.116 106.221
2 570.285 343.382
3 875.577 390.258
4 271.083 687.875
5 190.28 343.997
6 885.7 200.366
7 735.717 705.969
8 273.863 221.266
9 216.903 368.393
10 781.461 124.051
11 185.855 498.233
12 517.71 658.38
13 530.388 503.084
14 569.937 209.284
15 755.613 256.613
16 918.836 172.837
17 811.004 674.357
18 633.582 313.015
19 159.127 244.061
20 704.426 199.233
21 298.732 689.417
22 509.611 343.055
23 494.314 589.73
24 841.646 549.36
25 88.0111 216.839
26 541.677 176.69
27 433.549 369.707
28 118.691 728.981
29 824.86 733.669
30 265.448 717.283
31 680.146 739.358
32 575.885 10.4914
33 122.374 602.497
34 821.493 406.329
35 817.166 159.056
36 91.3651 517.907
37 215.026 102.232
38 874.432 697.356
39 370.787 475.848
40 783.86 427.099
41 409.36 623.897
42 375.468 179.15
43 445.841 474.917
44 838.192 247.071
45 919.93 445.246
46 902.255 483.082
47 599.35 552.923
48 445.888 397.801
49 749.698 507.858
Step 38 0.1
0 265.928 505.719
1 628.192 109.482
2 568.192 345.783
3 878.611 394.854
4 272.236 687.614
5 190.9 343.208
6 887.382 198.125
7 739.683 702.394
8 277.736 219.919
9 218.447 369.129
10 785.619 125.927
11 188.247 500.032
12 516.4 662.269
13 526.298 499.277
14 572.262 213.413
15 756.687 262.96
16 914.977 171.477
17 811.397 670.845
18 636.499 308.55
19 158.049 241.462
20 702.152 201.347
21 294.616 685.713
22 505.549 347.604
23 490.492 590.636
24 843.81 549.915
25 89.4786 221.372
26 541.49 177.248
27 429.976 370.384
28 119.949 731.232
29 820.766 730.465
30 263.872 714.067
31 681.43 737.69
32 575.346 12.2156
33 127.869 600.325
34 825.223 401.979
35 816.534 161.268
36 88.7777 514.751
37 218.609 104.818
38 878.059 701.48
39 367.367 473.532
40 781.726 422.44
41 409.91 625.883
42 371.215 179.662
43 443.786 478.724
44 833.955 251.595
45 914.993 440.611
46 898.244 485.89
47 595.874 548.972
48 445.899 400.964
49 749.073 503.979
Step 39 0.1
0 265.923 504.735
1 626.268 112.743
2 566.098 348.184
3 881.645 399.45
4 273.388 687.353
5 191.519 342.418
6 889.064 195.884
7 743.649 698.819
8 281.61 218.572
9 219.992 369.865
10 789.778 127.802
11 190.64 501.83
12 515.089 666.158
13 522.207 495.47
14 574.587 217.542
15 757.761 269.308
16 911.119 170.117
17 811.79 667.333
18 639.415 304.085
19 156.971 238.862
20 699.877 203.461
21 290.499 682.008
22 501.486 352.154
23 486.67 591.543
24 845.974 550.47
25 90.946 225.905
26 541.303 177.806
27 426.403 371.061
28 121.208 733.483
29 816.672 727.261
30 262.297 710.851
31 682.714 736.022
32 574.807 13.9398
33 133.365 598.153
34 828.953 397.629
35 815.902 163.481
36 86.1902 511.595
37 222.192 107.404
38 881.685 705.604
39 363.947 471.217
40 779.593 417.781
41 410.461 627.868
42 366.962 180.175
43 441.731 482.531
44 829.718 256.12
45 910.056 435.977
46 894.233 488.698
47 592.397 545.022
48 445.91 404.126
49 748.448 500.101
Step 40 0.1
0 265.918 503.751
1 624.344 116.004
2 564.005 350.585
3 884.678 404.046
4 274.292 687.23
5 192.139 341.629
6 890.746 193.643
7 747.615 695.245
8 285.484 217.225
9 221.537 370.6
10 793.936 129.678
11 193.032 503.629
12 513.779 670.046
13 518.117 491.662
14 576.912 221.671
15 758.836 275.655
16 907.26 168.757
17 812.183 663.822
18 642.331 299.62
19 155.893 236.263
20 697.603 205.575
21 287.936 677.443
22 497.424 356.703
23 482.848 592.449
24 848.138 551.025
25 92.4135 230.438
26 541.116 178.364
27 422.83 371.738
28 122.466 735.734
29 812.578 724.057
30 260.721 707.635
31 683.999 734.354
32 574.269 15.6639
33 138.86 595.98
34 832.682 393.279
35 815.27 165.693
36 83.6028 508.438
37 225.774 109.989
38 885.312 709.728
39 360.528 468.901
40 777.46 413.122
41 411.012 629.853
42 362.709 180.687
43 439.675 486.338
44 825.482 260.644
45 905.12 431.342
46 890.221 491.506
47 588.921 541.071
48 445.92 407.288
49 747.822 496.222
Step 41 0.1
0 265.913 502.767
1 622.419 119.264
2 561.911 352.987
3 887.712 408.642
4 274.733 687.362
5 192.759 340.84
6 892.428 191.402
7 751.581 691.67
8 289.358 215.878
9 223.081 371.336
10 798.095 131.553
11 195.424 505.428
12 512.469 673.935
13 514.026 487.855
14 579.236 225.8
15 759.91 282.003
16 903.402 167.397
17 812.576 660.31
18 645.248 295.155
19 154.815 233.664
20 695.329 207.689
21 288.254 671.283
22 493.361 361.253
23 479.027 593.356
24 850.302 551.58
25 93.8809 234.971
26 540.928 178.922
27 419.257 372.415
28 123.725 737.984
29 808.483 720.853
30 259.145 704.42
31 685.283 732.686
32 573.73 17.3881
33 144.356 593.808
34 836.412 388.929
35 814.638 167.906
36 81.0153 505.282
37 229.357 112.575
38 888.938 713.852
39 357.108 466.585
40 775.326 408.463
41 411.562 631.838
42 358.455 181.199
43 437.62 490.145
44 821.245 265.168
45 900.183 426.708
46 886.21 494.314
47 585.444 537.121
48 445.931 410.45
49 747.197 492.344
Step 42 0.1
0 265.908 501.783
1 620.495 122.525
2 559.818 355.388
3 890.746 413.238
4 275.175 687.495
5 193.379 340.05
6 894.11 189.16
7 755.547 688.096
8 293.232 214.531
9 224.626 372.072
10 802.253 133.429
11 197.817 507.227
12 511.158 677.824
13 509.935 484.048
14 581.561 229.929
15 760.984 288.35
16 899.543 166.037
17 812.969 656.798
18 648.164 290.689
19 153.737 231.064
20 693.054 209.803
21 288.573 665.122
22 489.299 365.802
23 475.205 594.262
24 852.466 552.135
25 95.3483 239.504
26 540.741 179.48
27 415.684 373.092
28 124.984 740.235
29 804.389 717.649
30 257.57 701.204
31 686.567 731.018
32 573.191 19.1123
33 149.851 591.636
34 840.142 384.579
35 814.006 170.118
36 78.4279 502.126
37 232.94 115.161
38 892.565 717.976
39 353.689 464.269
40 773.193 403.804
41 412.113 633.823
42 354.202 181.712
43 435.565 493.953
44 817.008 269.692
45 895.246 422.073
46 882.199 497.122
47 581.967 533.17
48 445.942 413.612
49 746.572 488.466
Step 43 0.1
0 265.902 500.799
1 618.571 125.786
2 557.724 357.789
3 888.277 406.947
4 275.616 687.628
5 193.999 339.261
6 895.792 186.919
7 759.513 684.521
8 297.106 213.184
9 226.17 372.808
10 806.412 135.304
11 200.209 509.025
12 509.848 681.712
13 505.845 480.241
14 583.886 234.058
15 762.059 294.698
16 895.685 164.677
17 813.362 653.286
18 651.08 286.224
19 152.659 228.465
20 690.78 211.917
21 288.891 658.961
22 485.236 370.352
23 471.383 595.169
24 854.63 552.69
25 96.8158 244.037
26 540.554 180.038
27 412.11 373.769
28 126.242 742.486
29 800.295 714.445
30 255.994 697.988
31 687.852 729.349
32 572.652 20.8365
33 155.346 589.464
34 843.872 380.229
35 813.374 172.331
36 75.8404 498.97
37 236.522 117.747
38 896.192 722.1
39 350.269 461.953
40 771.06 399.145
41 412.663 635.808
42 349.949 182.224
43 433.509 497.76
44 812.772 274.216
45 895.371 427.452
46 878.188 499.93
47 578.491 529.219
48 445.953 416.774
49 745.947 484.587
Step 44 0.1
0 265.897 499.815
1 616.647 129.046
2 555.63 360.19
3 885.75 400.541
4 276.058 687.76
5 194.619 338.471
6 897.474 184.678
7 763.479 680.946
8 300.979 211.837
9 227.715 373.544
10 810.57 137.18
11 202.602 510.824
12 508.538 685.601
13 501.754 476.434
14 586.211 238.187
15 763.133 301.045
16 891.826 163.316
17 813.755 649.774
18 653.997 281.759
19 151.581 225.865
20 688.506 214.031
21 289.209 652.801
22 481.174 374.901
23 467.561 596.075
24 856.794 553.245
25 98.2832 248.57
26 540.367 180.596
27 408.537 374.445
28 127.501 744.736
29 796.2 711.241
30 254.418 694.772
31 689.136 727.681
32 572.114 22.5606
33 160.842 587.291
34 847.602 375.879
35 812.742 174.543
36 73.253 495.814
37 240.105 120.333
38 899.818 726.224
39 346.85 459.637
40 768.926 394.486
41 413.214 637.794
42 345.695 182.736
43 431.454 501.567
44 808.535 278.74
45 895.549 432.938
46 874.177 502.738
47 575.014 525.269
48 445.964 419.936
49 745.321 480.709
Step 45 0.1
0 265.892 498.831
1 614.723 132.307
2 553.537 362.592
3 883.223 394.135
4 276.499 687.893
5 195.239 337.682
6 899.156 182.437
7 767.444 677.372
8 304.853 210.491
9 229.26 374.28
10 814.729 139.055
11 204.994 512.623
12 507.228 689.49
13 497.664 472.627
14 588.535 242.316
15 764.207 307.393
16 887.967 161.956
17 814.148 646.262
18 656.913 277.294
19 150.503 223.266
20 686.231 216.145
21 289.527 646.64
22 477.111 379.45
23 463.739 596.982
24 858.958 553.8
25 99.7507 253.103
26 540.18 181.154
27 404.964 375.122
28 128.759 746.987
29 792.106 708.037
30 252.843 691.556
31 690.42 726.013
32 571.575 24.2848
33 166.337 585.119
34 851.331 371.529
35 812.11 176.756
36 70.6656 492.657
37 243.687 122.919
38 903.445 730.348
39 343.43 457.321
40 766.793 389.827
41 413.765 639.779
42 341.442 183.249
43 429.399 505.374
44 804.299 283.264
45 895.727 438.423
46 870.166 505.546
47 571.538 521.318
48 445.975 423.098
49 744.696 476.83
Step 46 0.1
0 265.887 497.847
1 612.799 135.568
2 551.443 364.993
3 880.696 387.729
4 276.941 688.025
5 195.859 336.892
6 900.838 180.196
7 771.41 673.797
8 308.727 209.144
9 230.804 375.016
10 818.887 140.931
11 207.387 514.421
12 505.917 693.378
13 493.573 468.819
14 590.86 246.445
15 765.282 313.741
16 884.109 160.596
17 814.541 642.75
18 659.829 272.829
19 149.425 220.666
20 683.957 218.259
21 289.845 640.479
22 473.049 384
23 459.918 597.889
24 861.122 554.355
25 101.218 257.636
26 539.993 181.712
27 401.391 375.799
28 130.018 749.238
29 788.012 704.833
30 251.267 688.34
31 691.704 724.345
32 571.036 26.009
33 171.833 582.947
34 855.061 367.179
35 811.477 178.968
36 68.0781 489.501
37 247.27 125.505
38 907.071 734.472
39 340.011 455.005
40 764.66 385.169
41 414.315 641.764
42 337.189 183.761
43 427.344 509.181
44 800.062 287.788
45 895.905 443.909
46 866.155 508.354
47 568.061 517.368
48 445.986 426.261
49 744.071 472.952
Step 47 0.1
0 265.882 496.863
1 610.875 138.829
2 549.35 367.394
3 878.169 381.323
4 277.382 688.158
5 196.478 336.103
6 902.52 177.955
7 775.376 670.223
8 312.601 207.797
9 232.349 375.752
10 823.046 142.806
11 209.779 516.22
12 504.607 697.267
13 489.482 465.012
14 593.185 250.574
15 766.356 320.088
16 880.25 159.236
17 814.934 639.238
18 662.746 268.364
19 148.347 218.067
20 681.683 220.373
21 290.164 634.318
22 468.986 388.549
23 456.096 598.795
24 863.286 554.91
25 102.686 262.169
26 539.806 182.27
27 397.818 376.476
28 131.276 751.489
29 783.917 701.629
30 249.691 685.125
31 692.989 722.677
32 570.498 27.7332
33 177.328 580.775
34 858.791 362.829
35 810.845 181.181
36 65.4907 486.345
37 250.853 128.091
38 910.698 738.596
39 336.591 452.689
40 762.526 380.51
41 414.866 643.749
42 332.936 184.273
43 425.288 512.988
44 795.825 292.312
45 896.084 449.395
46 862.143 511.162
47 564.585 513.417
48 445.996 429.423
49 743.446 469.074
Step 48 0.1
0 265.877 495.879
1 608.951 142.089
2 547.256 369.795
3 875.642 374.917
4 277.824 688.291
5 197.098 335.314
6 904.202 175.714
7 779.342 666.648
8 316.475 206.45
9 233.893 376.488
10 827.204 144.682
11 212.172 518.019
12 503.297 701.155
13 485.392 461.205
14 595.509 254.703
15 767.43 326.436
16 876.392 157.876
17 815.327 635.726
18 665.662 263.898
19 147.269 215.467
20 679.408 222.487
21 290.482 628.158
22 464.924 393.099
23 452.274 599.702
24 865.45 555.466
25 104.153 266.702
26 539.619 182.828
27 394.245 377.153
28 132.535 753.739
29 779.823 698.425
30 248.116 681.909
31 694.273 721.009
32 569.959 29.4573
33 182.824 578.602
34 862.521 358.48
35 810.213 183.393
36 62.9032 483.189
37 254.435 130.677
38 914.325 742.72
39 333.171 450.373
40 760.393 375.851
41 415.417 645.734
42 328.682 184.785
43 423.233 516.795
44 791.589 296.836
45 896.262 454.88
46 858.132 513.97
47 561.108 509.466
48 446.007 432.585
49 742.82 465.195
Step 49 0.1
0 265.871 494.895
1 607.027 145.35
2 545.162 372.197
3 873.115 368.511
4 278.265 688.423
5 197.718 334.524
6 905.884 173.473
7 783.308 663.073
8 320.349 205.103
9 235.438 377.224
10 831.363 146.557
11 214.564 519.818
12 501.986 705.044
13 481.301 457.398
14 597.834 258.832
15 768.505 332.783
16 872.533 156.516
17 815.72 632.215
18 668.579 259.433
19 146.191 212.868
20 677.134 224.601
21 290.8 621.997
22 460.861 397.648
23 448.452 600.608
24 867.613 556.021
25 105.62 271.235
26 539.432 183.386
27 390.672 377.83
28 133.794 755.99
29 775.729 695.221
30 246.54 678.693
31 695.557 719.34
32 569.42 31.1815
33 188.319 576.43
34 866.251 354.13
35 809.581 185.606
36 60.3158 480.033
37 258.018 133.263
38 917.951 746.844
39 329.752 448.057
40 758.26 371.192
41 415.967 647.72
42 324.429 185.298
43 421.178 520.602
44 787.352 301.36
45 896.44 460.366
46 854.121 516.778
47 557.632 505.516
48 446.018 435.747
49 742.195 461.317
Step 50 0.1
0 265.866 493.911
1 605.102 148.611
2 543.069 374.598
3 870.588 362.105
4 278.707 688.556
5 198.338 333.735
6 907.565 171.232
7 787.274 659.499
8 324.222 203.756
9 236.983 377.96
10 835.521 148.433
11 216.957 521.616
12 500.676 708.933
13 477.211 453.591
14 600.159 262.961
15 769.579 339.131
16 868.674 155.156
17 816.113 628.703
18 671.495 254.968
19 145.113 210.269
20 674.86 226.715
21 291.118 615.836
22 456.799 402.198
23 444.63 601.515
24 869.777 556.576
25 107.088 275.769
26 539.245 183.944
27 387.099 378.507
28 135.052 758.241
29 771.635 692.017
30 244.964 675.477
31 696.841 717.672
32 568.881 32.9057
33 193.814 574.258
34 869.981 349.78
35 808.949 187.818
36 57.7283 476.876
37 261.601 135.849
38 921.578 750.968
39 326.332 445.741
40 756.126 366.533
41 416.518 649.705
42 320.176 185.81
43 419.122 524.409
44 783.115 305.884
45 896.618 465.852
46 850.11 519.586
47 554.155 501.565
48 446.029 438.909
49 741.57 457.439
Step 51 0.1
0 265.861 492.927
1 603.178 151.871
2 540.975 376.999
3 868.061 355.699
4 279.148 688.688
5 198.958 332.945
6 909.247 168.991
7 791.24 655.924
8 328.096 202.409
9 238.527 378.696
10 839.68 150.308
11 219.349 523.415
12 499.366 712.821
13 473.12 449.784
14 602.484 267.09
15 770.653 345.478
16 864.816 153.796
17 816.506 625.191
18 674.411 250.503
19 144.035 207.669
20 672.585 228.829
21 291.436 609.676
22 452.736 406.747
23 440.809 602.421
24 871.941 557.131
25 108.555 280.302
26 539.057 184.502
27 383.525 379.184
28 136.311 760.491
29 767.54 688.813
30 243.389 672.261
31 698.126 716.004
32 568.343 34.6299
33 199.31 572.086
34 873.71 345.43
35 808.317 190.031
36 55.1409 473.72
37 265.183 138.435
38 925.204 755.092
39 322.913 443.426
40 753.993 361.874
41 417.069 651.69
42 315.923 186.322
43 417.067 528.216
44 778.879 310.408
45 896.797 471.337
46 846.099 522.394
47 550.678 497.615
48 446.04 442.071
49 740.945 453.56
Step 52 0.1
0 265.856 491.943
1 601.254 155.132
2 538.882 379.4
3 865.534 349.293
4 279.59 688.821
5 199.578 332.156
6 910.929 166.749
7 795.206 652.35
8 331.97 201.062
9 240.072 379.432
10 843.838 152.184
11 221.742 525.214
12 498.055 716.71
13 469.029 445.976
14 604.808 271.219
15 771.728 351.826
16 860.957 152.436
17 816.899 621.679
18 677.328 246.038
19 142.957 205.07
20 670.311 230.943
21 291.755 603.515
22 448.674 411.297
23 436.987 603.328
24 874.105 557.686
25 110.023 284.835
26 538.87 185.06
27 379.952 379.861
28 137.569 762.742
29 763.446 685.609
30 241.813 669.045
31 699.41 714.336
32 567.804 36.354
33 204.805 569.913
34 877.44 341.08
35 807.685 192.243
36 52.5534 470.564
37 268.766 141.021
38 928.831 759.216
39 319.493 441.11
40 751.859 357.215
41 417.619 653.675
42 311.669 186.835
43 415.012 532.023
44 774.642 314.932
45 896.975 476.823
46 842.088 525.202
47 547.202 493.664
48 446.051 445.233
49 740.319 449.682
Step 53 0.1
0 265.851 490.959
1 599.33 158.393
2 536.788 381.802
3 863.007 342.887
4 280.031 688.954
5 200.198 331.367
6 912.611 164.508
7 799.172 648.775
8 335.844 199.715
9 241.616 380.168
10 847.996 154.059
11 224.134 527.012
12 496.745 720.599
13 464.939 442.169
14 607.133 275.348
15 772.802 358.173
16 857.099 151.076
17 817.292 618.167
18 680.244 241.573
19 141.879 202.47
20 668.037 233.057
21 292.073 597.354
22 444.611 415.846
23 433.165 604.234
24 876.269 558.241
25 111.49 289.368
26 538.683 185.618
27 376.379 380.538
28 138.828 764.993
29 759.352 682.405
30 240.237 665.83
31 700.694 712.668
32 567.265 38.0782
33 210.301 567.741
34 881.17 336.73
35 807.053 194.456
36 49.966 467.408
37 272.348 143.607
38 932.458 763.34
39 316.074 438.794
40 749.726 352.556
41 418.17 655.66
42 307.416 187.347
43 412.957 535.83
44 770.405 319.456
45 897.153 482.309
46 838.076 528.01
47 543.725 489.713
48 446.062 448.396
49 739.694 445.803
Step 54 0.1
0 265.846 489.975
1 597.406 161.654
2 534.695 384.203
3 860.48 336.481
4 280.473 689.086
5 200.817 330.577
6 914.293 162.267
7 803.138 645.2
8 339.718 198.368
9 243.161 380.904
10 852.155 155.935
11 226.527 528.811
12 495.435 724.487
13 460.848 438.362
14 609.458 279.477
15 773.876 364.521
16 853.24 149.716
17 817.685 614.655
18 683.16 237.108
19 140.801 199.871
20 665.763 235.171
21 292.391 591.194
22 440.549 420.396
23 429.343 605.141
24 878.433 558.796
25 112.958 293.901
26 538.496 186.176
27 372.806 381.214
28 140.086 767.244
29 755.257 679.201
30 238.662 662.614
31 701.978 711
32 566.726 39.8024
33 215.796 565.569
34 884.9 332.38
35 806.421 196.668
36 47.3786 464.251
37 275.931 146.192
38 936.084 767.464
39 312.654 436.478
40 747.593 347.897
41 418.72 657.646
42 303.163 187.859
43 410.901 539.638
44 766.169 323.98
45 897.332 487.794
46 834.065 530.818
47 540.249 485.763
48 446.072 451.558
49 739.069 441.925
Step 55 0.1
0 265.84 488.991
1 595.482 164.914
2 532.601 386.604
3 857.953 330.075
4 280.915 689.219
5 201.437 329.788
6 915.975 160.026
7 807.104 641.626
8 343.591 197.021
9 244.706 381.639
10 856.313 157.81
11 228.919 530.61
12 494.124 728.376
13 456.758 434.555
14 611.783 283.606
15 774.951 370.868
16 849.382 148.356
17 818.078 611.143
18 686.077 232.642
19 139.723 197.271
20 663.488 237.285
21 292.709 585.033
22 436.486 424.945
23 425.521 606.047
24 880.597 559.351
25 114.425 298.434
26 538.309 186.734
27 369.233 381.891
28 141.345 769.494
29 751.163 675.997
30 237.086 659.398
31 703.263 709.331
32 566.188 41.5266
33 221.292 563.397
34 888.63 328.03
35 805.789 198.88
36 44.7911 461.095
37 279.514 148.778
38 939.711 771.588
39 309.234 434.162
40 745.459 343.238
41 419.271 659.631
42 298.909 188.372
43 408.846 543.445
44 761.932 328.504
45 897.51 493.28
46 830.054 533.626
47 536.772 481.812
48 446.083 454.72
49 738.444 438.047
Step 56 0.1
0 265.835 488.007
1 593.558 168.175
2 530.507 389.006
3 855.426 323.669
4 281.356 689.351
5 202.057 328.998
6 917.657 157.785
7 811.07 638.051
8 347.465 195.674
9 246.25 382.375
10 860.472 159.686
11 231.312 532.409
12 492.814 732.265
13 452.667 430.748
14 614.107 287.735
15 776.025 377.216
16 845.523 146.996
17 818.471 607.631
18 688.993 228.177
19 138.645 194.672
20 661.214 239.399
21 293.027 578.872
22 432.424 429.495
23 421.7 606.954
24 882.761 559.906
25 115.892 302.967
26 538.122 187.292
27 365.66 382.568
28 142.604 771.745
29 747.069 672.793
30 235.51 656.182
31 704.547 707.663
32 565.649 43.2507
33 226.787 561.225
34 892.36 323.68
35 805.157 201.093
36 42.2037 457.939
37 283.096 151.364
38 943.338 775.713
39 305.815 431.846
40 742.583 338.959
41 419.822 661.616
42 294.656 188.884
43 406.791 547.252
44 759.343 332.186
45 897.688 498.766
46 826.043 536.434
47 533.296 477.861
48 446.094 457.882
49 737.819 434.168
Step 57 0.1
0 265.83 487.023
1 591.634 171.436
2 528.414 391.407
3 852.899 317.263
4 281.798 689.484
5 202.677 328.209
6 919.339 155.544
7 815.035 634.477
8 351.339 194.327
9 247.795 383.111
10 864.63 161.561
11 233.704 534.207
12 491.504 736.153
13 448.576 426.94
14 616.432 291.864
15 777.099 383.563
16 841.664 145.636
17 818.864 604.119
18 691.909 223.712
19 137.567 192.072
20 658.94 241.513
21 293.346 572.712
22 428.361 434.044
23 417.878 607.861
24 884.925 560.461
25 117.36 307.5
26 537.935 187.85
27 362.087 383.245
28 143.862 773.996
29 742.975 669.589
30 233.935 652.966
31 705.831 705.995
32 565.11 44.9749
33 232.282 559.052
34 896.089 319.33
35 804.525 203.305
36 39.6162 454.783
37 286.679 153.95
38 946.964 779.837
39 302.395 429.53
40 737.1 336.013
41 420.372 663.601
42 290.403 189.396
43 404.735 551.059
44 762.536 332.91
45 897.866 504.251
46 822.032 539.242
47 529.819 473.911
48 446.105 461.044
49 737.193 430.29
Step 58 0.1
0 265.825 486.039
1 589.71 174.697
2 526.32 393.808
3 850.373 310.857
4 282.239 689.617
5 203.297 327.42
6 921.021 153.303
7 819.001 630.902
8 355.213 192.98
9 249.339 383.847
10 868.789 163.437
11 236.097 536.006
12 490.194 740.042
13 444.486 423.133
14 618.757 295.993
15 778.174 389.911
16 837.806 144.276
17 819.257 600.608
18 694.826 219.247
19 136.489 189.473
20 656.665 243.627
21 293.664 566.551
22 424.299 438.594
23 414.056 608.767
24 887.089 561.016
25 118.827 312.033
26 537.748 188.408
27 358.513 383.922
28 145.121 776.246
29 738.88 666.385
30 232.359 649.75
31 707.116 704.327
32 564.571 46.6991
33 237.778 556.88
34 899.819 314.98
35 803.893 205.518
36 37.0288 451.627
37 290.262 156.536
38 950.591 783.961
39 298.976 427.214
40 731.617 333.068
41 420.923 665.586
42 286.15 189.909
43 402.68 554.866
44 765.73 333.634
45 898.045 509.737
46 818.021 542.05
47 526.343 469.96
48 446.116 464.206
49 736.568 426.412
Step 59 0.1
0 265.82 485.055
1 587.785 177.957
2 524.227 396.209
3 847.846 304.451
4 282.681 689.749
5 203.917 326.63
6 922.703 151.062
7 822.967 627.328
8 359.087 191.633
9 250.884 384.583
10 872.947 165.312
11 238.453 537.671
12 488.883 743.931
13 440.395 419.326
14 621.082 300.122
15 779.248 396.258
16 833.947 142.916
17 819.65 597.096
18 697.742 214.782
19 135.411 186.873
20 654.391 245.741
21 293.982 560.39
22 420.236 443.143
23 410.234 609.674
24 889.253 561.571
25 120.295 316.566
26 537.561 188.966
27 354.94 384.599
28 146.379 778.497
29 734.786 663.181
30 230.783 646.535
31 708.4 702.659
32 564.033 48.4232
33 243.306 554.827
34 903.549 310.63
35 803.26 207.73
36 34.4413 448.47
37 293.844 159.122
38 954.217 788.085
39 295.556 424.898
40 726.134 330.122
41 421.474 667.572
42 281.896 190.421
43 400.625 558.673
44 768.923 334.358
45 898.223 515.223
46 814.009 544.858
47 522.866 466.01
48 446.127 467.368
49 735.943 422.533
Step 60 0.1
0 265.815 484.071
1 585.861 181.218
2 522.133 398.611
3 845.319 298.045
4 283.122 689.882
5 204.537 325.841
6 924.385 148.821
7 826.933 623.753
8 362.961 190.286
9 252.429 385.319
10 877.106 167.188
11 240.005 536.384
12 487.573 747.819
13 436.305 415.519
14 623.406 304.251
15 780.322 402.606
16 830.089 141.556
17 820.043 593.584
18 700.658 210.317
19 134.333 184.274
20 652.117 247.855
21 294.3 554.229
22 416.174 447.692
23 406.412 610.58
24 891.417 562.126
25 121.762 321.099
26 537.374 189.524
27 351.367 385.276
28 147.638 780.748
29 730.692 659.977
30 229.208 643.319
31 709.684 700.99
32 563.494 50.1474
33 249.546 555.39
34 907.279 306.28
35 802.628 209.943
36 31.8539 445.314
37 297.427 161.708
38 957.844 791.86
39 292.137 422.582
40 720.651 327.176
41 422.024 669.557
42 277.643 190.933
43 398.569 562.48
44 772.117 335.082
45 898.401 520.708
46 809.998 547.666
47 519.389 462.059
48 446.138 470.53
49 735.318 418.655
Step 61 0.1
0 265.809 483.087
1 583.937 184.479
2 520.04 401.012
3 842.792 291.639
4 283.564 690.014
5 205.157 325.051
6 926.067 146.58
7 830.899 620.178
8 366.834 188.939
9 253.973 386.055
10 881.264 169.063
11 241.558 535.098
12 486.263 751.708
13 432.214 411.712
14 625.731 308.38
15 781.397 408.954
16 826.23 140.195
17 820.436 590.072
18 703.575 205.852
19 133.255 181.675
20 649.842 249.969
21 294.618 548.069
22 412.111 452.242
23 402.591 611.487
24 893.581 562.682
25 123.23 325.632
26 537.186 190.082
27 347.794 385.953
28 148.896 782.999
29 726.597 656.773
30 227.632 640.103
31 710.968 699.322
32 562.955 51.8716
33 255.786 555.953
34 911.009 301.93
35 801.996 212.155
36 29.2664 442.158
37 301.009 164.294
38 961.471 787.736
39 288.717 420.266
40 715.168 324.23
41 422.575 671.542
42 273.39 191.446
43 396.514 566.287
44 775.31 335.807
45 898.579 526.194
46 805.987 550.474
47 515.913 458.108
48 446.149 473.693
49 734.692 414.776
Step 62 0.1
0 265.804 482.103
1 582.013 187.739
2 517.946 403.413
3 840.265 285.233
4 284.005 690.147
5 205.776 324.262
6 927.749 144.338
7 834.865 616.604
8 370.708 187.592
9 255.518 386.791
10 885.423 170.939
11 243.11 533.812
12 484.952 755.596
13 428.123 407.905
14 628.056 312.509
15 782.471 415.301
16 822.371 138.835
17 820.829 586.56
18 706.491 201.386
19 132.177 179.075
20 647.568 252.083
21 294.937 541.908
22 408.049 456.791
23 398.769 612.393
24 895.745 563.237
25 124.697 330.165
26 536.999 190.64
27 344.221 386.63
28 150.155 785.249
29 722.503 653.569
30 226.056 636.887
31 712.253 697.654
32 562.416 53.5958
33 262.027 556.517
34 914.738 297.581
35 801.364 214.368
36 26.679 439.002
37 304.592 166.88
38 965.097 783.612
39 285.298 417.95
40 709.685 321.284
41 423.125 673.527
42 269.137 191.958
43 394.459 570.094
44 778.504 336.531
45 898.758 531.68
46 801.976 553.282
47 512.436 454.158
48 446.159 476.855
49 734.067 410.898
Step 63 0.1
0 265.799 481.119
1 580.089 191
2 515.852 405.814
3 837.738 278.827
4 284.447 690.28
5 206.396 323.472
6 929.431 142.097
7 838.831 613.029
8 374.582 186.245
9 257.062 387.527
10 889.581 172.814
11 244.662 532.525
12 483.642 759.485
13 424.033 404.097
14 630.381 316.638
15 783.545 421.649
16 818.513 137.475
17 821.222 583.048
18 709.408 196.921
19 131.099 176.476
20 645.294 254.197
21 295.255 535.747
22 403.986 461.341
23 394.947 613.3
24 897.908 563.792
25 126.165 334.698
26 536.812 191.198
27 340.648 387.307
28 151.414 787.5
29 718.409 650.365
30 224.481 633.671
31 713.537 695.986
32 561.878 55.3199
33 268.267 557.08
34 918.468 293.231
35 800.732 216.58
36 24.0916 435.845
37 308.175 169.466
38 968.724 779.488
39 281.878 415.635
40 704.202 318.338
41 423.676 675.512
42 264.883 192.47
43 392.404 573.901
44 781.697 337.255
45 898.936 537.165
46 797.965 556.09
47 508.96 450.207
48 446.17 480.017
49 733.442 407.02
Step 64 0.1
0 265.794 480.135
1 578.165 194.261
2 513.759 408.216
3 835.211 272.421
4 284.888 690.412
5 207.016 322.683
6 931.113 139.856
7 842.797 609.455
8 378.456 184.898
9 258.607 388.263
10 893.74 174.689
11 246.215 531.239
12 482.332 763.374
13 419.942 400.29
14 632.705 320.767
15 784.62 427.996
16 814.654 136.115
17 821.616 579.536
18 712.324 192.456
19 130.021 173.876
20 643.019 256.311
21 295.573 529.587
22 399.924 465.89
23 391.125 614.206
24 900.072 564.347
25 127.632 339.231
26 536.625 191.756
27 337.075 387.983
28 152.672 789.751
29 714.314 647.161
30 222.905 630.455
31 714.821 694.318
32 561.339 57.0441
33 274.507 557.643
34 922.198 288.881
35 800.1 218.793
36 21.5041 432.689
37 311.757 172.052
38 972.35 775.364
39 278.458 413.319
40 698.719 315.392
41 424.227 677.498
42 260.63 192.983
43 390.348 577.708
44 784.891 337.979
45 899.114 542.651
46 793.954 558.898
47 505.483 446.257
48 446.181 483.179
49 732.817 403.141
Step 65 0.1
0 265.789 479.151
1 576.241 197.522
2 511.665 410.617
3 832.684 266.015
4 285.33 690.545
5 207.636 321.894
6 932.794 137.615
7 846.763 605.88
8 382.33 183.551
9 260.152 388.999
10 897.898 176.565
11 247.767 529.953
12 481.021 767.262
13 415.852 396.483
14 635.03 324.896
15 785.694 434.344
16 810.796 134.755
17 822.009 576.024
18 715.24 187.991
19 128.943 171.277
20 640.745 258.425
21 295.891 523.426
22 395.861 470.44
23 387.304 615.113
24 902.236 564.902
25 129.099 343.764
26 536.438 192.314
27 333.502 388.66
28 153.931 791.757
29 710.22 643.957
30 221.329 627.24
31 716.105 692.65
32 560.8 58.7683
33 280.747 558.207
34 925.928 284.531
35 799.468 221.005
36 18.9167 429.533
37 315.34 174.638
38 975.977 771.24
39 275.039 411.003
40 693.236 312.447
41 424.777 679.483
42 256.377 193.495
43 388.293 581.515
44 788.084 338.703
45 899.293 548.137
46 789.943 561.706
47 502.007 442.306
48 446.192 486.341
49 732.191 399.263
Step 66 0.1
0 265.784 478.167
1 574.317 200.782
2 509.572 413.018
3 830.157 259.609
4 285.771 690.677
5 208.256 321.104
6 934.476 135.374
7 850.729 602.305
8 386.204 182.204
9 261.696 389.735
10 902.057 178.44
11 249.32 528.666
12 479.711 771.151
13 411.761 392.676
14 637.355 329.025
15 786.768 440.691
16 806.937 133.395
17 822.402 572.512
18 718.157 183.526
19 127.865 168.677
20 638.471 260.539
21 296.209 517.265
22 391.799 474.989
23 383.482 616.019
24 904.653 566.153
25 130.567 348.298
26 536.251 192.872
27 329.928 389.337
28 155.189 789.506
29 706.126 640.753
30 219.754 624.024
31 717.39 690.981
32 560.261 60.4925
33 286.988 558.77
34 929.658 280.181
35 798.836 223.218
36 16.3292 426.377
37 318.923 177.224
38 979.604 767.116
39 271.619 408.687
40 687.753 309.501
41 425.328 681.468
42 252.123 194.007
43 386.238 585.323
44 791.278 339.427
45 899.277 553.088
46 785.931 564.514
47 498.53 438.355
48 446.203 489.503
49 731.566 395.385
Step 67 0.1
0 265.778 477.183
1 572.393 204.043
2 507.478 415.419
3 827.63 253.203
4 286.213 690.81
5 208.876 320.315
6 936.158 133.133
7 854.695 598.731
8 390.077 180.857
9 263.241 390.471
10 906.215 180.316
11 250.872 527.38
12 478.401 775.04
13 407.67 388.869
14 639.68 333.154
15 787.843 447.039
16 803.079 132.035
17 822.795 569.001
18 721.073 179.061
19 126.787 166.078
20 636.197 262.653
21 296.528 511.105
22 387.736 479.539
23 379.66 616.926
24 908.348 570.916
25 132.034 352.831
26 536.064 193.43
27 326.355 390.014
28 156.448 787.256
29 702.032 637.549
30 218.178 620.808
31 718.674 689.313
32 559.723 62.2166
33 293.228 559.334
34 933.388 275.831
35 798.204 225.43
36 13.7418 423.221
37 322.505 179.81
38 983.23 762.991
39 268.2 406.371
40 682.27 306.555
41 425.879 683.453
42 247.87 194.52
43 384.182 589.13
44 794.471 340.151
45 898.282 555.348
46 781.92 567.322
47 495.053 434.405
48 446.214 492.665
49 730.941 391.506
Step 68 0.1
0 265.773 476.199
1 570.468 207.304
2 505.384 417.821
3 825.103 246.797
4 286.654 690.943
5 209.496 319.525
6 937.84 130.892
7 858.66 595.156
8 393.951 179.51
9 264.785 391.207
10 910.374 182.191
11 252.425 526.094
12 477.09 778.928
13 403.58 385.062
14 642.004 337.283
15 788.917 453.386
16 799.22 130.675
17 823.188 565.489
18 723.989 174.595
19 125.709 163.478
20 633.922 264.767
21 296.846 504.944
22 383.674 484.088
23 375.838 617.832
24 912.042 575.678
25 133.502 357.364
26 535.877 193.988
27 322.782 390.691
28 157.706 785.005
29 697.937 634.345
30 216.602 617.592
31 719.958 687.645
32 559.184 63.9408
33 299.468 559.897
34 937.117 271.481
35 797.572 227.643
36 11.1543 420.064
37 326.088 182.396
38 986.857 758.867
39 264.78 404.055
40 676.787 303.609
41 426.429 685.438
42 243.617 195.032
43 382.127 592.937
44 797.665 340.876
45 897.287 557.607
46 777.909 570.13
47 491.577 430.454
48 446.225 495.827
49 730.316 387.628
Step 69 0.1
0 265.768 475.215
1 568.544 210.565
2 503.291 420.222
3 822.576 240.39
4 287.096 691.075
5 210.116 318.736
6 939.522 128.651
7 862.626 591.582
8 397.825 178.163
9 266.33 391.943
10 914.532 184.067
11 253.977 524.807
12 475.78 782.817
13 399.489 381.254
14 644.329 341.412
15 789.991 459.734
16 795.361 129.315
17 823.581 561.977
18 726.906 170.13
19 124.631 160.879
20 631.648 266.881
21 297.164 498.783
22 379.611 488.638
23 372.016 618.739
24 915.736 580.441
25 134.969 361.897
26 535.69 194.546
27 319.209 391.368
28 158.965 782.754
29 693.843 631.141
30 215.027 614.376
31 721.242 685.977
32 558.645 65.665
33 305.709 560.46
34 940.847 267.131
35 796.94 229.855
36 8.56688 416.908
37 329.67 184.981
38 990.483 754.743
39 261.361 401.739
40 671.304 300.663
41 426.98 687.423
42 239.364 195.544
43 380.072 596.744
44 800.859 341.6
45 896.292 559.867
46 773.898 572.938
47 488.1 426.504
48 446.235 498.99
49 729.69 383.749
Step 70 0.1
0 265.763 474.231
1 566.62 213.825
2 501.197 422.623
3 820.049 233.984
4 287.537 691.208
5 210.735 317.947
6 941.204 126.41
7 866.592 588.007
8 401.699 176.817
9 267.875 392.678
10 918.69 185.942
11 255.53 523.521
12 474.47 786.706
13 395.399 377.447
14 646.654 345.541
15 791.066 466.081
16 791.503 127.955
17 823.974 558.465
18 729.822 165.665
19 123.553 158.28
20 629.374 268.995
21 297.482 492.623
22 375.549 493.187
23 368.195 619.646
24 919.43 585.204
25 136.437 366.43
26 535.502 195.104
27 315.636 392.045
28 160.224 780.504
29 689.749 627.937
30 213.451 611.16
31 722.527 684.309
32 558.107 67.3892
33 311.949 561.024
34 944.577 262.781
35 796.308 232.068
36 5.97944 413.752
37 333.253 187.567
38 991.86 750.619
39 257.941 399.423
40 665.821 297.717
41 427.531 689.409
42 235.11 196.057
43 378.016 600.551
44 804.052 342.324
45 895.297 562.126
46 769.887 575.746
47 484.624 422.553
48 446.246 502.152
49 729.065 379.871
Step 71 0.1
0 265.758 473.247
1 564.696 217.086
2 499.104 425.025
3 817.522 227.578
4 287.979 691.341
5 211.355 317.157
6 942.886 124.169
7 870.558 584.432
8 405.573 175.47
9 269.419 393.414
10 922.849 187.818
11 257.082 522.235
12 473.16 790.594
13 391.308 373.64
14 648.979 349.67
15 792.14 472.429
16 787.644 126.595
17 824.367 554.953
18 732.738 161.2
19 122.475 155.68
20 627.099 271.109
21 297.8 486.462
22 371.486 497.737
23 364.373 620.552
24 923.124 589.966
25 137.904 370.963
26 535.315 195.662
27 312.063 392.722
28 161.482 778.253
29 685.654 624.733
30 211.875 607.945
31 723.811 682.641
32 557.568 69.1133
33 318.189 561.587
34 948.307 258.431
35 795.675 234.28
36 6.8623 410.596
37 336.836 190.153
38 988.233 746.495
39 254.521 397.107
40 660.338 294.771
41 428.081 691.394
42 230.857 196.569
43 375.961 604.358
44 807.246 343.048
45 894.302 564.386
46 765.876 578.554
47 481.147 418.602
48 446.257 505.314
49 728.44 375.993
Step 72 0.1
0 265.753 472.263
1 562.772 220.347
2 497.01 427.426
3 814.995 221.172
4 288.42 691.473
5 211.975 316.368
6 944.568 121.928
7 874.524 580.858
8 409.447 174.123
9 270.964 394.15
10 927.007 189.693
11 258.635 520.948
12 471.849 793.185
13 387.217 369.833
14 651.303 353.799
15 793.214 478.776
16 783.786 125.235
17 824.76 551.441
18 735.655 156.735
19 121.397 153.081
20 624.825 273.223
21 298.118 480.301
22 367.424 502.286
23 360.551 621.459
24 926.818 594.729
25 139.372 375.496
26 535.128 196.22
27 308.49 393.399
28 162.741 776.002
29 681.56 621.529
30 210.3 604.729
31 725.095 680.972
32 557.029 70.8375
33 324.429 562.15
34 952.037 254.081
35 795.043 236.493
36 9.44974 407.44
37 340.418 192.739
38 984.607 742.371
39 251.102 394.791
40 654.855 291.825
41 428.632 693.379
42 226.604 197.081
43 373.906 608.165
44 810.439 343.772
45 893.306 566.645
46 761.864 581.362
47 477.671 414.652
48 446.268 508.476
49 727.815 372.114
Step 73 0.1
0 265.747 471.279
1 560.848 223.607
2 494.917 429.827
3 812.468 214.766
4 288.862 691.606
5 212.595 315.578
6 946.25 119.686
7 878.49 577.283
8 413.32 172.776
9 272.508 394.886
10 931.166 191.569
11 260.187 519.662
12 470.539 789.296
13 383.127 366.026
14 653.628 357.929
15 794.289 485.124
16 779.927 123.875
17 825.153 547.929
18 738.571 152.27
19 120.319 150.481
20 622.551 275.337
21 298.437 474.14
22 363.361 506.836
23 356.729 622.365
24 930.512 599.491
25 140.839 380.029
26 534.941 196.778
27 304.916 394.076
28 163.999 773.751
29 677.466 618.325
30 208.724 601.513
31 726.379 679.304
32 556.49 72.5617
33 330.67 562.714
34 955.767 249.731
35 794.411 238.705
36 12.0372 404.283
37 344.001 195.325
38 980.98 738.247
39 247.682 392.475
40 649.372 288.88
41 429.182 695.364
42 222.351 197.594
43 371.851 611.972
44 813.633 344.496
45 892.311 568.905
46 757.853 584.17
47 474.194 410.701
48 446.279 511.638
49 727.19 368.236
Step 74 0.1
0 265.742 470.295
1 558.924 226.868
2 492.823 432.228
3 809.941 208.36
4 289.304 691.738
5 213.215 314.789
6 947.932 117.445
7 882.456 573.709
8 417.194 171.429
9 274.053 395.622
10 935.324 193.444
11 261.74 518.376
12 469.229 785.408
13 379.036 362.218
14 655.953 362.058
15 795.363 491.472
16 776.069 122.515
17 825.546 544.417
18 741.488 147.805
19 119.241 147.882
20 620.276 277.451
21 298.755 467.98
22 359.299 511.385
23 352.907 623.272
24 934.206 604.254
25 142.306 384.562
26 534.754 197.336
27 301.343 394.752
28 165.258 771.501
29 673.372 615.121
30 207.148 598.297
31 727.664 677.636
32 555.952 74.2859
33 336.91 563.277
34 959.496 245.381
35 793.779 240.918
36 14.6246 401.127
37 347.584 197.911
38 977.353 734.123
39 244.263 390.159
40 643.89 285.934
41 429.733 697.349
42 218.097 198.106
43 369.795 615.779
44 816.826 345.22
45 891.316 571.164
46 753.842 586.978
47 470.718 406.75
48 446.29 514.8
49 726.564 364.357
Step 75 0.1
0 265.737 469.311
1 557 230.129
2 490.729 434.63
3 807.414 201.954
4 289.745 691.871
5 213.835 314
6 949.614 115.204
7 878.319 572.391
8 421.068 170.082
9 275.598 396.358
10 939.483 195.32
11 263.292 517.089
12 467.918 781.519
13 374.946 358.411
14 658.278 366.187
15 796.437 497.819
16 772.21 121.155
17 825.939 540.905
18 744.404 143.339
19 118.163 145.282
20 618.002 279.564
21 299.073 461.819
22 355.236 515.935
23 349.086 624.178
24 937.9 609.017
25 143.774 389.095
26 534.567 197.894
27 297.77 395.429
28 166.516 769.25
29 669.277 611.916
30 205.573 595.081
31 728.948 675.968
32 555.413 76.01
33 343.15 563.84
34 963.226 241.031
35 793.147 243.13
36 17.2121 397.971
37 351.166 200.497
38 973.727 729.999
39 240.843 387.844
40 638.407 282.988
41 430.284 699.335
42 213.844 198.618
43 367.74 619.586
44 820.02 345.945
45 894.232 572.334
46 749.831 589.786
47 467.241 402.8
48 446.301 517.962
49 725.939 360.479
Step 76 0.1
0 265.732 468.327
1 555.075 233.39
2 488.636 437.031
3 804.887 195.548
4 290.187 692.004
5 214.455 313.21
6 951.296 112.963
7 874.04 571.113
8 424.942 168.735
9 277.142 397.094
10 943.641 197.195
11 264.845 515.803
12 466.608 777.63
13 370.855 354.604
14 660.602 370.316
15 797.512 504.167
16 768.351 119.795
17 826.332 537.393
18 747.32 138.874
19 117.085 142.683
20 615.728 281.678
21 299.391 455.658
22 351.174 520.484
23 345.264 625.085
24 941.595 613.779
25 145.241 393.628
26 534.38 198.452
27 294.197 396.106
28 167.775 766.999
29 665.183 608.712
30 203.997 591.865
31 730.232 674.3
32 554.874 77.7342
33 349.391 564.404
34 966.956 236.682
35 792.515 245.343
36 19.7995 394.815
37 354.749 203.083
38 970.1 725.875
39 237.424 385.528
40 632.924 280.042
41 430.834 701.32
42 209.591 199.131
43 365.685 623.393
44 823.213 346.669
45 897.217 573.485
46 745.82 592.594
47 463.764 398.849
48 446.312 521.124
49 725.314 356.601
Step 77 0.1
0 265.727 467.343
1 553.151 236.65
2 486.542 439.432
3 802.36 189.142
4 290.628 692.136
5 215.074 312.421
6 952.978 110.722
7 869.761 569.835
8 428.816 167.388
9 276.374 397.995
10 947.8 199.071
11 266.397 514.517
12 465.298 773.742
13 366.764 350.797
14 662.927 374.445
15 798.586 510.514
16 764.493 118.434
17 826.725 533.882
18 750.237 134.409
19 116.007 140.083
20 613.453 283.792
21 299.709 449.498
22 347.111 525.033
23 341.442 625.991
24 945.289 618.542
25 146.709 398.161
26 534.193 199.01
27 293.032 396.612
28 169.034 764.749
29 661.089 605.508
30 202.421 588.65
31 731.517 672.632
32 554.335 79.4584
33 355.631 564.967
34 970.686 232.332
35 791.883 247.555
36 22.387 391.658
37 358.331 205.669
38 966.474 721.751
39 234.004 383.212
40 627.441 277.096
41 431.385 703.305
42 205.337 199.643
43 363.629 627.2
44 826.407 347.393
45 900.201 574.637
46 741.809 595.402
47 460.288 394.899
48 446.322 524.287
49 724.689 352.722
Step 78 0.1
0 265.722 466.359
1 551.227 239.911
2 484.449 441.833
3 799.833 182.736
4 291.07 692.269
5 215.694 311.631
6 954.66 108.481
7 865.483 568.557
8 432.69 166.041
9 272.933 399.086
10 951.958 200.946
11 267.95 513.23
12 463.987 769.853
13 362.674 346.99
14 665.252 378.574
15 799.661 516.862
16 760.634 117.074
17 827.118 530.37
18 753.153 129.944
19 114.929 137.484
20 611.179 285.906
21 300.028 443.337
22 343.049 529.583
23 337.62 626.898
24 948.983 623.304
25 148.176 402.694
26 534.006 199.568
27 294.649 396.919
28 170.292 762.498
29 656.994 602.304
30 200.846 585.434
31 732.801 670.963
32 553.797 81.1826
33 361.871 565.53
34 974.416 227.982
35 791.251 249.768
36 24.9744 388.502
37 361.914 208.255
38 962.847 717.627
39 230.584 380.896
40 621.958 274.15
41 431.936 705.29
42 201.084 200.155
43 361.574 631.008
44 829.6 348.117
45 903.185 575.788
46 737.797 598.21
47 456.811 390.948
48 446.333 527.449
49 724.063 348.844
Step 79 0.1
0 265.716 465.375
1 549.303 243.172
2 482.355 444.235
3 797.306 176.33
4 291.511 692.401
5 216.314 310.842
6 956.342 106.24
7 861.204 567.279
8 436.563 164.694
9 269.493 400.177
10 956.117 202.822
11 269.502 511.944
12 462.677 765.964
13 358.583 343.183
14 667.576 382.703
15 800.735 523.209
16 756.776 115.714
17 827.511 526.858
18 756.069 125.479
19 113.851 134.885
20 608.905 288.02
21 300.346 437.176
22 338.986 534.132
23 333.798 627.804
24 952.677 628.067
25 149.644 407.227
26 533.819 200.126
27 296.267 397.226
28 171.551 760.247
29 652.9 599.1
30 199.27 582.218
31 734.085 669.295
32 553.258 82.9067
33 368.111 566.094
34 978.146 223.632
35 790.619 251.98
36 27.5619 385.346
37 365.497 210.841
38 959.22 713.503
39 227.165 378.58
40 616.475 271.204
41 432.486 707.275
42 196.831 200.668
43 359.519 634.815
44 832.794 348.841
45 906.169 576.939
46 733.786 601.018
47 453.335 386.997
48 446.344 530.611
49 723.438 344.966
Step 80 0.1
0 265.711 464.391
1 547.379 246.432
2 480.262 446.636
3 794.779 169.924
4 291.953 692.534
5 216.934 310.052
6 958.023 103.999
7 856.926 566.001
8 440.437 163.347
9 266.052 401.268
10 960.275 204.697
11 271.055 510.658
12 461.367 762.076
13 354.493 339.375
14 669.901 386.832
15 801.809 529.557
16 752.917 114.354
17 827.904 523.346
18 758.986 121.014
19 112.773 132.285
20 606.631 290.134
21 300.664 431.016
22 334.924 538.682
23 329.977 628.711
24 956.371 632.83
25 151.111 411.76
26 533.631 200.684
27 297.884 397.533
28 172.809 757.996
29 648.806 595.896
30 197.694 579.002
31 735.369 667.627
32 552.719 84.6309
33 374.352 566.657
34 981.875 219.282
35 789.987 254.193
36 30.1493 382.19
37 369.079 213.427
38 955.594 709.379
39 223.745 376.264
40 610.992 268.259
41 433.037 709.261
42 192.578 201.18
43 357.463 638.622
44 835.987 349.565
45 909.153 578.09
46 729.775 603.826
47 449.858 383.047
48 446.355 533.773
49 722.813 341.087
Step 81 0.1
0 265.706 463.407
1 545.455 249.693
2 478.168 449.037
3 792.252 163.518
4 292.394 692.667
5 217.554 309.263
6 959.705 101.758
7 852.647 564.723
8 444.311 162
9 262.612 402.359
10 964.434 206.573
11 272.607 509.371
12 460.057 758.187
13 350.402 335.568
14 672.226 390.961
15 802.884 535.904
16 749.058 112.994
17 828.297 519.834
18 761.902 116.549
19 111.695 129.686
20 604.356 292.248
21 300.982 424.855
22 330.861 543.231
23 326.155 629.617
24 960.065 637.592
25 152.578 416.293
26 533.444 201.242
27 299.501 397.84
28 174.068 755.746
29 644.712 592.692
30 196.119 575.786
31 736.654 665.959
32 552.18 86.3551
33 380.592 567.221
34 985.605 214.932
35 789.355 256.405
36 32.7367 379.034
37 372.662 216.013
38 951.967 705.255
39 220.326 373.948
40 605.509 265.313
41 433.587 711.246
42 188.324 201.692
43 355.408 642.429
44 839.181 350.289
45 912.137 579.241
46 725.764 606.634
47 446.382 379.096
48 446.366 536.935
49 722.188 337.209
Step 82 0.1
0 265.701 462.423
1 543.531 252.954
2 476.074 451.438
3 789.725 157.112
4 292.836 692.799
5 218.174 308.474
6 961.387 99.5166
7 848.369 563.445
8 448.185 160.653
9 259.171 403.45
10 968.592 208.448
11 274.16 508.085
12 458.746 754.298
13 346.311 331.761
14 674.551 395.09
15 803.958 542.252
16 745.2 111.634
17 828.69 516.322
18 764.818 112.083
19 110.617 127.086
20 602.082 294.362
21 301.3 418.694
22 326.799 547.781
23 322.333 630.524
24 963.759 642.355
25 154.046 420.827
26 533.257 201.8
27 301.118 398.147
28 175.326 753.495
29 640.617 589.488
30 194.543 572.57
31 737.938 664.291
32 551.642 88.0792
33 386.832 567.784
34 989.335 210.582
35 788.723 258.618
36 35.3242 375.877
37 376.245 218.599
38 948.341 701.131
39 216.906 371.632
40 600.026 262.367
41 434.138 713.231
42 184.071 202.205
43 353.353 646.236
44 842.374 351.014
45 915.121 580.392
46 721.753 609.442
47 442.905 375.146
48 446.377 540.097
49 721.562 333.33
Step 83 0.1
0 265.696 461.439
1 541.607 256.215
2 473.981 453.84
3 787.198 150.706
4 293.277 692.932
5 218.794 307.684
6 963.069 97.2755
7 844.09 562.166
8 452.059 159.306
9 255.731 404.541
10 972.751 210.324
11 275.712 506.799
12 457.436 750.41
13 342.221 327.954
14 676.875 399.219
15 805.032 548.599
16 741.341 110.274
17 829.083 512.81
18 767.735 107.618
19 109.539 124.487
20 599.808 296.476
21 301.619 412.534
22 322.736 552.33
23 318.511 631.431
24 967.453 647.117
25 155.513 425.36
26 533.07 202.358
27 302.735 398.455
28 176.585 751.244
29 636.523 586.284
30 192.967 569.355
31 739.222 662.622
32 551.103 89.8034
33 393.073 568.347
34 993.065 206.232
35 788.091 260.83
36 37.9116 372.721
37 379.827 221.184
38 944.714 697.007
39 213.487 369.316
40 594.543 259.421
41 434.689 715.216
42 179.818 202.717
43 351.298 650.043
44 845.568 351.738
45 918.105 581.543
46 717.742 612.25
47 439.429 371.195
48 446.388 543.259
49 720.937 329.452
Step 84 0.1
0 265.691 460.455
1 539.683 259.475
2 471.887 456.241
3 784.671 144.3
4 293.719 693.064
5 219.414 306.895
6 964.751 95.0344
7 839.811 560.888
8 455.933 157.959
9 252.29 405.632
10 976.909 212.199
11 277.264 505.512
12 456.126 746.521
13 338.13 324.147
14 679.2 403.348
15 806.107 554.947
16 737.483 108.914
17 829.476 509.298
18 770.651 103.153
19 108.461 121.887
20 597.533 298.59
21 301.937 406.373
22 318.674 556.88
23 314.689 632.337
24 971.147 651.88
25 156.981 429.893
26 532.883 202.916
27 304.353 398.762
28 177.844 748.994
29 632.429 583.08
30 191.392 566.139
31 740.506 660.954
32 550.564 91.5276
33 399.313 568.911
34 996.17 201.882
35 787.458 263.043
36 40.4991 369.565
37 383.41 223.77
38 941.087 692.883
39 210.067 367
40 589.06 256.475
41 435.239 717.201
42 175.565 203.229
43 349.242 653.85
44 848.761 352.462
45 921.089 582.694
46 713.73 615.058
47 435.952 367.244
48 446.398 546.421
49 720.312 325.574
Step 85 0.1
0 265.685 459.471
1 537.758 262.736
2 469.794 458.642
3 782.144 137.894
4 294.16 693.197
5 220.033 306.105
6 966.433 92.7933
7 835.533 559.61
8 459.806 156.612
9 248.85 406.723
10 981.067 214.075
11 278.817 504.226
12 454.815 742.632
13 334.04 320.34
14 681.525 407.477
15 807.181 561.294
16 733.624 107.554
17 829.869 505.786
18 773.567 98.6879
19 107.383 119.288
20 595.259 300.704
21 302.255 400.212
22 314.611 561.429
23 310.868 633.244
24 974.842 656.642
25 158.448 434.426
26 532.696 203.474
27 305.97 399.069
28 179.102 746.743
29 628.334 579.876
30 189.816 562.923
31 741.791 659.286
32 550.025 93.2518
33 405.553 569.474
34 992.44 197.532
35 786.826 265.255
36 43.0865 366.409
37 386.992 226.356
38 937.461 688.759
39 206.648 364.684
40 583.577 253.529
41 435.79 719.187
42 171.311 203.741
43 347.187 657.657
44 851.955 353.186
45 924.073 583.845
46 709.719 617.866
47 432.475 363.294
48 446.409 549.584
49 719.687 321.695
Step 86 0.1
0 265.68 458.487
1 535.834 265.997
2 467.7 461.043
3 779.617 131.488
4 294.602 693.33
5 220.653 305.316
6 968.115 90.5522
7 831.254 558.332
8 463.68 155.265
9 245.409 407.814
10 985.226 215.95
11 280.369 502.94
12 453.505 738.744
13 329.949 316.532
14 683.85 411.606
15 808.255 567.642
16 729.766 106.194
17 830.262 502.275
18 776.484 94.2228
19 106.305 116.688
20 592.985 302.818
21 302.573 394.052
22 310.549 565.979
23 307.046 634.15
24 978.536 661.405
25 159.916 438.959
26 532.509 204.032
27 307.587 399.376
28 180.361 744.492
29 624.24 576.672
30 188.24 559.707
31 743.075 657.618
32 549.487 94.9759
33 411.793 570.037
34 988.711 193.182
35 786.194 267.468
36 45.674 363.253
37 390.575 228.942
38 933.834 684.635
39 203.228 362.369
40 578.094 250.583
41 436.341 721.172
42 167.058 204.254
43 345.132 661.464
44 855.148 353.91
45 927.057 584.996
46 705.708 620.674
47 428.999 359.343
48 446.42 552.746
49 719.061 317.817
Step 87 0.1
0 265.675 457.503
1 533.91 269.258
2 465.606 463.445
3 777.09 125.082
4 295.043 693.462
5 221.273 304.527
6 969.797 88.3111
7 826.976 557.054
8 467.554 153.918
9 241.969 408.905
10 989.384 217.826
11 281.922 501.653
12 452.195 734.855
13 325.858 312.725
14 686.174 415.735
15 809.33 573.989
16 725.907 104.834
17 830.655 498.763
18 779.4 89.7576
19 105.227 114.089
20 590.71 304.932
21 299.658 430.18
22 306.486 570.528
23 303.224 635.057
24 982.23 666.168
25 161.383 443.492
26 532.322 204.59
27 309.865 391.036
28 181.619 742.241
29 620.146 573.468
30 186.665 556.491
31 744.359 655.95
32 548.948 96.7001
33 418.034 570.601
34 984.981 188.832
35 785.562 269.68
36 48.2614 360.096
37 394.158 231.528
38 930.208 680.511
39 199.808 360.053
40 572.611 247.638
41 436.891 723.157
42 162.805 204.766
43 343.076 665.271
44 858.342 354.634
45 930.042 586.148
46 701.697 623.482
47 425.522 355.392
48 446.431 555.908
49 718.436 313.939
Step 88 0.1
0 265.67 456.519
1 531.986 272.518
2 463.513 465.846
3 774.563 118.676
4 295.485 693.595
5 221.893 303.737
6 971.479 86.07
7 822.697 555.776
8 471.428 152.571
9 238.528 409.996
10 993.543 219.701
11 283.474 500.367
12 451.54 731.328
13 321.768 308.918
14 688.499 419.864
15 810.404 580.337
16 722.048 103.474
17 831.048 495.251
18 782.317 85.2925
19 104.149 111.49
20 588.436 307.046
21 299.172 434.532
22 302.424 575.078
23 299.402 635.963
24 985.924 670.93
25 162.851 448.025
26 532.135 205.148
27 311.647 389.193
28 182.878 739.991
29 616.051 570.264
30 185.089 553.275
31 745.643 654.282
32 548.409 98.4243
33 424.274 571.164
34 981.251 184.482
35 784.93 271.893
36 50.8489 356.94
37 397.74 234.114
38 926.581 676.387
39 196.389 357.737
40 567.128 244.692
41 435.532 724.089
42 158.551 205.278
43 341.021 669.078
44 861.535 355.359
45 933.026 587.299
46 697.686 626.29
47 422.046 351.442
48 446.442 559.07
49 717.811 310.06
Step 89 0.1
0 265.665 455.535
1 530.062 275.779
2 461.419 468.247
3 772.036 112.27
4 295.926 693.727
5 222.513 302.948
6 973.161 83.8289
7 818.418 554.498
8 475.302 151.224
9 235.088 411.087
10 997.701 221.577
11 285.027 499.081
12 452.227 728.541
13 317.677 305.111
14 690.824 423.993
15 811.478 586.685
16 718.19 102.114
17 831.441 491.739
18 785.233 80.8273
19 103.071 108.89
20 586.162 309.16
21 298.687 438.885
22 298.361 579.627
23 295.58 636.87
24 989.618 675.693
25 164.318 452.558
26 531.947 205.706
27 313.429 387.35
28 184.136 737.74
29 611.957 567.06
30 183.513 550.06
31 746.928 652.613
32 547.87 100.148
33 430.514 571.727
34 977.521 180.133
35 784.298 274.105
36 53.4363 353.784
37 401.323 236.7
38 922.954 672.263
39 192.969 355.421
40 561.645 241.746
41 430.259 722.862
42 154.298 205.791
43 338.966 672.885
44 864.729 356.083
45 936.01 588.45
46 693.675 629.098
47 418.569 347.491
48 446.453 562.232
49 717.186 306.182
Step 90 0.1
0 265.66 454.551
1 528.138 279.04
2 459.326 470.649
3 769.509 105.864
4 296.368 693.86
5 223.133 302.158
6 974.843 81.5878
7 814.14 553.22
8 479.176 149.877
9 231.647 412.178
10 997.966 223.452
11 286.579 497.794
12 452.915 725.755
13 313.586 301.304
14 693.149 428.122
15 812.553 593.032
16 714.331 100.754
17 831.834 488.227
18 788.149 76.3622
19 101.993 106.291
20 583.887 311.274
21 298.201 443.237
22 294.299 584.177
23 291.759 637.776
24 992.558 680.455
25 165.785 457.091
26 531.76 206.264
27 315.21 385.508
28 185.395 735.489
29 607.863 563.856
30 181.938 546.844
31 748.212 650.945
32 547.332 101.873
33 436.755 572.291
34 973.791 175.783
35 783.666 276.318
36 56.0238 350.628
37 404.906 239.286
38 919.328 668.138
39 189.55 353.105
40 556.162 238.8
41 424.986 721.635
42 150.045 206.303
43 336.911 676.693
44 867.922 356.807
45 938.994 589.601
46 689.664 631.906
47 415.093 343.541
48 446.464 565.394
49 716.561 302.303
Step 91 0.1
0 265.654 453.567
1 526.214 282.3
2 457.232 473.05
3 766.982 99.4577
4 296.809 693.993
5 223.753 301.369
6 976.525 79.3467
7 809.861 551.942
8 483.049 148.53
9 228.207 413.27
10 993.808 225.328
11 288.132 496.508
12 453.603 722.968
13 309.496 297.496
14 695.473 432.251
15 813.627 599.38
16 710.473 99.3936
17 832.227 484.715
18 791.066 71.897
19 100.915 103.691
20 581.613 313.388
21 297.715 447.59
22 290.236 588.726
23 287.937 638.683
24 988.864 685.218
25 167.253 461.624
26 531.573 206.822
27 316.992 383.665
28 186.654 733.239
29 603.769 560.652
30 180.362 543.628
31 749.496 649.277
32 546.793 103.597
33 437.364 576.899
34 970.061 171.433
35 783.034 278.53
36 58.6112 347.471
37 408.488 241.872
38 915.701 664.014
39 186.13 350.789
40 550.679 235.854
41 419.713 720.409
42 145.792 206.815
43 334.855 680.5
44 871.116 357.531
45 941.978 590.752
46 685.652 634.714
47 411.616 339.59
48 451.085 565.245
49 715.935 298.425
Step 92 0.1
0 265.649 452.583
1 524.29 285.561
2 455.139 475.451
3 764.455 93.0517
4 297.251 694.125
5 224.372 300.58
6 978.207 77.1056
7 805.583 550.664
8 486.923 147.183
9 224.766 414.361
10 989.649 227.203
11 289.684 495.222
12 454.291 720.181
13 305.405 293.689
14 697.798 436.38
15 814.701 605.727
16 706.614 98.0336
17 832.62 481.203
18 793.982 67.4319
19 99.8369 101.092
20 579.339 315.502
21 297.229 451.942
22 286.174 593.275
23 284.115 639.589
24 985.17 689.981
25 168.72 466.157
26 531.386 207.38
27 318.773 381.822
28 187.912 730.988
29 599.674 557.448
30 178.786 540.412
31 750.781 647.609
32 546.254 105.321
33 437.731 581.68
34 966.332 167.083
35 782.402 280.743
36 61.1986 344.315
37 412.071 244.458
38 912.075 659.89
39 182.711 348.473
40 545.196 232.908
41 414.44 719.182
42 141.538 207.328
43 332.8 684.307
44 874.309 358.255
45 944.962 591.903
46 681.641 637.522
47 408.14 335.639
48 455.905 564.953
49 715.31 294.547
Step 93 0.1
0 265.644 451.599
1 522.366 288.822
2 453.045 477.852
3 761.928 86.6457
4 297.692 694.258
5 224.992 299.79
6 979.889 74.8645
7 801.304 549.386
8 490.797 145.836
9 221.326 415.452
10 985.491 229.079
11 291.237 493.935
12 454.978 717.395
13 301.315 289.882
14 700.123 440.509
15 815.776 612.075
16 702.755 96.6735
17 833.013 477.691
18 796.898 62.9667
19 98.7589 98.4923
20 577.065 317.616
21 296.744 456.295
22 282.111 597.825
23 280.293 640.496
24 981.476 694.743
25 170.188 470.69
26 531.199 207.938
27 320.555 379.98
28 189.171 728.737
29 595.58 554.244
30 177.211 537.196
31 752.065 645.941
32 545.716 107.045
33 438.099 586.462
34 962.602 162.733
35 781.77 282.955
36 63.7861 341.159
37 415.653 247.044
38 908.448 655.766
39 179.291 346.157
40 539.713 229.962
41 409.167 717.955
42 137.285 207.84
43 330.745 688.114
44 877.503 358.979
45 947.946 593.054
46 677.63 640.33
47 404.663 331.689
48 460.724 564.661
49 714.685 290.668
Step 94 0.1
0 265.639 450.615
1 520.441 292.083
2 450.951 480.254
3 759.401 80.2396
4 298.134 694.39
5 225.612 299.001
6 981.571 72.6234
7 797.026 548.108
8 494.671 144.489
9 217.886 416.543
10 981.332 230.954
11 292.789 492.649
12 455.666 714.608
13 297.224 286.075
14 702.448 444.638
15 816.85 618.422
16 698.897 95.3134
17 833.406 474.179
18 799.815 58.5016
19 97.6809 95.8929
20 574.79 319.73
21 296.258 460.647
22 278.049 602.374
23 276.472 641.402
24 977.782 699.506
25 171.655 475.223
26 531.012 208.496
27 322.337 378.137
28 190.429 726.487
29 591.486 551.04
30 175.635 533.98
31 753.349 644.273
32 545.177 108.769
33 438.466 591.244
34 958.872 158.383
35 781.138 285.168
36 66.3735 338.003
37 419.236 249.63
38 904.821 651.642
39 175.871 343.841
40 534.23 227.017
41 403.894 716.729
42 133.032 208.352
43 328.689 691.921
44 880.696 359.703
45 950.93 594.205
46 673.619 643.138
47 401.186 327.738
48 465.544 564.369
49 714.06 286.79
Step 95 0.1
0 265.634 449.631
1 518.517 295.343
2 448.858 482.655
3 756.874 73.8336
4 298.576 694.523
5 226.232 298.211
6 983.252 70.3823
7 792.747 546.829
8 498.545 143.143
9 214.445 417.634
10 977.174 232.83
11 294.342 491.363
12 456.354 711.821
13 293.133 282.268
14 704.772 448.767
15 817.924 624.77
16 695.038 93.9534
17 833.799 470.668
18 802.731 54.0364
19 96.6029 93.2935
20 572.516 321.844
21 295.772 465
22 273.986 606.924
23 272.65 642.309
24 974.087 704.268
25 173.123 479.756
26 530.825 209.054
27 324.118 376.295
28 191.688 724.236
29 587.391 547.836
30 174.059 530.765
31 754.633 642.604
32 544.638 110.494
33 438.834 596.025
34 955.142 154.033
35 780.506 287.38
36 68.961 334.847
37 422.819 252.216
38 901.195 647.518
39 172.452 341.525
40 528.747 224.071
41 398.621 715.502
42 128.779 208.865
43 326.634 695.728
44 883.89 360.428
45 953.914 595.356
46 669.608 645.946
47 397.71 323.788
48 470.363 564.077
49 713.434 282.912
Step 96 0.1
0 265.629 448.647
1 516.593 298.604
2 446.764 485.056
3 754.347 67.4276
4 299.017 694.656
5 226.852 297.422
6 984.934 68.1412
7 788.468 545.551
8 502.419 141.796
9 211.005 418.725
10 973.015 234.705
11 295.894 490.076
12 457.042 709.035
13 289.043 278.461
14 707.097 452.896
15 818.999 631.117
16 691.18 92.5933
17 834.192 467.156
18 805.647 49.5713
19 95.5249 90.694
20 570.242 323.958
21 295.287 469.352
22 269.924 611.473
23 268.828 643.216
24 970.393 709.031
25 174.59 484.289
26 530.638 209.612
27 325.9 374.452
28 192.946 721.985
29 583.297 544.632
30 172.484 527.549
31 755.918 640.936
32 544.099 112.218
33 439.201 600.807
34 951.412 149.683
35 779.873 289.593
36 71.5484 331.69
37 426.401 254.802
38 897.568 643.394
39 169.032 339.209
40 523.264 221.125
41 393.348 714.275
42 124.525 209.377
43 324.579 699.535
44 887.083 361.152
45 956.898 596.507
46 665.597 648.754
47 394.233 319.837
48 475.183 563.786
49 712.809 279.033
Step 97 0.1
0 265.623 447.663
1 514.669 301.865
2 444.671 487.457
3 751.82 61.0215
4 299.459 694.788
5 227.472 296.632
6 986.616 65.9001
7 784.19 544.273
8 506.292 140.449
9 207.564 419.816
10 968.857 236.58
11 297.447 488.79
12 457.73 706.248
13 284.952 274.653
14 709.422 457.025
15 820.073 637.465
16 687.321 91.2333
17 834.585 463.644
18 808.564 45.1061
19 94.4469 88.0946
20 567.967 326.072
21 294.801 473.705
22 265.861 616.023
23 265.006 644.122
24 966.699 713.794
25 176.058 488.822
26 530.451 210.17
27 327.681 372.609
28 194.205 719.734
29 579.203 541.428
30 170.908 524.333
31 757.202 639.268
32 543.561 113.942
33 439.569 605.588
34 947.682 145.333
35 779.241 291.805
36 74.1359 328.534
37 429.984 257.387
38 893.941 639.27
39 165.613 336.893
40 517.781 218.179
41 388.075 713.048
42 120.272 209.889
43 322.523 703.342
44 890.277 361.876
45 959.883 597.659
46 661.585 651.562
47 390.757 315.886
48 480.002 563.494
49 712.184 275.155
Step 98 0.1
0 265.618 446.679
1 512.745 305.126
2 442.577 489.859
3 749.293 54.6155
4 299.9 694.921
5 228.092 295.843
6 988.298 63.659
7 779.911 542.995
8 510.166 139.102
9 204.124 420.907
10 964.699 238.456
11 299.381 489.633
12 458.417 703.461
13 280.862 270.846
14 711.747 461.154
15 821.147 643.812
16 683.463 89.8732
17 834.978 460.132
18 811.48 40.641
19 93.3689 85.4951
20 565.693 328.186
21 292.901 470.173
22 261.799 620.572
23 261.184 645.029
24 963.005 718.556
25 177.525 493.355
26 530.264 210.728
27 329.463 370.767
28 195.464 717.484
29 575.109 538.224
30 169.332 521.117
31 758.486 637.6
32 543.022 115.666
33 439.936 610.37
34 943.953 140.983
35 778.609 294.018
36 76.7233 325.378
37 433.567 259.973
38 890.315 635.146
39 162.193 334.578
40 512.298 215.233
41 382.802 711.822
42 116.019 210.402
43 320.468 707.149
44 893.47 362.6
45 962.867 598.81
46 657.574 654.37
47 387.28 311.936
48 484.822 563.202
49 711.559 271.276
Step 99 0.1
0 265.613 445.695
1 510.821 308.386
2 440.484 492.26
3 746.766 48.2095
4 300.342 695.054
5 228.712 295.054
6 989.98 61.4179
7 775.633 541.717
8 514.04 137.755
9 200.683 421.998
10 960.54 240.331
11 301.323 490.52
12 459.105 700.675
13 276.771 267.039
14 714.071 465.283
15 822.222 650.16
16 679.604 88.5131
17 835.371 456.62
18 814.396 36.1758
19 92.2909 82.8957
20 563.419 330.3
21 290.972 466.481
22 257.736 625.122
23 257.363 645.935
24 959.311 723.319
25 178.992 497.889
26 530.076 211.286
27 331.244 368.924
28 196.722 715.233
29 571.014 535.02
30 167.757 517.901
31 759.77 635.932
32 542.483 117.39
33 440.304 615.151
34 940.223 136.633
35 777.977 296.23
36 79.3108 322.222
37 437.149 262.559
38 886.688 631.022
39 158.774 332.262
40 506.815 212.287
41 377.529 710.595
42 111.765 210.914
43 318.413 710.956
44 896.664 363.324
45 965.851 599.961
46 653.563 657.178
47 383.804 307.985
48 489.641 562.91
49 710.933 267.398
