PARAMETRIC_CURVE_CARTESIAN_3D
Body4
t1: 0
t2: 20
NumPoints: 2001
0 -20 100 -110 
0.01 -19.4998 99.9991 -109.999 
0.02 -18.9995 99.9973 -109.997 
0.03 -18.499 99.9947 -109.994 
0.04 -17.9983 99.9911 -109.99 
0.05 -17.4974 99.9866 -109.985 
0.06 -16.9964 99.9813 -109.979 
0.07 -16.4953 99.975 -109.973 
0.08 -15.994 99.9679 -109.965 
0.09 -15.4925 99.9599 -109.956 
0.1 -14.9909 99.9509 -109.946 
0.11 -14.4892 99.9411 -109.935 
0.12 -13.9874 99.9304 -109.923 
0.13 -13.4854 99.9188 -109.91 
0.14 -12.9833 99.9063 -109.897 
0.15 -12.4811 99.8929 -109.882 
0.16 -11.9788 99.8786 -109.866 
0.17 -11.4764 99.8634 -109.849 
0.18 -10.9738 99.8473 -109.831 
0.19 -10.4712 99.8303 -109.813 
0.2 -9.96847 99.8123 -109.793 
0.21 -9.46566 99.7935 -109.772 
0.22 -8.96276 99.7738 -109.75 
0.23 -8.45978 99.7532 -109.727 
0.24 -7.95672 99.7317 -109.703 
0.25 -7.45359 99.7093 -109.679 
0.26 -6.95039 99.686 -109.653 
0.27 -6.44713 99.6618 -109.626 
0.28 -5.94382 99.6367 -109.598 
0.29 -5.44045 99.6107 -109.569 
0.3 -4.93703 99.5838 -109.539 
0.31 -4.43356 99.556 -109.508 
0.32 -3.93006 99.5273 -109.477 
0.33 -3.42652 99.4977 -109.444 
0.34 -2.92294 99.4672 -109.41 
0.35 -2.41935 99.4357 -109.375 
0.36 -1.91573 99.4034 -109.339 
0.37 -1.41209 99.3702 -109.302 
0.38 -0.908442 99.3361 -109.264 
0.39 -0.404785 99.301 -109.225 
0.4 0.0988749 99.2651 -109.185 
0.41 0.602534 99.2283 -109.144 
0.42 1.10619 99.1905 -109.102 
0.43 1.60983 99.1519 -109.058 
0.44 2.11346 99.1123 -109.014 
0.45 2.61706 99.0719 -108.969 
0.46 3.12065 99.0305 -108.923 
0.47 3.6242 98.9883 -108.876 
0.48 4.12772 98.9451 -108.828 
0.49 4.6312 98.9011 -108.778 
0.5 5.13464 98.8561 -108.728 
0.51 5.63803 98.8102 -108.677 
0.52 6.14137 98.7635 -108.625 
0.53 6.64465 98.7158 -108.571 
0.54 7.14787 98.6672 -108.517 
0.55 7.65103 98.6177 -108.461 
0.56 8.15411 98.5674 -108.405 
0.57 8.65712 98.5161 -108.348 
0.58 9.16004 98.4639 -108.289 
0.59 9.66288 98.4108 -108.23 
0.6 10.1656 98.3568 -108.169 
0.61 10.6683 98.302 -108.107 
0.62 11.1708 98.2462 -108.045 
0.63 11.6733 98.1895 -107.981 
0.64 12.1756 98.1319 -107.917 
0.65 12.6779 98.0734 -107.851 
0.66 13.18 98.014 -107.784 
0.67 13.682 97.9538 -107.716 
0.68 14.1838 97.8926 -107.648 
0.69 14.6856 97.8305 -107.578 
0.7 15.1872 97.7675 -107.507 
0.71 15.6886 97.7037 -107.435 
0.72 16.1899 97.6389 -107.362 
0.73 16.6911 97.5732 -107.288 
0.74 17.1921 97.5067 -107.213 
0.75 17.6929 97.4392 -107.137 
0.76 18.1936 97.3709 -107.06 
0.77 18.6941 97.3016 -106.982 
0.78 19.1944 97.2315 -106.903 
0.79 19.6945 97.1605 -106.822 
0.8 20.1945 97.0885 -106.741 
0.81 20.6943 97.0157 -106.659 
0.82 21.1939 96.942 -106.576 
0.83 21.6932 96.8674 -106.491 
0.84 22.1924 96.7919 -106.406 
0.85 22.6914 96.7156 -106.32 
0.86 23.1901 96.6383 -106.232 
0.87 23.6887 96.5602 -106.144 
0.88 24.187 96.4811 -106.054 
0.89 24.6851 96.4012 -105.964 
0.9 25.1829 96.3204 -105.872 
0.91 25.6806 96.2387 -105.78 
0.92 26.1779 96.1561 -105.686 
0.93 26.6751 96.0726 -105.591 
0.94 27.172 95.9883 -105.496 
0.95 27.6686 95.9031 -105.399 
0.96 28.165 95.8169 -105.301 
0.97 28.6611 95.73 -105.203 
0.98 29.1569 95.6421 -105.103 
0.99 29.6525 95.5533 -105.002 
1 30.1478 95.4637 -104.9 
1.01 30.6428 95.3732 -104.797 
1.02 31.1375 95.2818 -104.693 
1.03 31.6319 95.1896 -104.588 
1.04 32.126 95.0964 -104.482 
1.05 32.6198 95.0024 -104.375 
1.06 33.1133 94.9076 -104.267 
1.07 33.6065 94.8118 -104.158 
1.08 34.0994 94.7152 -104.048 
1.09 34.592 94.6177 -103.937 
1.1 35.0842 94.5193 -103.825 
1.11 35.5761 94.4201 -103.711 
1.12 36.0677 94.32 -103.597 
1.13 36.5589 94.2191 -103.482 
1.14 37.0498 94.1173 -103.366 
1.15 37.5404 94.0146 -103.248 
1.16 38.0306 93.911 -103.13 
1.17 38.5204 93.8066 -103.011 
1.18 39.0099 93.7014 -102.89 
1.19 39.499 93.5952 -102.769 
1.2 39.9877 93.4883 -102.646 
1.21 40.476 93.3804 -102.523 
1.22 40.964 93.2717 -102.398 
1.23 41.4516 93.1622 -102.273 
1.24 41.9388 93.0518 -102.146 
1.25 42.4256 92.9406 -102.019 
1.26 42.912 92.8285 -101.89 
1.27 43.398 92.7155 -101.761 
1.28 43.8836 92.6017 -101.63 
1.29 44.3688 92.4871 -101.499 
1.3 44.8535 92.3716 -101.366 
1.31 45.3379 92.2553 -101.232 
1.32 45.8218 92.1381 -101.098 
1.33 46.3052 92.0201 -100.962 
1.34 46.7883 91.9013 -100.825 
1.35 47.2709 91.7816 -100.688 
1.36 47.7531 91.661 -100.549 
1.37 48.2348 91.5397 -100.409 
1.38 48.716 91.4175 -100.269 
1.39 49.1968 91.2945 -100.127 
1.4 49.6772 91.1706 -99.9844 
1.41 50.157 91.0459 -99.8407 
1.42 50.6364 90.9204 -99.696 
1.43 51.1153 90.7941 -99.5503 
1.44 51.5938 90.6669 -99.4036 
1.45 52.0717 90.539 -99.2559 
1.46 52.5492 90.4102 -99.1071 
1.47 53.0262 90.2805 -98.9574 
1.48 53.5027 90.1501 -98.8067 
1.49 53.9787 90.0188 -98.655 
1.5 54.4541 89.8868 -98.5023 
1.51 54.9291 89.7539 -98.3487 
1.52 55.4035 89.6202 -98.194 
1.53 55.8775 89.4857 -98.0383 
1.54 56.3509 89.3504 -97.8817 
1.55 56.8237 89.2142 -97.724 
1.56 57.2961 89.0773 -97.5654 
1.57 57.7679 88.9396 -97.4058 
1.58 58.2391 88.801 -97.2452 
1.59 58.7099 88.6617 -97.0836 
1.6 59.18 88.5216 -96.921 
1.61 59.6496 88.3806 -96.7575 
1.62 60.1187 88.2389 -96.5929 
1.63 60.5872 88.0964 -96.4274 
1.64 61.0551 87.9531 -96.2609 
1.65 61.5225 87.809 -96.0935 
1.66 61.9893 87.6641 -95.9251 
1.67 62.4555 87.5184 -95.7557 
1.68 62.9211 87.372 -95.5853 
1.69 63.3862 87.2247 -95.414 
1.7 63.8506 87.0767 -95.2417 
1.71 64.3145 86.9279 -95.0684 
1.72 64.7777 86.7783 -94.8942 
1.73 65.2404 86.628 -94.719 
1.74 65.7024 86.4769 -94.5428 
1.75 66.1638 86.325 -94.3657 
1.76 66.6247 86.1723 -94.1876 
1.77 67.0848 86.0189 -94.0086 
1.78 67.5444 85.8647 -93.8286 
1.79 68.0034 85.7097 -93.6476 
1.8 68.4617 85.554 -93.4657 
1.81 68.9194 85.3975 -93.2829 
1.82 69.3764 85.2403 -93.0991 
1.83 69.8328 85.0823 -92.9144 
1.84 70.2885 84.9236 -92.7287 
1.85 70.7436 84.7641 -92.5421 
1.86 71.1981 84.6038 -92.3545 
1.87 71.6519 84.4429 -92.166 
1.88 72.105 84.2811 -91.9765 
1.89 72.5575 84.1186 -91.7862 
1.9 73.0092 83.9554 -91.5948 
1.91 73.4603 83.7915 -91.4026 
1.92 73.9108 83.6268 -91.2094 
1.93 74.3605 83.4613 -91.0153 
1.94 74.8096 83.2952 -90.8203 
1.95 75.258 83.1283 -90.6243 
1.96 75.7057 82.9607 -90.4274 
1.97 76.1526 82.7923 -90.2296 
1.98 76.5989 82.6233 -90.0309 
1.99 77.0445 82.4535 -89.8313 
2 77.4894 82.283 -89.6307 
2.01 77.9336 82.1117 -89.4292 
2.02 78.377 81.9398 -89.2268 
2.03 78.8197 81.7671 -89.0235 
2.04 79.2617 81.5938 -88.8193 
2.05 79.703 81.4197 -88.6142 
2.06 80.1436 81.2449 -88.4082 
2.07 80.5834 81.0694 -88.2013 
2.08 81.0225 80.8933 -87.9935 
2.09 81.4608 80.7164 -87.7848 
2.1 81.8984 80.5388 -87.5752 
2.11 82.3353 80.3605 -87.3647 
2.12 82.7714 80.1816 -87.1533 
2.13 83.2067 80.0019 -86.941 
2.14 83.6413 79.8216 -86.7278 
2.15 84.0751 79.6405 -86.5138 
2.16 84.5082 79.4588 -86.2988 
2.17 84.9405 79.2764 -86.083 
2.18 85.372 79.0933 -85.8663 
2.19 85.8027 78.9096 -85.6487 
2.2 86.2327 78.7252 -85.4303 
2.21 86.6619 78.5401 -85.211 
2.22 87.0903 78.3543 -84.9908 
2.23 87.5179 78.1679 -84.7697 
2.24 87.9448 77.9808 -84.5478 
2.25 88.3708 77.793 -84.325 
2.26 88.796 77.6046 -84.1013 
2.27 89.2205 77.4155 -83.8768 
2.28 89.6441 77.2258 -83.6514 
2.29 90.0669 77.0354 -83.4252 
2.3 90.4889 76.8444 -83.1981 
2.31 90.9101 76.6527 -82.9702 
2.32 91.3305 76.4604 -82.7414 
2.33 91.7501 76.2674 -82.5118 
2.34 92.1688 76.0738 -82.2813 
2.35 92.5867 75.8795 -82.05 
2.36 93.0038 75.6847 -81.8179 
2.37 93.4201 75.4891 -81.5849 
2.38 93.8355 75.293 -81.3511 
2.39 94.2501 75.0962 -81.1164 
2.4 94.6638 74.8988 -80.881 
2.41 95.0767 74.7008 -80.6447 
2.42 95.4888 74.5022 -80.4075 
2.43 95.9 74.3029 -80.1696 
2.44 96.3103 74.103 -79.9308 
2.45 96.7198 73.9025 -79.6912 
2.46 97.1285 73.7015 -79.4508 
2.47 97.5363 73.4997 -79.2096 
2.48 97.9432 73.2974 -78.9676 
2.49 98.3492 73.0945 -78.7247 
2.5 98.7544 72.891 -78.4811 
2.51 99.1587 72.6869 -78.2367 
2.52 99.5621 72.4822 -77.9914 
2.53 99.9647 72.2769 -77.7454 
2.54 100.366 72.071 -77.4985 
2.55 100.767 71.8645 -77.2509 
2.56 101.167 71.6575 -77.0025 
2.57 101.566 71.4498 -76.7533 
2.58 101.964 71.2416 -76.5033 
2.59 102.361 71.0328 -76.2525 
2.6 102.758 70.8234 -76.001 
2.61 103.153 70.6135 -75.7486 
2.62 103.548 70.403 -75.4955 
2.63 103.941 70.1919 -75.2416 
2.64 104.334 69.9803 -74.987 
2.65 104.726 69.7681 -74.7316 
2.66 105.117 69.5553 -74.4754 
2.67 105.507 69.342 -74.2184 
2.68 105.896 69.1281 -73.9607 
2.69 106.284 68.9137 -73.7023 
2.7 106.671 68.6987 -73.4431 
2.71 107.058 68.4832 -73.1831 
2.72 107.443 68.2671 -72.9224 
2.73 107.827 68.0505 -72.6609 
2.74 108.211 67.8334 -72.3987 
2.75 108.593 67.6157 -72.1357 
2.76 108.975 67.3975 -71.8721 
2.77 109.356 67.1788 -71.6076 
2.78 109.736 66.9595 -71.3425 
2.79 110.114 66.7397 -71.0766 
2.8 110.492 66.5194 -70.81 
2.81 110.869 66.2986 -70.5426 
2.82 111.245 66.0772 -70.2745 
2.83 111.62 65.8553 -70.0058 
2.84 111.994 65.633 -69.7363 
2.85 112.368 65.4101 -69.466 
2.86 112.74 65.1867 -69.1951 
2.87 113.111 64.9628 -68.9235 
2.88 113.481 64.7384 -68.6511 
2.89 113.851 64.5135 -68.378 
2.9 114.219 64.2882 -68.1043 
2.91 114.586 64.0623 -67.8298 
2.92 114.953 63.8359 -67.5547 
2.93 115.318 63.6091 -67.2788 
2.94 115.683 63.3817 -67.0023 
2.95 116.046 63.1539 -66.7251 
2.96 116.409 62.9256 -66.4472 
2.97 116.77 62.6968 -66.1686 
2.98 117.131 62.4676 -65.8893 
2.99 117.49 62.2379 -65.6094 
3 117.849 62.0077 -65.3287 
3.01 118.206 61.777 -65.0474 
3.02 118.563 61.5459 -64.7655 
3.03 118.919 61.3143 -64.4829 
3.04 119.273 61.0823 -64.1996 
3.05 119.627 60.8498 -63.9156 
3.06 119.979 60.6168 -63.631 
3.07 120.331 60.3835 -63.3457 
3.08 120.682 60.1496 -63.0598 
3.09 121.031 59.9153 -62.7732 
3.1 121.38 59.6806 -62.486 
3.11 121.728 59.4454 -62.1982 
3.12 122.074 59.2098 -61.9097 
3.13 122.42 58.9738 -61.6205 
3.14 122.765 58.7373 -61.3307 
3.15 123.108 58.5004 -61.0403 
3.16 123.451 58.2631 -60.7493 
3.17 123.792 58.0254 -60.4576 
3.18 124.133 57.7872 -60.1653 
3.19 124.473 57.5486 -59.8724 
3.2 124.811 57.3096 -59.5789 
3.21 125.149 57.0702 -59.2847 
3.22 125.485 56.8304 -58.99 
3.23 125.821 56.5902 -58.6946 
3.24 126.155 56.3496 -58.3986 
3.25 126.488 56.1085 -58.102 
3.26 126.821 55.8671 -57.8048 
3.27 127.152 55.6253 -57.507 
3.28 127.483 55.3831 -57.2087 
3.29 127.812 55.1404 -56.9097 
3.3 128.14 54.8974 -56.6101 
3.31 128.468 54.6541 -56.3099 
3.32 128.794 54.4103 -56.0092 
3.33 129.119 54.1661 -55.7079 
3.34 129.443 53.9216 -55.4059 
3.35 129.766 53.6767 -55.1035 
3.36 130.088 53.4315 -54.8004 
3.37 130.409 53.1858 -54.4968 
3.38 130.729 52.9398 -54.1926 
3.39 131.048 52.6934 -53.8878 
3.4 131.366 52.4467 -53.5825 
3.41 131.683 52.1996 -53.2766 
3.42 131.999 51.9521 -52.9701 
3.43 132.314 51.7043 -52.6631 
3.44 132.628 51.4562 -52.3555 
3.45 132.94 51.2077 -52.0474 
3.46 133.252 50.9588 -51.7388 
3.47 133.563 50.7096 -51.4296 
3.48 133.872 50.4601 -51.1198 
3.49 134.181 50.2102 -50.8095 
3.5 134.488 49.96 -50.4987 
3.51 134.795 49.7095 -50.1874 
3.52 135.1 49.4586 -49.8755 
3.53 135.404 49.2074 -49.5631 
3.54 135.707 48.9559 -49.2502 
3.55 136.01 48.704 -48.9367 
3.56 136.311 48.4519 -48.6227 
3.57 136.611 48.1994 -48.3083 
3.58 136.91 47.9466 -47.9933 
3.59 137.208 47.6935 -47.6777 
3.6 137.505 47.44 -47.3617 
3.61 137.801 47.1863 -47.0452 
3.62 138.095 46.9323 -46.7282 
3.63 138.389 46.6779 -46.4106 
3.64 138.682 46.4233 -46.0926 
3.65 138.973 46.1684 -45.7741 
3.66 139.264 45.9131 -45.4551 
3.67 139.553 45.6576 -45.1356 
3.68 139.842 45.4018 -44.8156 
3.69 140.129 45.1457 -44.4951 
3.7 140.415 44.8893 -44.1742 
3.71 140.7 44.6327 -43.8528 
3.72 140.984 44.3757 -43.5309 
3.73 141.267 44.1185 -43.2085 
3.74 141.549 43.861 -42.8857 
3.75 141.83 43.6032 -42.5624 
3.76 142.11 43.3452 -42.2386 
3.77 142.389 43.0869 -41.9143 
3.78 142.667 42.8283 -41.5897 
3.79 142.943 42.5695 -41.2645 
3.8 143.219 42.3104 -40.9389 
3.81 143.493 42.0511 -40.6129 
3.82 143.767 41.7915 -40.2864 
3.83 144.039 41.5316 -39.9594 
3.84 144.31 41.2715 -39.632 
3.85 144.58 41.0112 -39.3042 
3.86 144.85 40.7506 -38.976 
3.87 145.118 40.4898 -38.6473 
3.88 145.385 40.2287 -38.3181 
3.89 145.65 39.9674 -37.9886 
3.9 145.915 39.7058 -37.6586 
3.91 146.179 39.4441 -37.3282 
3.92 146.442 39.1821 -36.9974 
3.93 146.703 38.9198 -36.6662 
3.94 146.964 38.6574 -36.3345 
3.95 147.223 38.3947 -36.0024 
3.96 147.482 38.1318 -35.67 
3.97 147.739 37.8687 -35.3371 
3.98 147.995 37.6053 -35.0038 
3.99 148.25 37.3418 -34.6701 
4 148.504 37.078 -34.336 
4.01 148.757 36.8141 -34.0016 
4.02 149.009 36.5499 -33.6667 
4.03 149.26 36.2855 -33.3314 
4.04 149.51 36.0209 -32.9958 
4.05 149.758 35.7561 -32.6597 
4.06 150.006 35.4912 -32.3233 
4.07 150.252 35.226 -31.9865 
4.08 150.498 34.9606 -31.6493 
4.09 150.742 34.6951 -31.3118 
4.1 150.985 34.4293 -30.9738 
4.11 151.227 34.1634 -30.6355 
4.12 151.469 33.8973 -30.2969 
4.13 151.709 33.631 -29.9579 
4.14 151.948 33.3646 -29.6185 
4.15 152.185 33.0979 -29.2787 
4.16 152.422 32.8311 -28.9386 
4.17 152.658 32.5641 -28.5982 
4.18 152.893 32.297 -28.2574 
4.19 153.126 32.0296 -27.9162 
4.2 153.359 31.7622 -27.5747 
4.21 153.59 31.4945 -27.2329 
4.22 153.82 31.2267 -26.8907 
4.23 154.05 30.9587 -26.5481 
4.24 154.278 30.6906 -26.2053 
4.25 154.505 30.4223 -25.8621 
4.26 154.731 30.1539 -25.5186 
4.27 154.956 29.8853 -25.1747 
4.28 155.18 29.6166 -24.8305 
4.29 155.402 29.3477 -24.486 
4.3 155.624 29.0787 -24.1412 
4.31 155.845 28.8096 -23.7961 
4.32 156.064 28.5403 -23.4506 
4.33 156.283 28.2709 -23.1049 
4.34 156.5 28.0013 -22.7588 
4.35 156.717 27.7316 -22.4124 
4.36 156.932 27.4618 -22.0657 
4.37 157.146 27.1919 -21.7188 
4.38 157.359 26.9218 -21.3715 
4.39 157.571 26.6516 -21.0239 
4.4 157.782 26.3813 -20.676 
4.41 157.992 26.1109 -20.3278 
4.42 158.201 25.8403 -19.9794 
4.43 158.409 25.5696 -19.6306 
4.44 158.615 25.2989 -19.2816 
4.45 158.821 25.028 -18.9323 
4.46 159.025 24.757 -18.5827 
4.47 159.229 24.4859 -18.2328 
4.48 159.431 24.2147 -17.8827 
4.49 159.633 23.9434 -17.5323 
4.5 159.833 23.672 -17.1816 
4.51 160.032 23.4005 -16.8306 
4.52 160.23 23.1289 -16.4794 
4.53 160.427 22.8572 -16.128 
4.54 160.623 22.5854 -15.7762 
4.55 160.818 22.3136 -15.4242 
4.56 161.012 22.0416 -15.072 
4.57 161.205 21.7696 -14.7195 
4.58 161.397 21.4974 -14.3667 
4.59 161.587 21.2252 -14.0137 
4.6 161.777 20.9529 -13.6605 
4.61 161.965 20.6806 -13.307 
4.62 162.153 20.4081 -12.9533 
4.63 162.339 20.1356 -12.5993 
4.64 162.525 19.8631 -12.2451 
4.65 162.709 19.5904 -11.8907 
4.66 162.892 19.3177 -11.536 
4.67 163.074 19.0449 -11.1811 
4.68 163.255 18.7721 -10.826 
4.69 163.436 18.4992 -10.4707 
4.7 163.615 18.2262 -10.1151 
4.71 163.792 17.9532 -9.75934 
4.72 163.969 17.6801 -9.40335 
4.73 164.145 17.407 -9.04714 
4.74 164.32 17.1338 -8.69072 
4.75 164.494 16.8606 -8.33409 
4.76 164.666 16.5873 -7.97726 
4.77 164.838 16.314 -7.62022 
4.78 165.009 16.0406 -7.26298 
4.79 165.178 15.7672 -6.90554 
4.8 165.347 15.4937 -6.5479 
4.81 165.514 15.2202 -6.19006 
4.82 165.681 14.9467 -5.83204 
4.83 165.846 14.6732 -5.47382 
4.84 166.01 14.3996 -5.11542 
4.85 166.173 14.126 -4.75682 
4.86 166.336 13.8523 -4.39805 
4.87 166.497 13.5786 -4.03909 
4.88 166.657 13.3049 -3.67996 
4.89 166.816 13.0312 -3.32065 
4.9 166.974 12.7575 -2.96116 
4.91 167.131 12.4837 -2.6015 
4.92 167.287 12.2099 -2.24168 
4.93 167.442 11.9361 -1.88168 
4.94 167.596 11.6623 -1.52152 
4.95 167.749 11.3885 -1.16119 
4.96 167.901 11.1147 -0.800706 
4.97 168.051 10.8408 -0.440061 
4.98 168.201 10.567 -0.0792598 
4.99 168.35 10.2931 0.281696 
5 168.497 10.0193 0.642804 
5.01 168.644 9.74544 1.00406 
5.02 168.79 9.47159 1.36547 
5.03 168.934 9.19774 1.72702 
5.04 169.078 8.9239 2.08872 
5.05 169.22 8.65006 2.45055 
5.06 169.362 8.37623 2.81253 
5.07 169.502 8.10241 3.17464 
5.08 169.642 7.8286 3.53689 
5.09 169.78 7.5548 3.89927 
5.1 169.918 7.28102 4.26178 
5.11 170.054 7.00725 4.62442 
5.12 170.19 6.73351 4.98718 
5.13 170.324 6.45978 5.35007 
5.14 170.457 6.18607 5.71309 
5.15 170.59 5.91239 6.07622 
5.16 170.721 5.63873 6.43947 
5.17 170.851 5.3651 6.80283 
5.18 170.981 5.0915 7.16631 
5.19 171.109 4.81793 7.5299 
5.2 171.236 4.54439 7.8936 
5.21 171.362 4.27088 8.25741 
5.22 171.488 3.99741 8.62133 
5.23 171.612 3.72398 8.98534 
5.24 171.735 3.45058 9.34946 
5.25 171.857 3.17723 9.71368 
5.26 171.978 2.90391 10.078 
5.27 172.099 2.63064 10.4424 
5.28 172.218 2.35741 10.8069 
5.29 172.336 2.08424 11.1715 
5.3 172.453 1.81111 11.5362 
5.31 172.57 1.53802 11.901 
5.32 172.685 1.26499 12.2658 
5.33 172.799 0.992019 12.6308 
5.34 172.912 0.719097 12.9958 
5.35 173.024 0.446232 13.3609 
5.36 173.136 0.173424 13.726 
5.37 173.246 -0.0993241 14.0913 
5.38 173.355 -0.372011 14.4566 
5.39 173.463 -0.644636 14.822 
5.4 173.571 -0.917196 15.1875 
5.41 173.677 -1.18969 15.553 
5.42 173.782 -1.46212 15.9186 
5.43 173.887 -1.73448 16.2843 
5.44 173.99 -2.00677 16.65 
5.45 174.092 -2.27898 17.0158 
5.46 174.194 -2.55113 17.3816 
5.47 174.294 -2.8232 17.7475 
5.48 174.393 -3.09519 18.1135 
5.49 174.492 -3.3671 18.4795 
5.5 174.589 -3.63894 18.8456 
5.51 174.686 -3.91069 19.2117 
5.52 174.781 -4.18236 19.5778 
5.53 174.876 -4.45395 19.944 
5.54 174.969 -4.72546 20.3102 
5.55 175.062 -4.99687 20.6765 
5.56 175.154 -5.2682 21.0428 
5.57 175.244 -5.53944 21.4092 
5.58 175.334 -5.81059 21.7756 
5.59 175.423 -6.08164 22.142 
5.6 175.511 -6.3526 22.5085 
5.61 175.597 -6.62347 22.875 
5.62 175.683 -6.89424 23.2415 
5.63 175.768 -7.16491 23.608 
5.64 175.852 -7.43548 23.9746 
5.65 175.935 -7.70595 24.3412 
5.66 176.017 -7.97631 24.7078 
5.67 176.098 -8.24658 25.0744 
5.68 176.178 -8.51673 25.4411 
5.69 176.257 -8.78678 25.8078 
5.7 176.336 -9.05673 26.1744 
5.71 176.413 -9.32656 26.5411 
5.72 176.489 -9.59628 26.9078 
5.73 176.564 -9.86589 27.2746 
5.74 176.639 -10.1354 27.6413 
5.75 176.712 -10.4048 28.008 
5.76 176.785 -10.674 28.3747 
5.77 176.856 -10.9432 28.7415 
5.78 176.927 -11.2122 29.1082 
5.79 176.997 -11.4811 29.4749 
5.8 177.066 -11.7499 29.8417 
5.81 177.133 -12.0186 30.2084 
5.82 177.2 -12.2871 30.5751 
5.83 177.266 -12.5555 30.9418 
5.84 177.331 -12.8238 31.3085 
5.85 177.395 -13.092 31.6752 
5.86 177.459 -13.36 32.0419 
5.87 177.521 -13.6279 32.4085 
5.88 177.582 -13.8957 32.7752 
5.89 177.642 -14.1633 33.1418 
5.9 177.702 -14.4308 33.5084 
5.91 177.76 -14.6982 33.875 
5.92 177.818 -14.9654 34.2416 
5.93 177.875 -15.2325 34.6081 
5.94 177.931 -15.4994 34.9746 
5.95 177.985 -15.7663 35.3411 
5.96 178.039 -16.0329 35.7076 
5.97 178.092 -16.2994 36.074 
5.98 178.145 -16.5658 36.4404 
5.99 178.196 -16.8321 36.8068 
6 178.246 -17.0981 37.1731 
6.01 178.295 -17.3641 37.5394 
6.02 178.344 -17.6299 37.9056 
6.03 178.392 -17.8955 38.2718 
6.04 178.438 -18.161 38.638 
6.05 178.484 -18.4263 39.0041 
6.06 178.529 -18.6915 39.3702 
6.07 178.573 -18.9565 39.7363 
6.08 178.616 -19.2214 40.1023 
6.09 178.658 -19.4861 40.4682 
6.1 178.699 -19.7507 40.8341 
6.11 178.74 -20.0151 41.1999 
6.12 178.779 -20.2793 41.5657 
6.13 178.818 -20.5434 41.9314 
6.14 178.856 -20.8073 42.2971 
6.15 178.892 -21.071 42.6627 
6.16 178.928 -21.3346 43.0283 
6.17 178.963 -21.598 43.3938 
6.18 178.998 -21.8613 43.7592 
6.19 179.031 -22.1243 44.1246 
6.2 179.063 -22.3872 44.4899 
6.21 179.095 -22.65 44.8551 
6.22 179.125 -22.9125 45.2203 
6.23 179.155 -23.1749 45.5854 
6.24 179.184 -23.4371 45.9504 
6.25 179.212 -23.6992 46.3154 
6.26 179.239 -23.961 46.6802 
6.27 179.265 -24.2227 47.0451 
6.28 179.291 -24.4842 47.4098 
6.29 179.315 -24.7455 47.7744 
6.3 179.339 -25.0067 48.139 
6.31 179.362 -25.2676 48.5035 
6.32 179.384 -25.5284 48.8679 
6.33 179.405 -25.789 49.2322 
6.34 179.425 -26.0494 49.5965 
6.35 179.444 -26.3096 49.9606 
6.36 179.463 -26.5697 50.3247 
6.37 179.48 -26.8295 50.6887 
6.38 179.497 -27.0892 51.0526 
6.39 179.513 -27.3487 51.4164 
6.4 179.528 -27.6079 51.7801 
6.41 179.542 -27.867 52.1437 
6.42 179.556 -28.1259 52.5072 
6.43 179.568 -28.3846 52.8706 
6.44 179.58 -28.6431 53.2339 
6.45 179.591 -28.9014 53.5971 
6.46 179.601 -29.1596 53.9603 
6.47 179.61 -29.4175 54.3233 
6.48 179.618 -29.6752 54.6862 
6.49 179.625 -29.9327 55.049 
6.5 179.632 -30.19 55.4117 
6.51 179.638 -30.4471 55.7743 
6.52 179.643 -30.704 56.1368 
6.53 179.647 -30.9607 56.4991 
6.54 179.65 -31.2172 56.8614 
6.55 179.653 -31.4735 57.2236 
6.56 179.654 -31.7296 57.5856 
6.57 179.655 -31.9855 57.9475 
6.58 179.655 -32.2412 58.3093 
6.59 179.654 -32.4967 58.671 
6.6 179.652 -32.7519 59.0326 
6.61 179.65 -33.007 59.394 
6.62 179.646 -33.2618 59.7554 
6.63 179.642 -33.5164 60.1166 
6.64 179.637 -33.7708 60.4777 
6.65 179.632 -34.025 60.8386 
6.66 179.625 -34.279 61.1995 
6.67 179.617 -34.5327 61.5602 
6.68 179.609 -34.7863 61.9208 
6.69 179.6 -35.0396 62.2812 
6.7 179.59 -35.2927 62.6415 
6.71 179.58 -35.5456 63.0017 
6.72 179.568 -35.7983 63.3618 
6.73 179.556 -36.0507 63.7217 
6.74 179.543 -36.3029 64.0815 
6.75 179.529 -36.5549 64.4411 
6.76 179.514 -36.8067 64.8006 
6.77 179.499 -37.0583 65.16 
6.78 179.482 -37.3096 65.5193 
6.79 179.465 -37.5607 65.8783 
6.8 179.448 -37.8115 66.2373 
6.81 179.429 -38.0622 66.5961 
6.82 179.409 -38.3126 66.9548 
6.83 179.389 -38.5628 67.3133 
6.84 179.368 -38.8127 67.6717 
6.85 179.346 -39.0624 68.0299 
6.86 179.324 -39.3119 68.388 
6.87 179.3 -39.5612 68.7459 
6.88 179.276 -39.8102 69.1037 
6.89 179.251 -40.059 69.4613 
6.9 179.225 -40.3075 69.8188 
6.91 179.199 -40.5559 70.1761 
6.92 179.172 -40.8039 70.5332 
6.93 179.143 -41.0518 70.8902 
6.94 179.115 -41.2994 71.2471 
6.95 179.085 -41.5467 71.6038 
6.96 179.055 -41.7939 71.9603 
6.97 179.023 -42.0408 72.3167 
6.98 178.992 -42.2874 72.6729 
6.99 178.959 -42.5338 73.0289 
7 178.925 -42.7799 73.3848 
7.01 178.891 -43.0259 73.7405 
7.02 178.856 -43.2715 74.0961 
7.03 178.82 -43.517 74.4515 
7.04 178.784 -43.7621 74.8067 
7.05 178.747 -44.0071 75.1617 
7.06 178.709 -44.2517 75.5166 
7.07 178.67 -44.4962 75.8713 
7.08 178.63 -44.7404 76.2259 
7.09 178.59 -44.9843 76.5802 
7.1 178.549 -45.228 76.9344 
7.11 178.507 -45.4714 77.2884 
7.12 178.465 -45.7146 77.6423 
7.13 178.421 -45.9575 77.9959 
7.14 178.377 -46.2002 78.3494 
7.15 178.332 -46.4427 78.7027 
7.16 178.287 -46.6848 79.0558 
7.17 178.241 -46.9267 79.4088 
7.18 178.194 -47.1684 79.7616 
7.19 178.146 -47.4098 80.1141 
7.2 178.098 -47.651 80.4665 
7.21 178.048 -47.8919 80.8188 
7.22 177.998 -48.1325 81.1708 
7.23 177.948 -48.3729 81.5226 
7.24 177.896 -48.613 81.8743 
7.25 177.844 -48.8528 82.2258 
7.26 177.791 -49.0924 82.577 
7.27 177.738 -49.3318 82.9281 
7.28 177.683 -49.5708 83.279 
7.29 177.628 -49.8096 83.6297 
7.3 177.573 -50.0482 83.9803 
7.31 177.516 -50.2865 84.3306 
7.32 177.459 -50.5245 84.6807 
7.33 177.401 -50.7622 85.0306 
7.34 177.342 -50.9997 85.3804 
7.35 177.283 -51.2369 85.7299 
7.36 177.223 -51.4739 86.0793 
7.37 177.162 -51.7106 86.4284 
7.38 177.101 -51.947 86.7773 
7.39 177.038 -52.1831 87.1261 
7.4 176.976 -52.419 87.4746 
7.41 176.912 -52.6546 87.823 
7.42 176.848 -52.89 88.1711 
7.43 176.783 -53.125 88.519 
7.44 176.717 -53.3598 88.8668 
7.45 176.65 -53.5944 89.2143 
7.46 176.583 -53.8286 89.5616 
7.47 176.516 -54.0626 89.9087 
7.48 176.447 -54.2963 90.2556 
7.49 176.378 -54.5297 90.6023 
7.5 176.308 -54.7629 90.9488 
7.51 176.237 -54.9958 91.295 
7.52 176.166 -55.2284 91.6411 
7.53 176.094 -55.4607 91.9869 
7.54 176.021 -55.6927 92.3326 
7.55 175.948 -55.9245 92.678 
7.56 175.874 -56.156 93.0232 
7.57 175.799 -56.3872 93.3682 
7.58 175.724 -56.6182 93.7129 
7.59 175.648 -56.8488 94.0575 
7.6 175.571 -57.0792 94.4018 
7.61 175.494 -57.3093 94.746 
7.62 175.415 -57.5391 95.0899 
7.63 175.337 -57.7686 95.4335 
7.64 175.257 -57.9979 95.777 
7.65 175.177 -58.2268 96.1202 
7.66 175.096 -58.4555 96.4632 
7.67 175.015 -58.6839 96.806 
7.68 174.933 -58.912 97.1486 
7.69 174.85 -59.1399 97.4909 
7.7 174.766 -59.3674 97.8331 
7.71 174.682 -59.5947 98.1749 
7.72 174.597 -59.8216 98.5166 
7.73 174.512 -60.0483 98.858 
7.74 174.426 -60.2747 99.1992 
7.75 174.339 -60.5008 99.5402 
7.76 174.252 -60.7266 99.881 
7.77 174.163 -60.9522 100.221 
7.78 174.075 -61.1774 100.562 
7.79 173.985 -61.4024 100.902 
7.8 173.895 -61.627 101.242 
7.81 173.805 -61.8514 101.581 
7.82 173.713 -62.0755 101.921 
7.83 173.621 -62.2993 102.26 
7.84 173.528 -62.5228 102.599 
7.85 173.435 -62.746 102.937 
7.86 173.341 -62.9689 103.276 
7.87 173.247 -63.1915 103.614 
7.88 173.151 -63.4138 103.952 
7.89 173.056 -63.6359 104.289 
7.9 172.959 -63.8576 104.627 
7.91 172.862 -64.079 104.964 
7.92 172.764 -64.3002 105.301 
7.93 172.666 -64.521 105.638 
7.94 172.567 -64.7416 105.974 
7.95 172.467 -64.9618 106.31 
7.96 172.367 -65.1818 106.646 
7.97 172.266 -65.4014 106.982 
7.98 172.164 -65.6208 107.318 
7.99 172.062 -65.8399 107.653 
8 171.959 -66.0586 107.988 
8.01 171.856 -66.2771 108.323 
8.02 171.752 -66.4953 108.657 
8.03 171.647 -66.7131 108.992 
8.04 171.542 -66.9307 109.326 
8.05 171.436 -67.148 109.659 
8.06 171.329 -67.3649 109.993 
8.07 171.222 -67.5816 110.326 
8.08 171.115 -67.7979 110.659 
8.09 171.006 -68.014 110.992 
8.1 170.897 -68.2297 111.324 
8.11 170.788 -68.4452 111.657 
8.12 170.677 -68.6603 111.989 
8.13 170.567 -68.8752 112.32 
8.14 170.455 -69.0897 112.652 
8.15 170.343 -69.304 112.983 
8.16 170.231 -69.5179 113.314 
8.17 170.117 -69.7315 113.645 
8.18 170.004 -69.9448 113.975 
8.19 169.889 -70.1578 114.306 
8.2 169.774 -70.3705 114.636 
8.21 169.659 -70.5829 114.965 
8.22 169.542 -70.795 115.295 
8.23 169.426 -71.0068 115.624 
8.24 169.308 -71.2183 115.953 
8.25 169.19 -71.4294 116.281 
8.26 169.072 -71.6403 116.61 
8.27 168.953 -71.8509 116.938 
8.28 168.833 -72.0611 117.266 
8.29 168.712 -72.271 117.593 
8.3 168.592 -72.4806 117.921 
8.31 168.47 -72.6899 118.248 
8.32 168.348 -72.8989 118.575 
8.33 168.225 -73.1076 118.901 
8.34 168.102 -73.316 119.227 
8.35 167.978 -73.5241 119.553 
8.36 167.854 -73.7318 119.879 
8.37 167.729 -73.9393 120.205 
8.38 167.603 -74.1464 120.53 
8.39 167.477 -74.3532 120.855 
8.4 167.351 -74.5597 121.179 
8.41 167.223 -74.7659 121.504 
8.42 167.096 -74.9718 121.828 
8.43 166.967 -75.1773 122.152 
8.44 166.838 -75.3826 122.475 
8.45 166.709 -75.5875 122.799 
8.46 166.579 -75.7921 123.122 
8.47 166.448 -75.9964 123.444 
8.48 166.317 -76.2004 123.767 
8.49 166.185 -76.4041 124.089 
8.5 166.053 -76.6074 124.411 
8.51 165.92 -76.8105 124.733 
8.52 165.786 -77.0132 125.054 
8.53 165.652 -77.2156 125.375 
8.54 165.518 -77.4177 125.696 
8.55 165.383 -77.6194 126.016 
8.56 165.247 -77.8209 126.337 
8.57 165.111 -78.022 126.657 
8.58 164.974 -78.2228 126.976 
8.59 164.837 -78.4233 127.296 
8.6 164.699 -78.6235 127.615 
8.61 164.561 -78.8233 127.934 
8.62 164.422 -79.0229 128.252 
8.63 164.282 -79.2221 128.571 
8.64 164.142 -79.421 128.889 
8.65 164.002 -79.6196 129.206 
8.66 163.861 -79.8178 129.524 
8.67 163.719 -80.0158 129.841 
8.68 163.577 -80.2134 130.158 
8.69 163.434 -80.4107 130.474 
8.7 163.291 -80.6076 130.791 
8.71 163.147 -80.8043 131.107 
8.72 163.003 -81.0006 131.422 
8.73 162.858 -81.1966 131.738 
8.74 162.713 -81.3923 132.053 
8.75 162.567 -81.5876 132.368 
8.76 162.421 -81.7827 132.683 
8.77 162.274 -81.9774 132.997 
8.78 162.126 -82.1718 133.311 
8.79 161.978 -82.3658 133.625 
8.8 161.83 -82.5596 133.938 
8.81 161.681 -82.753 134.251 
8.82 161.531 -82.9461 134.564 
8.83 161.381 -83.1389 134.877 
8.84 161.231 -83.3313 135.189 
8.85 161.079 -83.5234 135.501 
8.86 160.928 -83.7152 135.812 
8.87 160.776 -83.9067 136.124 
8.88 160.623 -84.0978 136.435 
8.89 160.47 -84.2886 136.746 
8.9 160.316 -84.4791 137.056 
8.91 160.162 -84.6693 137.366 
8.92 160.008 -84.8591 137.676 
8.93 159.853 -85.0486 137.986 
8.94 159.697 -85.2378 138.295 
8.95 159.541 -85.4267 138.604 
8.96 159.384 -85.6152 138.913 
8.97 159.227 -85.8034 139.222 
8.98 159.069 -85.9913 139.53 
8.99 158.911 -86.1788 139.838 
9 158.752 -86.366 140.145 
9.01 158.593 -86.5529 140.452 
9.02 158.434 -86.7394 140.759 
9.03 158.274 -86.9257 141.066 
9.04 158.113 -87.1116 141.372 
9.05 157.952 -87.2971 141.678 
9.06 157.79 -87.4824 141.984 
9.07 157.628 -87.6673 142.29 
9.08 157.466 -87.8519 142.595 
9.09 157.302 -88.0361 142.9 
9.1 157.139 -88.2201 143.204 
9.11 156.975 -88.4036 143.508 
9.12 156.81 -88.5869 143.812 
9.13 156.645 -88.7698 144.116 
9.14 156.48 -88.9524 144.419 
9.15 156.314 -89.1347 144.722 
9.16 156.148 -89.3166 145.025 
9.17 155.981 -89.4982 145.328 
9.18 155.813 -89.6795 145.63 
9.19 155.645 -89.8605 145.932 
9.2 155.477 -90.0411 146.233 
9.21 155.308 -90.2213 146.534 
9.22 155.139 -90.4013 146.835 
9.23 154.969 -90.5809 147.136 
9.24 154.799 -90.7602 147.436 
9.25 154.628 -90.9391 147.736 
9.26 154.457 -91.1177 148.036 
9.27 154.286 -91.296 148.335 
9.28 154.114 -91.474 148.634 
9.29 153.941 -91.6516 148.933 
9.3 153.768 -91.8289 149.231 
9.31 153.595 -92.0058 149.53 
9.32 153.421 -92.1824 149.827 
9.33 153.246 -92.3587 150.125 
9.34 153.071 -92.5347 150.422 
9.35 152.896 -92.7103 150.719 
9.36 152.72 -92.8856 151.016 
9.37 152.544 -93.0605 151.312 
9.38 152.368 -93.2351 151.608 
9.39 152.19 -93.4094 151.903 
9.4 152.013 -93.5833 152.199 
9.41 151.835 -93.7569 152.494 
9.42 151.656 -93.9302 152.789 
9.43 151.478 -94.1031 153.083 
9.44 151.298 -94.2757 153.377 
9.45 151.118 -94.448 153.671 
9.46 150.938 -94.6199 153.964 
9.47 150.758 -94.7915 154.257 
9.48 150.576 -94.9628 154.55 
9.49 150.395 -95.1337 154.843 
9.5 150.213 -95.3043 155.135 
9.51 150.031 -95.4745 155.427 
9.52 149.848 -95.6444 155.718 
9.53 149.664 -95.814 156.01 
9.54 149.481 -95.9833 156.301 
9.55 149.296 -96.1522 156.591 
9.56 149.112 -96.3207 156.882 
9.57 148.927 -96.4889 157.172 
9.58 148.741 -96.6568 157.461 
9.59 148.555 -96.8244 157.751 
9.6 148.369 -96.9916 158.04 
9.61 148.182 -97.1585 158.328 
9.62 147.995 -97.325 158.617 
9.63 147.808 -97.4912 158.905 
9.64 147.62 -97.6571 159.193 
9.65 147.431 -97.8226 159.48 
9.66 147.242 -97.9878 159.767 
9.67 147.053 -98.1527 160.054 
9.68 146.863 -98.3172 160.34 
9.69 146.673 -98.4814 160.627 
9.7 146.483 -98.6452 160.912 
9.71 146.292 -98.8087 161.198 
9.72 146.1 -98.9719 161.483 
9.73 145.909 -99.1347 161.768 
9.74 145.716 -99.2972 162.053 
9.75 145.524 -99.4593 162.337 
9.76 145.331 -99.6211 162.621 
9.77 145.137 -99.7826 162.904 
9.78 144.944 -99.9437 163.188 
9.79 144.749 -100.104 163.471 
9.8 144.555 -100.265 163.753 
9.81 144.36 -100.425 164.036 
9.82 144.164 -100.585 164.317 
9.83 143.968 -100.744 164.599 
9.84 143.772 -100.903 164.88 
9.85 143.575 -101.062 165.161 
9.86 143.378 -101.221 165.442 
9.87 143.181 -101.379 165.722 
9.88 142.983 -101.536 166.003 
9.89 142.785 -101.694 166.282 
9.9 142.586 -101.851 166.562 
9.91 142.387 -102.007 166.841 
9.92 142.188 -102.164 167.119 
9.93 141.988 -102.32 167.398 
9.94 141.788 -102.476 167.676 
9.95 141.587 -102.631 167.954 
9.96 141.386 -102.786 168.231 
9.97 141.185 -102.941 168.508 
9.98 140.983 -103.095 168.785 
9.99 140.781 -103.249 169.061 
10 140.578 -103.403 169.337 
10.01 140.375 -103.556 169.613 
10.02 140.172 -103.709 169.889 
10.03 139.968 -103.861 170.164 
10.04 139.764 -104.014 170.439 
10.05 139.56 -104.166 170.713 
10.06 139.355 -104.317 170.987 
10.07 139.15 -104.469 171.261 
10.08 138.944 -104.619 171.534 
10.09 138.738 -104.77 171.808 
10.1 138.532 -104.92 172.08 
10.11 138.325 -105.07 172.353 
10.12 138.118 -105.22 172.625 
10.13 137.91 -105.369 172.897 
10.14 137.702 -105.518 173.168 
10.15 137.494 -105.666 173.44 
10.16 137.286 -105.815 173.71 
10.17 137.077 -105.962 173.981 
10.18 136.867 -106.11 174.251 
10.19 136.658 -106.257 174.521 
10.2 136.448 -106.404 174.79 
10.21 136.237 -106.55 175.06 
10.22 136.027 -106.696 175.328 
10.23 135.815 -106.842 175.597 
10.24 135.604 -106.988 175.865 
10.25 135.392 -107.133 176.133 
10.26 135.18 -107.278 176.401 
10.27 134.967 -107.422 176.668 
10.28 134.754 -107.566 176.935 
10.29 134.541 -107.71 177.201 
10.3 134.327 -107.853 177.467 
10.31 134.113 -107.996 177.733 
10.32 133.899 -108.139 177.999 
10.33 133.684 -108.281 178.264 
10.34 133.469 -108.423 178.529 
10.35 133.254 -108.565 178.793 
10.36 133.038 -108.706 179.057 
10.37 132.822 -108.847 179.321 
10.38 132.606 -108.988 179.585 
10.39 132.389 -109.128 179.848 
10.4 132.172 -109.268 180.111 
10.41 131.954 -109.408 180.373 
10.42 131.736 -109.547 180.635 
10.43 131.518 -109.686 180.897 
10.44 131.3 -109.825 181.159 
10.45 131.081 -109.963 181.42 
10.46 130.862 -110.101 181.68 
10.47 130.642 -110.239 181.941 
10.48 130.422 -110.376 182.201 
10.49 130.202 -110.513 182.461 
10.5 129.982 -110.649 182.72 
10.51 129.761 -110.786 182.979 
10.52 129.54 -110.921 183.238 
10.53 129.318 -111.057 183.497 
10.54 129.096 -111.192 183.755 
10.55 128.874 -111.327 184.013 
10.56 128.651 -111.461 184.27 
10.57 128.429 -111.596 184.527 
10.58 128.205 -111.729 184.784 
10.59 127.982 -111.863 185.04 
10.6 127.758 -111.996 185.296 
10.61 127.534 -112.129 185.552 
10.62 127.309 -112.261 185.807 
10.63 127.085 -112.393 186.063 
10.64 126.859 -112.525 186.317 
10.65 126.634 -112.656 186.572 
10.66 126.408 -112.787 186.826 
10.67 126.182 -112.918 187.079 
10.68 125.956 -113.049 187.333 
10.69 125.729 -113.179 187.586 
10.7 125.502 -113.308 187.838 
10.71 125.275 -113.438 188.091 
10.72 125.047 -113.567 188.343 
10.73 124.819 -113.695 188.594 
10.74 124.591 -113.824 188.846 
10.75 124.362 -113.952 189.097 
10.76 124.133 -114.079 189.347 
10.77 123.904 -114.206 189.598 
10.78 123.674 -114.333 189.848 
10.79 123.444 -114.46 190.097 
10.8 123.214 -114.586 190.346 
10.81 122.984 -114.712 190.595 
10.82 122.753 -114.838 190.844 
10.83 122.522 -114.963 191.092 
10.84 122.291 -115.088 191.34 
10.85 122.059 -115.212 191.588 
10.86 121.827 -115.337 191.835 
10.87 121.595 -115.46 192.082 
10.88 121.362 -115.584 192.328 
10.89 121.129 -115.707 192.574 
10.9 120.896 -115.83 192.82 
10.91 120.662 -115.952 193.066 
10.92 120.429 -116.075 193.311 
10.93 120.195 -116.196 193.556 
10.94 119.96 -116.318 193.8 
10.95 119.725 -116.439 194.044 
10.96 119.491 -116.56 194.288 
10.97 119.255 -116.68 194.532 
10.98 119.02 -116.8 194.775 
10.99 118.784 -116.92 195.017 
11 118.548 -117.039 195.26 
11.01 118.311 -117.158 195.502 
11.02 118.075 -117.277 195.744 
11.03 117.838 -117.396 195.985 
11.04 117.6 -117.514 196.226 
11.05 117.363 -117.631 196.467 
11.06 117.125 -117.749 196.707 
11.07 116.887 -117.866 196.947 
11.08 116.648 -117.982 197.187 
11.09 116.41 -118.099 197.426 
11.1 116.171 -118.214 197.665 
11.11 115.931 -118.33 197.904 
11.12 115.692 -118.445 198.142 
11.13 115.452 -118.56 198.38 
11.14 115.212 -118.675 198.617 
11.15 114.972 -118.789 198.855 
11.16 114.731 -118.903 199.091 
11.17 114.49 -119.017 199.328 
11.18 114.249 -119.13 199.564 
11.19 114.007 -119.243 199.8 
11.2 113.766 -119.355 200.036 
11.21 113.524 -119.468 200.271 
11.22 113.281 -119.579 200.506 
11.23 113.039 -119.691 200.74 
11.24 112.796 -119.802 200.974 
11.25 112.553 -119.913 201.208 
11.26 112.31 -120.023 201.441 
11.27 112.066 -120.134 201.674 
11.28 111.822 -120.243 201.907 
11.29 111.578 -120.353 202.139 
11.3 111.334 -120.462 202.372 
11.31 111.089 -120.571 202.603 
11.32 110.844 -120.679 202.835 
11.33 110.599 -120.787 203.066 
11.34 110.353 -120.895 203.296 
11.35 110.108 -121.002 203.526 
11.36 109.862 -121.109 203.756 
11.37 109.615 -121.216 203.986 
11.38 109.369 -121.323 204.215 
11.39 109.122 -121.429 204.444 
11.4 108.875 -121.534 204.673 
11.41 108.628 -121.64 204.901 
11.42 108.38 -121.745 205.129 
11.43 108.133 -121.849 205.356 
11.44 107.885 -121.954 205.583 
11.45 107.636 -122.058 205.81 
11.46 107.388 -122.161 206.037 
11.47 107.139 -122.265 206.263 
11.48 106.89 -122.368 206.489 
11.49 106.641 -122.47 206.714 
11.5 106.391 -122.572 206.939 
11.51 106.142 -122.674 207.164 
11.52 105.892 -122.776 207.388 
11.53 105.641 -122.877 207.612 
11.54 105.391 -122.978 207.836 
11.55 105.14 -123.079 208.059 
11.56 104.889 -123.179 208.282 
11.57 104.638 -123.279 208.505 
11.58 104.387 -123.378 208.727 
11.59 104.135 -123.478 208.949 
11.6 103.883 -123.577 209.171 
11.61 103.631 -123.675 209.392 
11.62 103.378 -123.773 209.613 
11.63 103.126 -123.871 209.833 
11.64 102.873 -123.969 210.053 
11.65 102.62 -124.066 210.273 
11.66 102.366 -124.163 210.493 
11.67 102.113 -124.259 210.712 
11.68 101.859 -124.355 210.931 
11.69 101.605 -124.451 211.149 
11.7 101.351 -124.546 211.367 
11.71 101.096 -124.642 211.585 
11.72 100.841 -124.736 211.802 
11.73 100.586 -124.831 212.019 
11.74 100.331 -124.925 212.236 
11.75 100.076 -125.019 212.452 
11.76 99.8202 -125.112 212.668 
11.77 99.5644 -125.205 212.884 
11.78 99.3083 -125.298 213.099 
11.79 99.052 -125.39 213.314 
11.8 98.7954 -125.482 213.529 
11.81 98.5387 -125.574 213.743 
11.82 98.2817 -125.665 213.957 
11.83 98.0245 -125.756 214.17 
11.84 97.7671 -125.847 214.384 
11.85 97.5094 -125.938 214.596 
11.86 97.2516 -126.028 214.809 
11.87 96.9935 -126.117 215.021 
11.88 96.7352 -126.207 215.233 
11.89 96.4767 -126.296 215.444 
11.9 96.218 -126.384 215.655 
11.91 95.9591 -126.473 215.866 
11.92 95.6999 -126.561 216.076 
11.93 95.4406 -126.648 216.286 
11.94 95.181 -126.735 216.496 
11.95 94.9212 -126.822 216.705 
11.96 94.6612 -126.909 216.914 
11.97 94.401 -126.995 217.123 
11.98 94.1406 -127.081 217.331 
11.99 93.88 -127.167 217.539 
12 93.6192 -127.252 217.747 
12.01 93.3581 -127.337 217.954 
12.02 93.0969 -127.422 218.161 
12.03 92.8355 -127.506 218.367 
12.04 92.5738 -127.59 218.573 
12.05 92.312 -127.673 218.779 
12.06 92.0499 -127.757 218.985 
12.07 91.7877 -127.84 219.19 
12.08 91.5252 -127.922 219.394 
12.09 91.2626 -128.004 219.599 
12.1 90.9997 -128.086 219.803 
12.11 90.7367 -128.168 220.006 
12.12 90.4734 -128.249 220.21 
12.13 90.21 -128.33 220.413 
12.14 89.9463 -128.41 220.615 
12.15 89.6825 -128.491 220.818 
12.16 89.4184 -128.57 221.02 
12.17 89.1542 -128.65 221.221 
12.18 88.8898 -128.729 221.422 
12.19 88.6252 -128.808 221.623 
12.2 88.3604 -128.886 221.824 
12.21 88.0954 -128.965 222.024 
12.22 87.8302 -129.042 222.224 
12.23 87.5648 -129.12 222.423 
12.24 87.2992 -129.197 222.622 
12.25 87.0335 -129.274 222.821 
12.26 86.7675 -129.35 223.019 
12.27 86.5014 -129.427 223.217 
12.28 86.2351 -129.502 223.415 
12.29 85.9686 -129.578 223.612 
12.3 85.7019 -129.653 223.809 
12.31 85.435 -129.728 224.006 
12.32 85.168 -129.802 224.202 
12.33 84.9007 -129.876 224.398 
12.34 84.6333 -129.95 224.594 
12.35 84.3657 -130.023 224.789 
12.36 84.098 -130.097 224.984 
12.37 83.83 -130.169 225.178 
12.38 83.5619 -130.242 225.373 
12.39 83.2935 -130.314 225.566 
12.4 83.025 -130.386 225.76 
12.41 82.7564 -130.457 225.953 
12.42 82.4875 -130.528 226.146 
12.43 82.2185 -130.599 226.338 
12.44 81.9493 -130.669 226.53 
12.45 81.68 -130.739 226.722 
12.46 81.4104 -130.809 226.913 
12.47 81.1407 -130.879 227.104 
12.48 80.8708 -130.948 227.295 
12.49 80.6008 -131.016 227.485 
12.5 80.3305 -131.085 227.675 
12.51 80.0601 -131.153 227.865 
12.52 79.7896 -131.221 228.054 
12.53 79.5188 -131.288 228.243 
12.54 79.2479 -131.355 228.431 
12.55 78.9769 -131.422 228.619 
12.56 78.7057 -131.488 228.807 
12.57 78.4343 -131.554 228.995 
12.58 78.1627 -131.62 229.182 
12.59 77.891 -131.685 229.369 
12.6 77.6191 -131.75 229.555 
12.61 77.347 -131.815 229.741 
12.62 77.0748 -131.88 229.927 
12.63 76.8025 -131.944 230.112 
12.64 76.5299 -132.007 230.297 
12.65 76.2572 -132.071 230.482 
12.66 75.9844 -132.134 230.666 
12.67 75.7114 -132.196 230.85 
12.68 75.4382 -132.259 231.033 
12.69 75.1649 -132.321 231.217 
12.7 74.8914 -132.383 231.399 
12.71 74.6178 -132.444 231.582 
12.72 74.344 -132.505 231.764 
12.73 74.0701 -132.566 231.946 
12.74 73.796 -132.626 232.127 
12.75 73.5217 -132.686 232.308 
12.76 73.2473 -132.746 232.489 
12.77 72.9728 -132.805 232.67 
12.78 72.6981 -132.864 232.85 
12.79 72.4232 -132.923 233.029 
12.8 72.1482 -132.981 233.209 
12.81 71.8731 -133.039 233.388 
12.82 71.5978 -133.097 233.566 
12.83 71.3223 -133.155 233.744 
12.84 71.0467 -133.212 233.922 
12.85 70.771 -133.268 234.1 
12.86 70.4951 -133.325 234.277 
12.87 70.2191 -133.381 234.454 
12.88 69.9429 -133.436 234.63 
12.89 69.6666 -133.492 234.807 
12.9 69.3902 -133.547 234.982 
12.91 69.1136 -133.602 235.158 
12.92 68.8369 -133.656 235.333 
12.93 68.56 -133.71 235.508 
12.94 68.283 -133.764 235.682 
12.95 68.0058 -133.817 235.856 
12.96 67.7285 -133.87 236.03 
12.97 67.4511 -133.923 236.203 
12.98 67.1736 -133.975 236.376 
12.99 66.8959 -134.027 236.549 
13 66.618 -134.079 236.721 
13.01 66.34 -134.13 236.893 
13.02 66.0619 -134.182 237.064 
13.03 65.7837 -134.232 237.235 
13.04 65.5053 -134.283 237.406 
13.05 65.2268 -134.333 237.577 
13.06 64.9482 -134.383 237.747 
13.07 64.6694 -134.432 237.917 
13.08 64.3905 -134.481 238.086 
13.09 64.1115 -134.53 238.255 
13.1 63.8324 -134.578 238.424 
13.11 63.5531 -134.626 238.592 
13.12 63.2737 -134.674 238.76 
13.13 62.9942 -134.722 238.928 
13.14 62.7145 -134.769 239.095 
13.15 62.4347 -134.815 239.262 
13.16 62.1548 -134.862 239.429 
13.17 61.8748 -134.908 239.595 
13.18 61.5946 -134.954 239.761 
13.19 61.3143 -134.999 239.926 
13.2 61.0339 -135.044 240.092 
13.21 60.7534 -135.089 240.256 
13.22 60.4728 -135.134 240.421 
13.23 60.192 -135.178 240.585 
13.24 59.9111 -135.222 240.749 
13.25 59.6301 -135.265 240.912 
13.26 59.349 -135.308 241.075 
13.27 59.0678 -135.351 241.238 
13.28 58.7864 -135.393 241.4 
13.29 58.5049 -135.436 241.562 
13.3 58.2233 -135.477 241.724 
13.31 57.9416 -135.519 241.885 
13.32 57.6598 -135.56 242.046 
13.33 57.3779 -135.601 242.207 
13.34 57.0959 -135.641 242.367 
13.35 56.8137 -135.682 242.527 
13.36 56.5314 -135.722 242.686 
13.37 56.2491 -135.761 242.846 
13.38 55.9666 -135.8 243.004 
13.39 55.684 -135.839 243.163 
13.4 55.4013 -135.878 243.321 
13.41 55.1184 -135.916 243.479 
13.42 54.8355 -135.954 243.636 
13.43 54.5525 -135.991 243.793 
13.44 54.2694 -136.029 243.95 
13.45 53.9861 -136.066 244.106 
13.46 53.7028 -136.102 244.262 
13.47 53.4193 -136.138 244.418 
13.48 53.1358 -136.174 244.573 
13.49 52.8521 -136.21 244.728 
13.5 52.5683 -136.245 244.883 
13.51 52.2845 -136.28 245.037 
13.52 52.0005 -136.315 245.191 
13.53 51.7164 -136.349 245.344 
13.54 51.4323 -136.383 245.498 
13.55 51.148 -136.417 245.65 
13.56 50.8636 -136.45 245.803 
13.57 50.5792 -136.483 245.955 
13.58 50.2946 -136.516 246.107 
13.59 50.01 -136.548 246.258 
13.6 49.7252 -136.58 246.409 
13.61 49.4403 -136.612 246.56 
13.62 49.1554 -136.643 246.71 
13.63 48.8704 -136.674 246.86 
13.64 48.5852 -136.705 247.01 
13.65 48.3 -136.735 247.159 
13.66 48.0147 -136.765 247.308 
13.67 47.7293 -136.795 247.457 
13.68 47.4438 -136.825 247.605 
13.69 47.1582 -136.854 247.753 
13.7 46.8725 -136.882 247.9 
13.71 46.5867 -136.911 248.047 
13.72 46.3008 -136.939 248.194 
13.73 46.0149 -136.967 248.341 
13.74 45.7288 -136.994 248.487 
13.75 45.4427 -137.021 248.633 
13.76 45.1565 -137.048 248.778 
13.77 44.8702 -137.075 248.923 
13.78 44.5838 -137.101 249.068 
13.79 44.2973 -137.127 249.212 
13.8 44.0108 -137.152 249.356 
13.81 43.7242 -137.177 249.5 
13.82 43.4374 -137.202 249.643 
13.83 43.1506 -137.227 249.786 
13.84 42.8638 -137.251 249.929 
13.85 42.5768 -137.275 250.071 
13.86 42.2897 -137.299 250.213 
13.87 42.0026 -137.322 250.354 
13.88 41.7154 -137.345 250.495 
13.89 41.4281 -137.367 250.636 
13.9 41.1408 -137.39 250.777 
13.91 40.8533 -137.412 250.917 
13.92 40.5658 -137.433 251.057 
13.93 40.2782 -137.455 251.196 
13.94 39.9906 -137.476 251.335 
13.95 39.7028 -137.496 251.474 
13.96 39.415 -137.517 251.612 
13.97 39.1271 -137.537 251.75 
13.98 38.8392 -137.556 251.888 
13.99 38.5511 -137.576 252.025 
14 38.263 -137.595 252.162 
14.01 37.9748 -137.614 252.299 
14.02 37.6866 -137.632 252.435 
14.03 37.3983 -137.65 252.571 
14.04 37.1099 -137.668 252.706 
14.05 36.8214 -137.685 252.841 
14.06 36.5329 -137.702 252.976 
14.07 36.2443 -137.719 253.111 
14.08 35.9557 -137.736 253.245 
14.09 35.6669 -137.752 253.379 
14.1 35.3781 -137.768 253.512 
14.11 35.0893 -137.783 253.645 
14.12 34.8004 -137.799 253.778 
14.13 34.5114 -137.813 253.91 
14.14 34.2223 -137.828 254.042 
14.15 33.9332 -137.842 254.174 
14.16 33.644 -137.856 254.305 
14.17 33.3548 -137.87 254.436 
14.18 33.0655 -137.883 254.567 
14.19 32.7761 -137.896 254.697 
14.2 32.4867 -137.909 254.827 
14.21 32.1972 -137.921 254.957 
14.22 31.9077 -137.933 255.086 
14.23 31.6181 -137.945 255.215 
14.24 31.3284 -137.956 255.343 
14.25 31.0387 -137.967 255.471 
14.26 30.749 -137.978 255.599 
14.27 30.4591 -137.988 255.727 
14.28 30.1693 -137.999 255.854 
14.29 29.8793 -138.008 255.981 
14.3 29.5893 -138.018 256.107 
14.31 29.2993 -138.027 256.233 
14.32 29.0092 -138.036 256.359 
14.33 28.7191 -138.044 256.484 
14.34 28.4289 -138.052 256.609 
14.35 28.1386 -138.06 256.734 
14.36 27.8483 -138.068 256.858 
14.37 27.558 -138.075 256.982 
14.38 27.2676 -138.082 257.106 
14.39 26.9771 -138.089 257.229 
14.4 26.6866 -138.095 257.352 
14.41 26.3961 -138.101 257.474 
14.42 26.1055 -138.107 257.596 
14.43 25.8148 -138.112 257.718 
14.44 25.5242 -138.117 257.84 
14.45 25.2334 -138.122 257.961 
14.46 24.9427 -138.126 258.082 
14.47 24.6518 -138.13 258.202 
14.48 24.361 -138.134 258.322 
14.49 24.0701 -138.137 258.442 
14.5 23.7791 -138.14 258.561 
14.51 23.4881 -138.143 258.68 
14.52 23.1971 -138.146 258.799 
14.53 22.906 -138.148 258.917 
14.54 22.6149 -138.15 259.035 
14.55 22.3238 -138.151 259.153 
14.56 22.0326 -138.152 259.27 
14.57 21.7413 -138.153 259.387 
14.58 21.4501 -138.154 259.504 
14.59 21.1587 -138.154 259.62 
14.6 20.8674 -138.154 259.736 
14.61 20.576 -138.154 259.852 
14.62 20.2846 -138.153 259.967 
14.63 19.9932 -138.152 260.082 
14.64 19.7017 -138.151 260.196 
14.65 19.4101 -138.149 260.31 
14.66 19.1186 -138.147 260.424 
14.67 18.827 -138.145 260.537 
14.68 18.5354 -138.142 260.651 
14.69 18.2437 -138.139 260.763 
14.7 17.9521 -138.136 260.876 
14.71 17.6603 -138.133 260.988 
14.72 17.3686 -138.129 261.099 
14.73 17.0768 -138.125 261.211 
14.74 16.785 -138.12 261.322 
14.75 16.4932 -138.116 261.432 
14.76 16.2013 -138.111 261.543 
14.77 15.9094 -138.105 261.653 
14.78 15.6175 -138.099 261.762 
14.79 15.3256 -138.093 261.872 
14.8 15.0336 -138.087 261.98 
14.81 14.7416 -138.08 262.089 
14.82 14.4496 -138.074 262.197 
14.83 14.1576 -138.066 262.305 
14.84 13.8655 -138.059 262.413 
14.85 13.5734 -138.051 262.52 
14.86 13.2813 -138.043 262.626 
14.87 12.9892 -138.034 262.733 
14.88 12.6971 -138.025 262.839 
14.89 12.4049 -138.016 262.945 
14.9 12.1127 -138.007 263.05 
14.91 11.8205 -137.997 263.155 
14.92 11.5283 -137.987 263.26 
14.93 11.236 -137.976 263.364 
14.94 10.9437 -137.966 263.468 
14.95 10.6515 -137.955 263.572 
14.96 10.3592 -137.943 263.675 
14.97 10.0668 -137.932 263.778 
14.98 9.77451 -137.92 263.881 
14.99 9.48216 -137.907 263.983 
15 9.1898 -137.895 264.085 
15.01 8.89742 -137.882 264.187 
15.02 8.60503 -137.869 264.288 
15.03 8.31263 -137.855 264.389 
15.04 8.02021 -137.842 264.489 
15.05 7.72778 -137.827 264.59 
15.06 7.43534 -137.813 264.689 
15.07 7.14289 -137.798 264.789 
15.08 6.85043 -137.783 264.888 
15.09 6.55796 -137.768 264.987 
15.1 6.26548 -137.752 265.085 
15.11 5.97299 -137.736 265.183 
15.12 5.6805 -137.72 265.281 
15.13 5.388 -137.703 265.378 
15.14 5.09548 -137.686 265.476 
15.15 4.80297 -137.669 265.572 
15.16 4.51044 -137.652 265.669 
15.17 4.21792 -137.634 265.765 
15.18 3.92538 -137.616 265.86 
15.19 3.63284 -137.597 265.956 
15.2 3.3403 -137.578 266.051 
15.21 3.04776 -137.559 266.145 
15.22 2.75521 -137.54 266.239 
15.23 2.46266 -137.52 266.333 
15.24 2.17011 -137.5 266.427 
15.25 1.87756 -137.48 266.52 
15.26 1.585 -137.459 266.613 
15.27 1.29245 -137.438 266.706 
15.28 0.999897 -137.417 266.798 
15.29 0.707345 -137.396 266.89 
15.3 0.414795 -137.374 266.981 
15.31 0.122247 -137.352 267.072 
15.32 -0.170298 -137.329 267.163 
15.33 -0.462841 -137.306 267.254 
15.34 -0.755379 -137.283 267.344 
15.35 -1.04791 -137.26 267.433 
15.36 -1.34044 -137.236 267.523 
15.37 -1.63297 -137.212 267.612 
15.38 -1.92549 -137.188 267.701 
15.39 -2.218 -137.163 267.789 
15.4 -2.5105 -137.138 267.877 
15.41 -2.803 -137.113 267.965 
15.42 -3.09549 -137.088 268.052 
15.43 -3.38797 -137.062 268.139 
15.44 -3.68044 -137.036 268.226 
15.45 -3.97291 -137.009 268.312 
15.46 -4.26536 -136.983 268.398 
15.47 -4.5578 -136.956 268.484 
15.48 -4.85023 -136.928 268.569 
15.49 -5.14265 -136.9 268.654 
15.5 -5.43506 -136.873 268.738 
15.51 -5.72745 -136.844 268.823 
15.52 -6.01984 -136.816 268.907 
15.53 -6.3122 -136.787 268.99 
15.54 -6.60456 -136.758 269.073 
15.55 -6.89689 -136.728 269.156 
15.56 -7.18922 -136.698 269.239 
15.57 -7.48152 -136.668 269.321 
15.58 -7.77382 -136.638 269.403 
15.59 -8.06609 -136.607 269.484 
15.6 -8.35835 -136.576 269.565 
15.61 -8.65058 -136.545 269.646 
15.62 -8.9428 -136.513 269.726 
15.63 -9.23501 -136.481 269.806 
15.64 -9.52719 -136.449 269.886 
15.65 -9.81935 -136.416 269.966 
15.66 -10.1115 -136.384 270.045 
15.67 -10.4036 -136.35 270.123 
15.68 -10.6957 -136.317 270.202 
15.69 -10.9878 -136.283 270.28 
15.7 -11.2798 -136.249 270.357 
15.71 -11.5719 -136.215 270.435 
15.72 -11.8639 -136.18 270.512 
15.73 -12.1559 -136.145 270.588 
15.74 -12.4478 -136.11 270.665 
15.75 -12.7397 -136.074 270.741 
15.76 -13.0317 -136.038 270.816 
15.77 -13.3235 -136.002 270.891 
15.78 -13.6154 -135.966 270.966 
15.79 -13.9072 -135.929 271.041 
15.8 -14.199 -135.892 271.115 
15.81 -14.4908 -135.855 271.189 
15.82 -14.7825 -135.817 271.263 
15.83 -15.0742 -135.779 271.336 
15.84 -15.3659 -135.741 271.409 
15.85 -15.6576 -135.702 271.481 
15.86 -15.9492 -135.663 271.553 
15.87 -16.2408 -135.624 271.625 
15.88 -16.5323 -135.585 271.697 
15.89 -16.8239 -135.545 271.768 
15.9 -17.1153 -135.505 271.838 
15.91 -17.4068 -135.464 271.909 
15.92 -17.6982 -135.424 271.979 
15.93 -17.9896 -135.383 272.049 
15.94 -18.281 -135.341 272.118 
15.95 -18.5723 -135.3 272.187 
15.96 -18.8636 -135.258 272.256 
15.97 -19.1548 -135.216 272.324 
15.98 -19.446 -135.173 272.392 
15.99 -19.7372 -135.13 272.46 
16 -20.0283 -135.087 272.527 
16.01 -20.3194 -135.044 272.594 
16.02 -20.6105 -135 272.661 
16.03 -20.9015 -134.956 272.727 
16.04 -21.1925 -134.912 272.793 
16.05 -21.4834 -134.867 272.859 
16.06 -21.7743 -134.822 272.924 
16.07 -22.0652 -134.777 272.989 
16.08 -22.356 -134.732 273.054 
16.09 -22.6467 -134.686 273.118 
16.1 -22.9375 -134.64 273.182 
16.11 -23.2281 -134.594 273.246 
16.12 -23.5188 -134.547 273.309 
16.13 -23.8094 -134.5 273.372 
16.14 -24.0999 -134.453 273.434 
16.15 -24.3904 -134.405 273.497 
16.16 -24.6809 -134.357 273.559 
16.17 -24.9713 -134.309 273.62 
16.18 -25.2616 -134.261 273.681 
16.19 -25.5519 -134.212 273.742 
16.2 -25.8422 -134.163 273.803 
16.21 -26.1324 -134.114 273.863 
16.22 -26.4226 -134.064 273.923 
16.23 -26.7127 -134.014 273.982 
16.24 -27.0028 -133.964 274.041 
16.25 -27.2928 -133.913 274.1 
16.26 -27.5828 -133.862 274.158 
16.27 -27.8727 -133.811 274.217 
16.28 -28.1625 -133.76 274.274 
16.29 -28.4523 -133.708 274.332 
16.3 -28.7421 -133.656 274.389 
16.31 -29.0318 -133.604 274.446 
16.32 -29.3214 -133.551 274.502 
16.33 -29.611 -133.498 274.558 
16.34 -29.9006 -133.445 274.614 
16.35 -30.19 -133.392 274.669 
16.36 -30.4795 -133.338 274.724 
16.37 -30.7688 -133.284 274.779 
16.38 -31.0581 -133.229 274.833 
16.39 -31.3474 -133.175 274.887 
16.4 -31.6366 -133.12 274.941 
16.41 -31.9257 -133.064 274.994 
16.42 -32.2148 -133.009 275.047 
16.43 -32.5038 -132.953 275.1 
16.44 -32.7928 -132.897 275.152 
16.45 -33.0816 -132.841 275.204 
16.46 -33.3705 -132.784 275.256 
16.47 -33.6592 -132.727 275.307 
16.48 -33.948 -132.669 275.358 
16.49 -34.2366 -132.612 275.409 
16.5 -34.5252 -132.554 275.459 
16.51 -34.8137 -132.496 275.509 
16.52 -35.1022 -132.437 275.559 
16.53 -35.3905 -132.378 275.608 
16.54 -35.6789 -132.319 275.657 
16.55 -35.9671 -132.26 275.705 
16.56 -36.2553 -132.2 275.754 
16.57 -36.5434 -132.14 275.802 
16.58 -36.8315 -132.08 275.849 
16.59 -37.1195 -132.02 275.896 
16.6 -37.4074 -131.959 275.943 
16.61 -37.6953 -131.898 275.99 
16.62 -37.983 -131.836 276.036 
16.63 -38.2708 -131.775 276.082 
16.64 -38.5584 -131.713 276.127 
16.65 -38.846 -131.65 276.173 
16.66 -39.1335 -131.588 276.217 
16.67 -39.4209 -131.525 276.262 
16.68 -39.7083 -131.462 276.306 
16.69 -39.9955 -131.398 276.35 
16.7 -40.2828 -131.334 276.393 
16.71 -40.5699 -131.27 276.437 
16.72 -40.857 -131.206 276.479 
16.73 -41.1439 -131.141 276.522 
16.74 -41.4309 -131.077 276.564 
16.75 -41.7177 -131.011 276.606 
16.76 -42.0045 -130.946 276.647 
16.77 -42.2911 -130.88 276.688 
16.78 -42.5778 -130.814 276.729 
16.79 -42.8643 -130.748 276.77 
16.8 -43.1507 -130.681 276.81 
16.81 -43.4371 -130.614 276.85 
16.82 -43.7234 -130.547 276.889 
16.83 -44.0096 -130.479 276.928 
16.84 -44.2957 -130.412 276.967 
16.85 -44.5818 -130.343 277.005 
16.86 -44.8678 -130.275 277.043 
16.87 -45.1537 -130.206 277.081 
16.88 -45.4395 -130.137 277.119 
16.89 -45.7252 -130.068 277.156 
16.9 -46.0108 -129.999 277.192 
16.91 -46.2964 -129.929 277.229 
16.92 -46.5819 -129.859 277.265 
16.93 -46.8673 -129.788 277.301 
16.94 -47.1526 -129.718 277.336 
16.95 -47.4378 -129.647 277.371 
16.96 -47.7229 -129.575 277.406 
16.97 -48.008 -129.504 277.44 
16.98 -48.2929 -129.432 277.474 
16.99 -48.5778 -129.36 277.508 
17 -48.8626 -129.287 277.541 
17.01 -49.1473 -129.215 277.574 
17.02 -49.4319 -129.142 277.607 
17.03 -49.7164 -129.069 277.639 
17.04 -50.0008 -128.995 277.671 
17.05 -50.2852 -128.921 277.703 
17.06 -50.5694 -128.847 277.734 
17.07 -50.8536 -128.773 277.765 
17.08 -51.1376 -128.698 277.796 
17.09 -51.4216 -128.623 277.826 
17.1 -51.7055 -128.548 277.856 
17.11 -51.9893 -128.472 277.886 
17.12 -52.273 -128.396 277.915 
17.13 -52.5566 -128.32 277.944 
17.14 -52.8401 -128.244 277.973 
17.15 -53.1235 -128.167 278.001 
17.16 -53.4068 -128.09 278.029 
17.17 -53.69 -128.013 278.057 
17.18 -53.9731 -127.935 278.084 
17.19 -54.2561 -127.857 278.111 
17.2 -54.5391 -127.779 278.138 
17.21 -54.8219 -127.701 278.164 
17.22 -55.1046 -127.622 278.19 
17.23 -55.3872 -127.543 278.216 
17.24 -55.6698 -127.464 278.241 
17.25 -55.9522 -127.384 278.266 
17.26 -56.2345 -127.304 278.291 
17.27 -56.5167 -127.224 278.315 
17.28 -56.7989 -127.144 278.339 
17.29 -57.0809 -127.063 278.363 
17.3 -57.3628 -126.982 278.386 
17.31 -57.6446 -126.901 278.409 
17.32 -57.9263 -126.819 278.431 
17.33 -58.2079 -126.737 278.454 
17.34 -58.4894 -126.655 278.476 
17.35 -58.7708 -126.573 278.497 
17.36 -59.0521 -126.49 278.519 
17.37 -59.3333 -126.407 278.54 
17.38 -59.6144 -126.324 278.56 
17.39 -59.8954 -126.241 278.581 
17.4 -60.1762 -126.157 278.6 
17.41 -60.457 -126.073 278.62 
17.42 -60.7376 -125.988 278.639 
17.43 -61.0182 -125.904 278.658 
17.44 -61.2986 -125.819 278.677 
17.45 -61.5789 -125.734 278.695 
17.46 -61.8592 -125.648 278.713 
17.47 -62.1393 -125.562 278.731 
17.48 -62.4192 -125.476 278.748 
17.49 -62.6991 -125.39 278.765 
17.5 -62.9789 -125.303 278.782 
17.51 -63.2585 -125.216 278.798 
17.52 -63.5381 -125.129 278.814 
17.53 -63.8175 -125.042 278.83 
17.54 -64.0968 -124.954 278.845 
17.55 -64.376 -124.866 278.86 
17.56 -64.6551 -124.778 278.874 
17.57 -64.9341 -124.689 278.889 
17.58 -65.2129 -124.6 278.903 
17.59 -65.4916 -124.511 278.916 
17.6 -65.7703 -124.422 278.93 
17.61 -66.0488 -124.332 278.943 
17.62 -66.3271 -124.242 278.955 
17.63 -66.6054 -124.152 278.967 
17.64 -66.8835 -124.061 278.979 
17.65 -67.1616 -123.97 278.991 
17.66 -67.4395 -123.879 279.002 
17.67 -67.7172 -123.788 279.013 
17.68 -67.9949 -123.696 279.024 
17.69 -68.2724 -123.604 279.034 
17.7 -68.5499 -123.512 279.044 
17.71 -68.8272 -123.42 279.054 
17.72 -69.1043 -123.327 279.063 
17.73 -69.3814 -123.234 279.072 
17.74 -69.6583 -123.141 279.081 
17.75 -69.9351 -123.047 279.089 
17.76 -70.2118 -122.953 279.097 
17.77 -70.4883 -122.859 279.105 
17.78 -70.7648 -122.765 279.112 
17.79 -71.0411 -122.67 279.119 
17.8 -71.3172 -122.575 279.126 
17.81 -71.5933 -122.48 279.132 
17.82 -71.8692 -122.384 279.138 
17.83 -72.145 -122.288 279.144 
17.84 -72.4207 -122.192 279.149 
17.85 -72.6962 -122.096 279.154 
17.86 -72.9716 -121.999 279.159 
17.87 -73.2469 -121.902 279.163 
17.88 -73.522 -121.805 279.167 
17.89 -73.797 -121.708 279.171 
17.9 -74.0719 -121.61 279.174 
17.91 -74.3466 -121.512 279.177 
17.92 -74.6212 -121.414 279.18 
17.93 -74.8957 -121.315 279.182 
17.94 -75.1701 -121.216 279.184 
17.95 -75.4443 -121.117 279.186 
17.96 -75.7184 -121.018 279.188 
17.97 -75.9923 -120.918 279.189 
17.98 -76.2661 -120.818 279.189 
17.99 -76.5398 -120.718 279.19 
18 -76.8133 -120.617 279.19 
18.01 -77.0867 -120.517 279.189 
18.02 -77.36 -120.415 279.189 
18.03 -77.6331 -120.314 279.188 
18.04 -77.9061 -120.213 279.187 
18.05 -78.1789 -120.111 279.185 
18.06 -78.4517 -120.009 279.183 
18.07 -78.7242 -119.906 279.181 
18.08 -78.9967 -119.803 279.178 
18.09 -79.2689 -119.701 279.176 
18.1 -79.5411 -119.597 279.172 
18.11 -79.8131 -119.494 279.169 
18.12 -80.085 -119.39 279.165 
18.13 -80.3567 -119.286 279.161 
18.14 -80.6283 -119.182 279.156 
18.15 -80.8997 -119.077 279.151 
18.16 -81.171 -118.972 279.146 
18.17 -81.4421 -118.867 279.141 
18.18 -81.7131 -118.762 279.135 
18.19 -81.984 -118.656 279.129 
18.2 -82.2547 -118.55 279.122 
18.21 -82.5252 -118.444 279.115 
18.22 -82.7957 -118.337 279.108 
18.23 -83.0659 -118.231 279.101 
18.24 -83.336 -118.123 279.093 
18.25 -83.606 -118.016 279.085 
18.26 -83.8758 -117.909 279.076 
18.27 -84.1455 -117.801 279.067 
18.28 -84.415 -117.693 279.058 
18.29 -84.6844 -117.584 279.049 
18.3 -84.9536 -117.476 279.039 
18.31 -85.2227 -117.367 279.029 
18.32 -85.4916 -117.257 279.018 
18.33 -85.7604 -117.148 279.008 
18.34 -86.029 -117.038 278.997 
18.35 -86.2975 -116.928 278.985 
18.36 -86.5658 -116.818 278.973 
18.37 -86.8339 -116.707 278.961 
18.38 -87.1019 -116.597 278.949 
18.39 -87.3698 -116.485 278.936 
18.4 -87.6374 -116.374 278.923 
18.41 -87.905 -116.262 278.91 
18.42 -88.1723 -116.151 278.896 
18.43 -88.4396 -116.038 278.882 
18.44 -88.7066 -115.926 278.868 
18.45 -88.9735 -115.813 278.853 
18.46 -89.2403 -115.7 278.838 
18.47 -89.5069 -115.587 278.823 
18.48 -89.7733 -115.474 278.807 
18.49 -90.0395 -115.36 278.791 
18.5 -90.3056 -115.246 278.775 
18.51 -90.5716 -115.131 278.758 
18.52 -90.8374 -115.017 278.741 
18.53 -91.103 -114.902 278.724 
18.54 -91.3684 -114.787 278.707 
18.55 -91.6337 -114.672 278.689 
18.56 -91.8989 -114.556 278.67 
18.57 -92.1638 -114.44 278.652 
18.58 -92.4286 -114.324 278.633 
18.59 -92.6933 -114.207 278.614 
18.6 -92.9578 -114.091 278.594 
18.61 -93.2221 -113.974 278.574 
18.62 -93.4862 -113.856 278.554 
18.63 -93.7502 -113.739 278.534 
18.64 -94.014 -113.621 278.513 
18.65 -94.2776 -113.503 278.492 
18.66 -94.5411 -113.385 278.47 
18.67 -94.8044 -113.266 278.448 
18.68 -95.0675 -113.147 278.426 
18.69 -95.3305 -113.028 278.404 
18.7 -95.5933 -112.909 278.381 
18.71 -95.8559 -112.789 278.358 
18.72 -96.1184 -112.669 278.335 
18.73 -96.3807 -112.549 278.311 
18.74 -96.6428 -112.429 278.287 
18.75 -96.9047 -112.308 278.262 
18.76 -97.1665 -112.187 278.238 
18.77 -97.4281 -112.066 278.213 
18.78 -97.6895 -111.944 278.187 
18.79 -97.9507 -111.823 278.162 
18.8 -98.2118 -111.701 278.136 
18.81 -98.4727 -111.578 278.109 
18.82 -98.7334 -111.456 278.083 
18.83 -98.9939 -111.333 278.056 
18.84 -99.2543 -111.21 278.028 
18.85 -99.5145 -111.087 278.001 
18.86 -99.7745 -110.963 277.973 
18.87 -100.034 -110.839 277.944 
18.88 -100.294 -110.715 277.916 
18.89 -100.553 -110.591 277.887 
18.9 -100.813 -110.466 277.858 
18.91 -101.072 -110.341 277.828 
18.92 -101.331 -110.216 277.798 
18.93 -101.59 -110.091 277.768 
18.94 -101.848 -109.965 277.738 
18.95 -102.106 -109.839 277.707 
18.96 -102.365 -109.713 277.676 
18.97 -102.623 -109.587 277.644 
18.98 -102.881 -109.46 277.612 
18.99 -103.138 -109.333 277.58 
19 -103.396 -109.206 277.548 
19.01 -103.653 -109.078 277.515 
19.02 -103.91 -108.95 277.482 
19.03 -104.167 -108.822 277.449 
19.04 -104.424 -108.694 277.415 
19.05 -104.68 -108.565 277.381 
19.06 -104.937 -108.437 277.347 
19.07 -105.193 -108.308 277.312 
19.08 -105.449 -108.178 277.277 
19.09 -105.704 -108.049 277.242 
19.1 -105.96 -107.919 277.206 
19.11 -106.215 -107.789 277.17 
19.12 -106.471 -107.658 277.134 
19.13 -106.726 -107.528 277.097 
19.14 -106.981 -107.397 277.06 
19.15 -107.235 -107.266 277.023 
19.16 -107.49 -107.134 276.985 
19.17 -107.744 -107.003 276.947 
19.18 -107.998 -106.871 276.909 
19.19 -108.252 -106.739 276.871 
19.2 -108.505 -106.606 276.832 
19.21 -108.759 -106.474 276.793 
19.22 -109.012 -106.341 276.753 
19.23 -109.265 -106.207 276.714 
19.24 -109.518 -106.074 276.673 
19.25 -109.771 -105.94 276.633 
19.26 -110.023 -105.806 276.592 
19.27 -110.276 -105.672 276.551 
19.28 -110.528 -105.538 276.51 
19.29 -110.78 -105.403 276.468 
19.3 -111.031 -105.268 276.426 
19.31 -111.283 -105.133 276.384 
19.32 -111.534 -104.997 276.341 
19.33 -111.785 -104.861 276.298 
19.34 -112.036 -104.725 276.255 
19.35 -112.287 -104.589 276.211 
19.36 -112.537 -104.453 276.167 
19.37 -112.788 -104.316 276.123 
19.38 -113.038 -104.179 276.079 
19.39 -113.288 -104.041 276.034 
19.4 -113.537 -103.904 275.989 
19.41 -113.787 -103.766 275.943 
19.42 -114.036 -103.628 275.897 
19.43 -114.285 -103.49 275.851 
19.44 -114.534 -103.351 275.805 
19.45 -114.783 -103.212 275.758 
19.46 -115.031 -103.073 275.711 
19.47 -115.279 -102.934 275.663 
19.48 -115.527 -102.794 275.616 
19.49 -115.775 -102.655 275.568 
19.5 -116.023 -102.515 275.519 
19.51 -116.27 -102.374 275.471 
19.52 -116.518 -102.234 275.422 
19.53 -116.765 -102.093 275.372 
19.54 -117.011 -101.952 275.323 
19.55 -117.258 -101.81 275.273 
19.56 -117.504 -101.669 275.223 
19.57 -117.75 -101.527 275.172 
19.58 -117.996 -101.385 275.121 
19.59 -118.242 -101.242 275.07 
19.6 -118.487 -101.1 275.019 
19.61 -118.733 -100.957 274.967 
19.62 -118.978 -100.814 274.915 
19.63 -119.223 -100.67 274.862 
19.64 -119.467 -100.527 274.809 
19.65 -119.712 -100.383 274.756 
19.66 -119.956 -100.239 274.703 
19.67 -120.2 -100.095 274.649 
19.68 -120.444 -99.9499 274.595 
19.69 -120.687 -99.8051 274.541 
19.7 -120.931 -99.66 274.486 
19.71 -121.174 -99.5146 274.431 
19.72 -121.417 -99.369 274.376 
19.73 -121.659 -99.2231 274.32 
19.74 -121.902 -99.077 274.265 
19.75 -122.144 -98.9307 274.208 
19.76 -122.386 -98.784 274.152 
19.77 -122.628 -98.6372 274.095 
19.78 -122.869 -98.4901 274.038 
19.79 -123.111 -98.3427 273.98 
19.8 -123.352 -98.1951 273.923 
19.81 -123.593 -98.0473 273.865 
19.82 -123.833 -97.8992 273.806 
19.83 -124.074 -97.7508 273.747 
19.84 -124.314 -97.6022 273.688 
19.85 -124.554 -97.4534 273.629 
19.86 -124.794 -97.3043 273.569 
19.87 -125.033 -97.155 273.509 
19.88 -125.273 -97.0054 273.449 
19.89 -125.512 -96.8555 273.389 
19.9 -125.751 -96.7055 273.328 
19.91 -125.989 -96.5551 273.266 
19.92 -126.228 -96.4046 273.205 
19.93 -126.466 -96.2537 273.143 
19.94 -126.704 -96.1027 273.081 
19.95 -126.941 -95.9514 273.019 
19.96 -127.179 -95.7998 272.956 
19.97 -127.416 -95.648 272.893 
19.98 -127.653 -95.496 272.829 
19.99 -127.89 -95.3437 272.766 
20 -128.126 -95.1911 272.702 
