PARAMETRIC_CURVE_CARTESIAN_3D
Body5
t1: 0
t2: 20
NumPoints: 2001
0 70 -110 70 
0.01 69.4994 -109.499 70.4994 
0.02 68.9981 -108.997 70.998 
0.03 68.4961 -108.494 71.4961 
0.04 67.9935 -107.99 71.9934 
0.05 67.4903 -107.485 72.4901 
0.06 66.9864 -106.978 72.986 
0.07 66.4818 -106.471 73.4813 
0.08 65.9766 -105.963 73.9759 
0.09 65.4708 -105.454 74.4697 
0.1 64.9643 -104.943 74.9628 
0.11 64.4571 -104.432 75.4551 
0.12 63.9493 -103.919 75.9467 
0.13 63.4409 -103.406 76.4375 
0.14 62.9318 -102.891 76.9276 
0.15 62.422 -102.376 77.4168 
0.16 61.9116 -101.859 77.9053 
0.17 61.4006 -101.341 78.393 
0.18 60.8889 -100.822 78.8798 
0.19 60.3766 -100.303 79.3658 
0.2 59.8636 -99.7815 79.851 
0.21 59.35 -99.2595 80.3353 
0.22 58.8357 -98.7363 80.8188 
0.23 58.3208 -98.2121 81.3014 
0.24 57.8052 -97.6868 81.7832 
0.25 57.2891 -97.1604 82.264 
0.26 56.7722 -96.6329 82.7439 
0.27 56.2548 -96.1043 83.2229 
0.28 55.7367 -95.5746 83.701 
0.29 55.2179 -95.0439 84.1782 
0.3 54.6986 -94.512 84.6544 
0.31 54.1786 -93.9791 85.1297 
0.32 53.658 -93.445 85.604 
0.33 53.1367 -92.9099 86.0773 
0.34 52.6149 -92.3736 86.5496 
0.35 52.0924 -91.8363 87.0209 
0.36 51.5693 -91.2978 87.4912 
0.37 51.0455 -90.7583 87.9605 
0.38 50.5212 -90.2176 88.4287 
0.39 49.9962 -89.6759 88.8959 
0.4 49.4707 -89.133 89.362 
0.41 48.9445 -88.589 89.8271 
0.42 48.4177 -88.044 90.2911 
0.43 47.8904 -87.4978 90.754 
0.44 47.3624 -86.9505 91.2157 
0.45 46.8338 -86.4021 91.6764 
0.46 46.3047 -85.8527 92.1359 
0.47 45.7749 -85.3021 92.5943 
0.48 45.2446 -84.7504 93.0515 
0.49 44.7137 -84.1976 93.5076 
0.5 44.1822 -83.6437 93.9625 
0.51 43.6501 -83.0887 94.4162 
0.52 43.1175 -82.5326 94.8687 
0.53 42.5843 -81.9754 95.32 
0.54 42.0505 -81.4171 95.77 
0.55 41.5162 -80.8577 96.2189 
0.56 40.9813 -80.2972 96.6664 
0.57 40.4459 -79.7357 97.1128 
0.58 39.9099 -79.173 97.5578 
0.59 39.3734 -78.6092 98.0016 
0.6 38.8363 -78.0444 98.444 
0.61 38.2988 -77.4785 98.8852 
0.62 37.7607 -76.9114 99.3251 
0.63 37.222 -76.3434 99.7636 
0.64 36.6829 -75.7742 100.201 
0.65 36.1432 -75.204 100.637 
0.66 35.6031 -74.6326 101.071 
0.67 35.0624 -74.0603 101.504 
0.68 34.5213 -73.4868 101.936 
0.69 33.9796 -72.9123 102.366 
0.7 33.4375 -72.3367 102.795 
0.71 32.8949 -71.7601 103.223 
0.72 32.3518 -71.1825 103.649 
0.73 31.8083 -70.6037 104.073 
0.74 31.2643 -70.024 104.496 
0.75 30.7198 -69.4432 104.918 
0.76 30.1749 -68.8614 105.338 
0.77 29.6296 -68.2785 105.757 
0.78 29.0838 -67.6946 106.174 
0.79 28.5376 -67.1097 106.59 
0.8 27.991 -66.5238 107.004 
0.81 27.4439 -65.9369 107.417 
0.82 26.8965 -65.349 107.828 
0.83 26.3487 -64.7601 108.238 
0.84 25.8004 -64.1701 108.646 
0.85 25.2518 -63.5792 109.052 
0.86 24.7028 -62.9874 109.457 
0.87 24.1534 -62.3945 109.861 
0.88 23.6037 -61.8007 110.263 
0.89 23.0536 -61.2059 110.663 
0.9 22.5032 -60.6101 111.061 
0.91 21.9524 -60.0135 111.458 
0.92 21.4013 -59.4158 111.854 
0.93 20.8498 -58.8173 112.247 
0.94 20.2981 -58.2178 112.639 
0.95 19.746 -57.6173 113.03 
0.96 19.1936 -57.016 113.418 
0.97 18.6409 -56.4138 113.805 
0.98 18.088 -55.8106 114.191 
0.99 17.5348 -55.2066 114.574 
1 16.9812 -54.6017 114.956 
1.01 16.4275 -53.9959 115.337 
1.02 15.8735 -53.3893 115.715 
1.03 15.3192 -52.7818 116.092 
1.04 14.7647 -52.1734 116.467 
1.05 14.21 -51.5642 116.841 
1.06 13.655 -50.9542 117.213 
1.07 13.0998 -50.3433 117.583 
1.08 12.5445 -49.7317 117.951 
1.09 11.9889 -49.1192 118.317 
1.1 11.4332 -48.5059 118.682 
1.11 10.8772 -47.8918 119.045 
1.12 10.3211 -47.277 119.406 
1.13 9.76489 -46.6614 119.766 
1.14 9.20849 -46.045 120.123 
1.15 8.65194 -45.4279 120.479 
1.16 8.09525 -44.81 120.833 
1.17 7.53844 -44.1914 121.185 
1.18 6.98152 -43.572 121.536 
1.19 6.42448 -42.952 121.885 
1.2 5.86734 -42.3312 122.232 
1.21 5.31012 -41.7098 122.577 
1.22 4.75281 -41.0877 122.92 
1.23 4.19543 -40.4649 123.261 
1.24 3.63798 -39.8414 123.601 
1.25 3.08048 -39.2173 123.939 
1.26 2.52293 -38.5925 124.275 
1.27 1.96534 -37.9671 124.609 
1.28 1.40772 -37.3411 124.942 
1.29 0.850076 -36.7145 125.272 
1.3 0.292421 -36.0872 125.601 
1.31 -0.265238 -35.4594 125.928 
1.32 -0.822894 -34.831 126.253 
1.33 -1.38054 -34.202 126.576 
1.34 -1.93816 -33.5725 126.898 
1.35 -2.49575 -32.9424 127.218 
1.36 -3.05331 -32.3118 127.535 
1.37 -3.61082 -31.6806 127.851 
1.38 -4.16827 -31.0489 128.166 
1.39 -4.72567 -30.4167 128.478 
1.4 -5.28299 -29.784 128.789 
1.41 -5.84023 -29.1508 129.097 
1.42 -6.39739 -28.5172 129.404 
1.43 -6.95445 -27.8831 129.709 
1.44 -7.51141 -27.2485 130.013 
1.45 -8.06826 -26.6135 130.314 
1.46 -8.62499 -25.978 130.614 
1.47 -9.1816 -25.3421 130.911 
1.48 -9.73807 -24.7058 131.207 
1.49 -10.2944 -24.0691 131.502 
1.5 -10.8506 -23.432 131.794 
1.51 -11.4066 -22.7945 132.085 
1.52 -11.9625 -22.1567 132.373 
1.53 -12.5181 -21.5184 132.66 
1.54 -13.0737 -20.8799 132.946 
1.55 -13.629 -20.241 133.229 
1.56 -14.1841 -19.6017 133.511 
1.57 -14.739 -18.9621 133.791 
1.58 -15.2938 -18.3223 134.069 
1.59 -15.8483 -17.6821 134.345 
1.6 -16.4026 -17.0416 134.619 
1.61 -16.9566 -16.4009 134.892 
1.62 -17.5104 -15.7598 135.163 
1.63 -18.064 -15.1185 135.433 
1.64 -18.6174 -14.477 135.7 
1.65 -19.1704 -13.8352 135.966 
1.66 -19.7233 -13.1932 136.23 
1.67 -20.2758 -12.5509 136.492 
1.68 -20.8281 -11.9085 136.753 
1.69 -21.3801 -11.2658 137.012 
1.7 -21.9318 -10.6229 137.269 
1.71 -22.4833 -9.97989 137.524 
1.72 -23.0344 -9.33667 137.778 
1.73 -23.5852 -8.69327 138.03 
1.74 -24.1358 -8.04972 138.28 
1.75 -24.686 -7.40601 138.529 
1.76 -25.2359 -6.76217 138.776 
1.77 -25.7855 -6.11819 139.021 
1.78 -26.3347 -5.47409 139.265 
1.79 -26.8836 -4.82987 139.507 
1.8 -27.4322 -4.18554 139.748 
1.81 -27.9804 -3.54112 139.986 
1.82 -28.5283 -2.89661 140.223 
1.83 -29.0759 -2.25201 140.459 
1.84 -29.623 -1.60734 140.693 
1.85 -30.1698 -0.962606 140.925 
1.86 -30.7163 -0.317813 141.156 
1.87 -31.2624 0.327029 141.385 
1.88 -31.8081 0.971914 141.612 
1.89 -32.3534 1.61683 141.838 
1.9 -32.8983 2.26178 142.062 
1.91 -33.4429 2.90674 142.285 
1.92 -33.987 3.55172 142.506 
1.93 -34.5308 4.1967 142.726 
1.94 -35.0741 4.84167 142.944 
1.95 -35.6171 5.48664 143.16 
1.96 -36.1597 6.13159 143.375 
1.97 -36.7018 6.77652 143.589 
1.98 -37.2435 7.42141 143.801 
1.99 -37.7849 8.06627 144.011 
2 -38.3258 8.71108 144.22 
2.01 -38.8662 9.35584 144.428 
2.02 -39.4063 10.0005 144.634 
2.03 -39.9459 10.6452 144.839 
2.04 -40.4851 11.2898 145.042 
2.05 -41.0239 11.9343 145.243 
2.06 -41.5622 12.5787 145.444 
2.07 -42.1001 13.223 145.642 
2.08 -42.6375 13.8672 145.84 
2.09 -43.1745 14.5113 146.036 
2.1 -43.7111 15.1554 146.23 
2.11 -44.2472 15.7993 146.424 
2.12 -44.7828 16.4431 146.615 
2.13 -45.318 17.0867 146.806 
2.14 -45.8528 17.7303 146.995 
2.15 -46.387 18.3737 147.183 
2.16 -46.9209 19.017 147.369 
2.17 -47.4542 19.6601 147.554 
2.18 -47.9871 20.3031 147.737 
2.19 -48.5196 20.9459 147.92 
2.2 -49.0516 21.5886 148.101 
2.21 -49.5831 22.2311 148.28 
2.22 -50.1141 22.8734 148.459 
2.23 -50.6447 23.5156 148.636 
2.24 -51.1748 24.1576 148.812 
2.25 -51.7044 24.7994 148.986 
2.26 -52.2335 25.441 149.16 
2.27 -52.7622 26.0824 149.332 
2.28 -53.2904 26.7237 149.502 
2.29 -53.8181 27.3647 149.672 
2.3 -54.3454 28.0055 149.84 
2.31 -54.8721 28.6462 150.007 
2.32 -55.3984 29.2866 150.173 
2.33 -55.9242 29.9268 150.338 
2.34 -56.4495 30.5668 150.501 
2.35 -56.9743 31.2066 150.664 
2.36 -57.4987 31.8461 150.825 
2.37 -58.0226 32.4855 150.985 
2.38 -58.5459 33.1245 151.143 
2.39 -59.0688 33.7634 151.301 
2.4 -59.5913 34.402 151.457 
2.41 -60.1132 35.0404 151.613 
2.42 -60.6346 35.6785 151.767 
2.43 -61.1556 36.3164 151.92 
2.44 -61.676 36.9541 152.072 
2.45 -62.196 37.5915 152.223 
2.46 -62.7155 38.2286 152.372 
2.47 -63.2345 38.8655 152.521 
2.48 -63.7531 39.5021 152.669 
2.49 -64.2711 40.1384 152.815 
2.5 -64.7886 40.7745 152.961 
2.51 -65.3057 41.4104 153.105 
2.52 -65.8223 42.0459 153.248 
2.53 -66.3384 42.6812 153.391 
2.54 -66.854 43.3162 153.532 
2.55 -67.3691 43.9509 153.672 
2.56 -67.8837 44.5853 153.811 
2.57 -68.3978 45.2195 153.949 
2.58 -68.9115 45.8534 154.087 
2.59 -69.4247 46.487 154.223 
2.6 -69.9374 47.1203 154.358 
2.61 -70.4496 47.7533 154.492 
2.62 -70.9613 48.386 154.625 
2.63 -71.4725 49.0185 154.758 
2.64 -71.9833 49.6506 154.889 
2.65 -72.4935 50.2824 155.019 
2.66 -73.0033 50.914 155.149 
2.67 -73.5126 51.5452 155.277 
2.68 -74.0215 52.1762 155.405 
2.69 -74.5298 52.8068 155.532 
2.7 -75.0377 53.4372 155.657 
2.71 -75.5451 54.0672 155.782 
2.72 -76.052 54.6969 155.906 
2.73 -76.5584 55.3263 156.029 
2.74 -77.0644 55.9554 156.151 
2.75 -77.5699 56.5842 156.273 
2.76 -78.0749 57.2127 156.393 
2.77 -78.5794 57.8409 156.513 
2.78 -79.0835 58.4688 156.631 
2.79 -79.5871 59.0963 156.749 
2.8 -80.0902 59.7235 156.866 
2.81 -80.5928 60.3505 156.982 
2.82 -81.095 60.9771 157.097 
2.83 -81.5967 61.6033 157.212 
2.84 -82.098 62.2293 157.326 
2.85 -82.5988 62.8549 157.438 
2.86 -83.0991 63.4802 157.55 
2.87 -83.5989 64.1052 157.662 
2.88 -84.0983 64.7299 157.772 
2.89 -84.5973 65.3543 157.882 
2.9 -85.0957 65.9783 157.991 
2.91 -85.5937 66.602 158.099 
2.92 -86.0913 67.2254 158.206 
2.93 -86.5884 67.8484 158.313 
2.94 -87.085 68.4712 158.419 
2.95 -87.5812 69.0936 158.524 
2.96 -88.0769 69.7156 158.628 
2.97 -88.5722 70.3374 158.732 
2.98 -89.0671 70.9588 158.834 
2.99 -89.5614 71.5799 158.936 
3 -90.0554 72.2007 159.038 
3.01 -90.5488 72.8211 159.139 
3.02 -91.0419 73.4412 159.239 
3.03 -91.5345 74.061 159.338 
3.04 -92.0266 74.6804 159.436 
3.05 -92.5183 75.2996 159.534 
3.06 -93.0096 75.9184 159.631 
3.07 -93.5004 76.5368 159.728 
3.08 -93.9908 77.155 159.824 
3.09 -94.4807 77.7728 159.919 
3.1 -94.9702 78.3902 160.013 
3.11 -95.4593 79.0074 160.107 
3.12 -95.9479 79.6242 160.2 
3.13 -96.4361 80.2407 160.293 
3.14 -96.9239 80.8569 160.385 
3.15 -97.4113 81.4727 160.476 
3.16 -97.8982 82.0882 160.566 
3.17 -98.3847 82.7033 160.656 
3.18 -98.8707 83.3182 160.746 
3.19 -99.3564 83.9327 160.834 
3.2 -99.8416 84.5469 160.922 
3.21 -100.326 85.1607 161.01 
3.22 -100.811 85.7742 161.097 
3.23 -101.295 86.3874 161.183 
3.24 -101.778 87.0003 161.269 
3.25 -102.261 87.6128 161.354 
3.26 -102.744 88.225 161.438 
3.27 -103.226 88.8369 161.522 
3.28 -103.708 89.4485 161.606 
3.29 -104.19 90.0597 161.688 
3.3 -104.671 90.6706 161.77 
3.31 -105.152 91.2812 161.852 
3.32 -105.632 91.8914 161.933 
3.33 -106.112 92.5013 162.014 
3.34 -106.591 93.1109 162.094 
3.35 -107.07 93.7202 162.173 
3.36 -107.549 94.3292 162.252 
3.37 -108.027 94.9378 162.33 
3.38 -108.505 95.5461 162.408 
3.39 -108.982 96.154 162.485 
3.4 -109.459 96.7617 162.562 
3.41 -109.936 97.369 162.638 
3.42 -110.412 97.976 162.714 
3.43 -110.888 98.5827 162.789 
3.44 -111.364 99.1891 162.863 
3.45 -111.839 99.7951 162.938 
3.46 -112.313 100.401 163.011 
3.47 -112.788 101.006 163.084 
3.48 -113.262 101.611 163.157 
3.49 -113.735 102.216 163.229 
3.5 -114.209 102.821 163.301 
3.51 -114.681 103.425 163.372 
3.52 -115.154 104.028 163.443 
3.53 -115.626 104.632 163.513 
3.54 -116.097 105.235 163.582 
3.55 -116.569 105.838 163.652 
3.56 -117.04 106.441 163.721 
3.57 -117.51 107.043 163.789 
3.58 -117.98 107.645 163.857 
3.59 -118.45 108.246 163.924 
3.6 -118.92 108.848 163.991 
3.61 -119.389 109.449 164.058 
3.62 -119.857 110.049 164.124 
3.63 -120.326 110.65 164.189 
3.64 -120.794 111.25 164.254 
3.65 -121.261 111.849 164.319 
3.66 -121.729 112.449 164.384 
3.67 -122.196 113.048 164.447 
3.68 -122.662 113.647 164.511 
3.69 -123.128 114.245 164.574 
3.7 -123.594 114.843 164.637 
3.71 -124.06 115.441 164.699 
3.72 -124.525 116.039 164.761 
3.73 -124.99 116.636 164.822 
3.74 -125.454 117.233 164.883 
3.75 -125.918 117.83 164.943 
3.76 -126.382 118.426 165.004 
3.77 -126.845 119.022 165.063 
3.78 -127.308 119.618 165.123 
3.79 -127.771 120.213 165.182 
3.8 -128.234 120.809 165.24 
3.81 -128.696 121.404 165.298 
3.82 -129.157 121.998 165.356 
3.83 -129.619 122.592 165.414 
3.84 -130.08 123.186 165.471 
3.85 -130.54 123.78 165.527 
3.86 -131.001 124.373 165.584 
3.87 -131.461 124.967 165.64 
3.88 -131.921 125.559 165.695 
3.89 -132.38 126.152 165.75 
3.9 -132.839 126.744 165.805 
3.91 -133.298 127.336 165.86 
3.92 -133.756 127.928 165.914 
3.93 -134.214 128.519 165.968 
3.94 -134.672 129.11 166.021 
3.95 -135.129 129.701 166.074 
3.96 -135.586 130.291 166.127 
3.97 -136.043 130.881 166.179 
3.98 -136.5 131.471 166.231 
3.99 -136.956 132.061 166.283 
4 -137.412 132.65 166.334 
4.01 -137.867 133.239 166.385 
4.02 -138.322 133.828 166.436 
4.03 -138.777 134.417 166.486 
4.04 -139.232 135.005 166.536 
4.05 -139.686 135.593 166.586 
4.06 -140.14 136.18 166.635 
4.07 -140.594 136.768 166.684 
4.08 -141.047 137.355 166.733 
4.09 -141.5 137.942 166.782 
4.1 -141.953 138.528 166.83 
4.11 -142.406 139.114 166.878 
4.12 -142.858 139.7 166.925 
4.13 -143.31 140.286 166.972 
4.14 -143.761 140.871 167.019 
4.15 -144.212 141.457 167.066 
4.16 -144.663 142.041 167.112 
4.17 -145.114 142.626 167.158 
4.18 -145.564 143.21 167.204 
4.19 -146.014 143.794 167.249 
4.2 -146.464 144.378 167.294 
4.21 -146.914 144.962 167.339 
4.22 -147.363 145.545 167.383 
4.23 -147.812 146.128 167.428 
4.24 -148.26 146.711 167.472 
4.25 -148.709 147.293 167.515 
4.26 -149.157 147.875 167.559 
4.27 -149.605 148.457 167.602 
4.28 -150.052 149.039 167.644 
4.29 -150.499 149.62 167.687 
4.3 -150.946 150.201 167.729 
4.31 -151.393 150.782 167.771 
4.32 -151.839 151.363 167.813 
4.33 -152.285 151.943 167.854 
4.34 -152.731 152.523 167.896 
4.35 -153.177 153.103 167.937 
4.36 -153.622 153.683 167.977 
4.37 -154.067 154.262 168.018 
4.38 -154.512 154.841 168.058 
4.39 -154.956 155.42 168.098 
4.4 -155.4 155.998 168.137 
4.41 -155.844 156.577 168.177 
4.42 -156.288 157.155 168.216 
4.43 -156.731 157.732 168.255 
4.44 -157.174 158.31 168.293 
4.45 -157.617 158.887 168.332 
4.46 -158.06 159.464 168.37 
4.47 -158.502 160.041 168.408 
4.48 -158.944 160.618 168.446 
4.49 -159.386 161.194 168.483 
4.5 -159.827 161.77 168.52 
4.51 -160.269 162.346 168.557 
4.52 -160.71 162.921 168.594 
4.53 -161.15 163.496 168.63 
4.54 -161.591 164.071 168.667 
4.55 -162.031 164.646 168.703 
4.56 -162.471 165.221 168.738 
4.57 -162.911 165.795 168.774 
4.58 -163.35 166.369 168.809 
4.59 -163.79 166.943 168.844 
4.6 -164.229 167.517 168.879 
4.61 -164.667 168.09 168.914 
4.62 -165.106 168.663 168.948 
4.63 -165.544 169.236 168.983 
4.64 -165.982 169.809 169.017 
4.65 -166.42 170.381 169.05 
4.66 -166.857 170.953 169.084 
4.67 -167.294 171.525 169.117 
4.68 -167.731 172.097 169.15 
4.69 -168.168 172.668 169.183 
4.7 -168.605 173.239 169.216 
4.71 -169.041 173.81 169.249 
4.72 -169.477 174.381 169.281 
4.73 -169.913 174.952 169.313 
4.74 -170.348 175.522 169.345 
4.75 -170.784 176.092 169.377 
4.76 -171.219 176.662 169.408 
4.77 -171.654 177.231 169.439 
4.78 -172.088 177.801 169.471 
4.79 -172.523 178.37 169.501 
4.8 -172.957 178.939 169.532 
4.81 -173.391 179.508 169.563 
4.82 -173.824 180.076 169.593 
4.83 -174.258 180.644 169.623 
4.84 -174.691 181.212 169.653 
4.85 -175.124 181.78 169.683 
4.86 -175.557 182.348 169.712 
4.87 -175.99 182.915 169.742 
4.88 -176.422 183.482 169.771 
4.89 -176.854 184.049 169.8 
4.9 -177.286 184.616 169.829 
4.91 -177.717 185.182 169.857 
4.92 -178.149 185.748 169.886 
4.93 -178.58 186.314 169.914 
4.94 -179.011 186.88 169.942 
4.95 -179.442 187.446 169.97 
4.96 -179.872 188.011 169.998 
4.97 -180.303 188.576 170.025 
4.98 -180.733 189.141 170.053 
4.99 -181.163 189.706 170.08 
5 -181.592 190.271 170.107 
5.01 -182.022 190.835 170.134 
5.02 -182.451 191.399 170.161 
5.03 -182.88 191.963 170.187 
5.04 -183.309 192.527 170.213 
5.05 -183.738 193.09 170.24 
5.06 -184.166 193.653 170.266 
5.07 -184.594 194.216 170.292 
5.08 -185.022 194.779 170.317 
5.09 -185.45 195.342 170.343 
5.1 -185.878 195.904 170.368 
5.11 -186.305 196.466 170.393 
5.12 -186.732 197.028 170.418 
5.13 -187.159 197.59 170.443 
5.14 -187.586 198.152 170.468 
5.15 -188.012 198.713 170.492 
5.16 -188.439 199.274 170.517 
5.17 -188.865 199.835 170.541 
5.18 -189.291 200.396 170.565 
5.19 -189.716 200.957 170.589 
5.2 -190.142 201.517 170.613 
5.21 -190.567 202.077 170.637 
5.22 -190.992 202.637 170.66 
5.23 -191.417 203.197 170.683 
5.24 -191.842 203.757 170.707 
5.25 -192.267 204.316 170.73 
5.26 -192.691 204.875 170.752 
5.27 -193.115 205.434 170.775 
5.28 -193.539 205.993 170.798 
5.29 -193.963 206.551 170.82 
5.3 -194.386 207.11 170.842 
5.31 -194.81 207.668 170.865 
5.32 -195.233 208.226 170.887 
5.33 -195.656 208.784 170.909 
5.34 -196.078 209.341 170.93 
5.35 -196.501 209.899 170.952 
5.36 -196.923 210.456 170.973 
5.37 -197.346 211.013 170.995 
5.38 -197.768 211.57 171.016 
5.39 -198.189 212.127 171.037 
5.4 -198.611 212.683 171.058 
5.41 -199.033 213.239 171.078 
5.42 -199.454 213.795 171.099 
5.43 -199.875 214.351 171.12 
5.44 -200.296 214.907 171.14 
5.45 -200.717 215.463 171.16 
5.46 -201.137 216.018 171.18 
5.47 -201.557 216.573 171.2 
5.48 -201.978 217.128 171.22 
5.49 -202.398 217.683 171.24 
5.5 -202.817 218.237 171.259 
5.51 -203.237 218.792 171.279 
5.52 -203.656 219.346 171.298 
5.53 -204.076 219.9 171.317 
5.54 -204.495 220.454 171.336 
5.55 -204.914 221.008 171.355 
5.56 -205.332 221.561 171.374 
5.57 -205.751 222.114 171.393 
5.58 -206.169 222.667 171.411 
5.59 -206.587 223.22 171.43 
5.6 -207.005 223.773 171.448 
5.61 -207.423 224.326 171.466 
5.62 -207.841 224.878 171.484 
5.63 -208.258 225.43 171.502 
5.64 -208.676 225.983 171.52 
5.65 -209.093 226.534 171.538 
5.66 -209.51 227.086 171.556 
5.67 -209.927 227.638 171.573 
5.68 -210.343 228.189 171.591 
5.69 -210.76 228.74 171.608 
5.7 -211.176 229.291 171.625 
5.71 -211.592 229.842 171.642 
5.72 -212.008 230.393 171.659 
5.73 -212.424 230.943 171.676 
5.74 -212.84 231.494 171.692 
5.75 -213.255 232.044 171.709 
5.76 -213.67 232.594 171.725 
5.77 -214.086 233.143 171.742 
5.78 -214.501 233.693 171.758 
5.79 -214.915 234.243 171.774 
5.8 -215.33 234.792 171.79 
5.81 -215.744 235.341 171.806 
5.82 -216.159 235.89 171.822 
5.83 -216.573 236.439 171.838 
5.84 -216.987 236.987 171.853 
5.85 -217.401 237.536 171.869 
5.86 -217.814 238.084 171.884 
5.87 -218.228 238.632 171.899 
5.88 -218.641 239.18 171.915 
5.89 -219.054 239.728 171.93 
5.9 -219.467 240.276 171.945 
5.91 -219.88 240.823 171.96 
5.92 -220.293 241.37 171.974 
5.93 -220.706 241.918 171.989 
5.94 -221.118 242.465 172.004 
5.95 -221.53 243.011 172.018 
5.96 -221.942 243.558 172.032 
5.97 -222.354 244.104 172.047 
5.98 -222.766 244.651 172.061 
5.99 -223.178 245.197 172.075 
6 -223.589 245.743 172.089 
6.01 -224 246.289 172.103 
6.02 -224.412 246.835 172.116 
6.03 -224.823 247.38 172.13 
6.04 -225.233 247.925 172.144 
6.05 -225.644 248.471 172.157 
6.06 -226.055 249.016 172.171 
6.07 -226.465 249.561 172.184 
6.08 -226.875 250.105 172.197 
6.09 -227.285 250.65 172.21 
6.1 -227.695 251.194 172.223 
6.11 -228.105 251.739 172.236 
6.12 -228.515 252.283 172.249 
6.13 -228.924 252.827 172.262 
6.14 -229.334 253.371 172.274 
6.15 -229.743 253.914 172.287 
6.16 -230.152 254.458 172.3 
6.17 -230.561 255.001 172.312 
6.18 -230.97 255.544 172.324 
6.19 -231.378 256.087 172.336 
6.2 -231.787 256.63 172.349 
6.21 -232.195 257.173 172.361 
6.22 -232.603 257.716 172.372 
6.23 -233.012 258.258 172.384 
6.24 -233.419 258.8 172.396 
6.25 -233.827 259.342 172.408 
6.26 -234.235 259.884 172.419 
6.27 -234.642 260.426 172.431 
6.28 -235.05 260.968 172.442 
6.29 -235.457 261.51 172.454 
6.3 -235.864 262.051 172.465 
6.31 -236.271 262.592 172.476 
6.32 -236.678 263.133 172.487 
6.33 -237.084 263.674 172.498 
6.34 -237.491 264.215 172.509 
6.35 -237.897 264.756 172.52 
6.36 -238.304 265.296 172.531 
6.37 -238.71 265.837 172.542 
6.38 -239.116 266.377 172.552 
6.39 -239.522 266.917 172.563 
6.4 -239.927 267.457 172.573 
6.41 -240.333 267.997 172.583 
6.42 -240.738 268.537 172.594 
6.43 -241.144 269.076 172.604 
6.44 -241.549 269.615 172.614 
6.45 -241.954 270.155 172.624 
6.46 -242.359 270.694 172.634 
6.47 -242.763 271.233 172.644 
6.48 -243.168 271.772 172.654 
6.49 -243.573 272.31 172.664 
6.5 -243.977 272.849 172.673 
6.51 -244.381 273.387 172.683 
6.52 -244.785 273.925 172.692 
6.53 -245.189 274.464 172.702 
6.54 -245.593 275.002 172.711 
6.55 -245.997 275.539 172.721 
6.56 -246.4 276.077 172.73 
6.57 -246.804 276.615 172.739 
6.58 -247.207 277.152 172.748 
6.59 -247.61 277.689 172.757 
6.6 -248.013 278.227 172.766 
6.61 -248.416 278.764 172.775 
6.62 -248.819 279.301 172.784 
6.63 -249.222 279.837 172.792 
6.64 -249.624 280.374 172.801 
6.65 -250.027 280.91 172.81 
6.66 -250.429 281.447 172.818 
6.67 -250.831 281.983 172.827 
6.68 -251.233 282.519 172.835 
6.69 -251.635 283.055 172.843 
6.7 -252.037 283.591 172.852 
6.71 -252.439 284.127 172.86 
6.72 -252.841 284.662 172.868 
6.73 -253.242 285.198 172.876 
6.74 -253.643 285.733 172.884 
6.75 -254.045 286.268 172.892 
6.76 -254.446 286.803 172.9 
6.77 -254.847 287.338 172.907 
6.78 -255.247 287.873 172.915 
6.79 -255.648 288.407 172.923 
6.8 -256.049 288.942 172.93 
6.81 -256.449 289.476 172.938 
6.82 -256.85 290.011 172.945 
6.83 -257.25 290.545 172.952 
6.84 -257.65 291.079 172.96 
6.85 -258.05 291.613 172.967 
6.86 -258.45 292.146 172.974 
6.87 -258.85 292.68 172.981 
6.88 -259.249 293.214 172.988 
6.89 -259.649 293.747 172.995 
6.9 -260.048 294.28 173.002 
6.91 -260.447 294.813 173.009 
6.92 -260.847 295.346 173.016 
6.93 -261.246 295.879 173.023 
6.94 -261.645 296.412 173.029 
6.95 -262.043 296.945 173.036 
6.96 -262.442 297.477 173.043 
6.97 -262.841 298.009 173.049 
6.98 -263.239 298.542 173.056 
6.99 -263.638 299.074 173.062 
7 -264.036 299.606 173.068 
7.01 -264.434 300.138 173.075 
7.02 -264.832 300.67 173.081 
7.03 -265.23 301.201 173.087 
7.04 -265.628 301.733 173.093 
7.05 -266.026 302.264 173.099 
7.06 -266.423 302.795 173.105 
7.07 -266.821 303.327 173.111 
7.08 -267.218 303.858 173.117 
7.09 -267.615 304.388 173.123 
7.1 -268.012 304.919 173.128 
7.11 -268.409 305.45 173.134 
7.12 -268.806 305.981 173.14 
7.13 -269.203 306.511 173.145 
7.14 -269.6 307.041 173.151 
7.15 -269.996 307.572 173.156 
7.16 -270.393 308.102 173.162 
7.17 -270.789 308.632 173.167 
7.18 -271.186 309.161 173.172 
7.19 -271.582 309.691 173.177 
7.2 -271.978 310.221 173.183 
7.21 -272.374 310.75 173.188 
7.22 -272.77 311.28 173.193 
7.23 -273.165 311.809 173.198 
7.24 -273.561 312.338 173.203 
7.25 -273.956 312.867 173.208 
7.26 -274.352 313.396 173.213 
7.27 -274.747 313.925 173.217 
7.28 -275.142 314.454 173.222 
7.29 -275.537 314.982 173.227 
7.3 -275.932 315.511 173.232 
7.31 -276.327 316.039 173.236 
7.32 -276.722 316.567 173.241 
7.33 -277.117 317.095 173.245 
7.34 -277.511 317.623 173.25 
7.35 -277.906 318.151 173.254 
7.36 -278.3 318.679 173.258 
7.37 -278.695 319.207 173.263 
7.38 -279.089 319.734 173.267 
7.39 -279.483 320.262 173.271 
7.4 -279.877 320.789 173.275 
7.41 -280.271 321.316 173.279 
7.42 -280.664 321.844 173.284 
7.43 -281.058 322.371 173.288 
7.44 -281.452 322.897 173.291 
7.45 -281.845 323.424 173.295 
7.46 -282.238 323.951 173.299 
7.47 -282.632 324.478 173.303 
7.48 -283.025 325.004 173.307 
7.49 -283.418 325.53 173.311 
7.5 -283.811 326.057 173.314 
7.51 -284.204 326.583 173.318 
7.52 -284.596 327.109 173.321 
7.53 -284.989 327.635 173.325 
7.54 -285.382 328.161 173.328 
7.55 -285.774 328.686 173.332 
7.56 -286.166 329.212 173.335 
7.57 -286.559 329.737 173.339 
7.58 -286.951 330.263 173.342 
7.59 -287.343 330.788 173.345 
7.6 -287.735 331.313 173.348 
7.61 -288.127 331.838 173.351 
7.62 -288.519 332.363 173.355 
7.63 -288.91 332.888 173.358 
7.64 -289.302 333.413 173.361 
7.65 -289.693 333.938 173.364 
7.66 -290.085 334.462 173.367 
7.67 -290.476 334.987 173.369 
7.68 -290.867 335.511 173.372 
7.69 -291.258 336.035 173.375 
7.7 -291.649 336.559 173.378 
7.71 -292.04 337.083 173.381 
7.72 -292.431 337.607 173.383 
7.73 -292.822 338.131 173.386 
7.74 -293.213 338.655 173.388 
7.75 -293.603 339.179 173.391 
7.76 -293.994 339.702 173.393 
7.77 -294.384 340.225 173.396 
7.78 -294.774 340.749 173.398 
7.79 -295.165 341.272 173.401 
7.8 -295.555 341.795 173.403 
7.81 -295.945 342.318 173.405 
7.82 -296.335 342.841 173.408 
7.83 -296.724 343.364 173.41 
7.84 -297.114 343.887 173.412 
7.85 -297.504 344.409 173.414 
7.86 -297.893 344.932 173.416 
7.87 -298.283 345.454 173.418 
7.88 -298.672 345.977 173.42 
7.89 -299.061 346.499 173.422 
7.9 -299.451 347.021 173.424 
7.91 -299.84 347.543 173.426 
7.92 -300.229 348.065 173.428 
7.93 -300.618 348.587 173.43 
7.94 -301.006 349.108 173.431 
7.95 -301.395 349.63 173.433 
7.96 -301.784 350.152 173.435 
7.97 -302.172 350.673 173.436 
7.98 -302.561 351.194 173.438 
7.99 -302.949 351.716 173.44 
8 -303.338 352.237 173.441 
8.01 -303.726 352.758 173.443 
8.02 -304.114 353.279 173.444 
8.03 -304.502 353.8 173.446 
8.04 -304.89 354.32 173.447 
8.05 -305.278 354.841 173.448 
8.06 -305.666 355.362 173.45 
8.07 -306.053 355.882 173.451 
8.08 -306.441 356.402 173.452 
8.09 -306.829 356.923 173.453 
8.1 -307.216 357.443 173.454 
8.11 -307.603 357.963 173.456 
8.12 -307.991 358.483 173.457 
8.13 -308.378 359.003 173.458 
8.14 -308.765 359.523 173.459 
8.15 -309.152 360.043 173.46 
8.16 -309.539 360.562 173.461 
8.17 -309.926 361.082 173.461 
8.18 -310.313 361.601 173.462 
8.19 -310.699 362.121 173.463 
8.2 -311.086 362.64 173.464 
8.21 -311.472 363.159 173.465 
8.22 -311.859 363.678 173.465 
8.23 -312.245 364.197 173.466 
8.24 -312.631 364.716 173.467 
8.25 -313.018 365.235 173.467 
8.26 -313.404 365.754 173.468 
8.27 -313.79 366.272 173.469 
8.28 -314.176 366.791 173.469 
8.29 -314.562 367.309 173.47 
8.3 -314.947 367.827 173.47 
8.31 -315.333 368.346 173.47 
8.32 -315.719 368.864 173.471 
8.33 -316.104 369.382 173.471 
8.34 -316.49 369.9 173.471 
8.35 -316.875 370.418 173.472 
8.36 -317.26 370.936 173.472 
8.37 -317.646 371.453 173.472 
8.38 -318.031 371.971 173.472 
8.39 -318.416 372.489 173.473 
8.4 -318.801 373.006 173.473 
8.41 -319.186 373.524 173.473 
8.42 -319.571 374.041 173.473 
8.43 -319.955 374.558 173.473 
8.44 -320.34 375.075 173.473 
8.45 -320.725 375.592 173.473 
8.46 -321.109 376.109 173.473 
8.47 -321.494 376.626 173.473 
8.48 -321.878 377.143 173.472 
8.49 -322.262 377.659 173.472 
8.5 -322.646 378.176 173.472 
8.51 -323.031 378.693 173.472 
8.52 -323.415 379.209 173.472 
8.53 -323.799 379.725 173.471 
8.54 -324.183 380.242 173.471 
8.55 -324.566 380.758 173.471 
8.56 -324.95 381.274 173.47 
8.57 -325.334 381.79 173.47 
8.58 -325.717 382.306 173.469 
8.59 -326.101 382.822 173.469 
8.6 -326.484 383.337 173.468 
8.61 -326.868 383.853 173.468 
8.62 -327.251 384.369 173.467 
8.63 -327.634 384.884 173.467 
8.64 -328.017 385.399 173.466 
8.65 -328.4 385.915 173.465 
8.66 -328.783 386.43 173.465 
8.67 -329.166 386.945 173.464 
8.68 -329.549 387.46 173.463 
8.69 -329.932 387.975 173.462 
8.7 -330.315 388.49 173.462 
8.71 -330.697 389.005 173.461 
8.72 -331.08 389.52 173.46 
8.73 -331.462 390.034 173.459 
8.74 -331.845 390.549 173.458 
8.75 -332.227 391.063 173.457 
8.76 -332.609 391.578 173.456 
8.77 -332.991 392.092 173.455 
8.78 -333.374 392.606 173.454 
8.79 -333.756 393.121 173.453 
8.8 -334.138 393.635 173.452 
8.81 -334.519 394.149 173.451 
8.82 -334.901 394.663 173.45 
8.83 -335.283 395.176 173.448 
8.84 -335.665 395.69 173.447 
8.85 -336.046 396.204 173.446 
8.86 -336.428 396.718 173.445 
8.87 -336.809 397.231 173.443 
8.88 -337.191 397.745 173.442 
8.89 -337.572 398.258 173.441 
8.9 -337.953 398.771 173.439 
8.91 -338.334 399.284 173.438 
8.92 -338.716 399.798 173.437 
8.93 -339.097 400.311 173.435 
8.94 -339.478 400.824 173.434 
8.95 -339.859 401.336 173.432 
8.96 -340.239 401.849 173.431 
8.97 -340.62 402.362 173.429 
8.98 -341.001 402.875 173.428 
8.99 -341.381 403.387 173.426 
9 -341.762 403.9 173.424 
9.01 -342.142 404.412 173.423 
9.02 -342.523 404.925 173.421 
9.03 -342.903 405.437 173.419 
9.04 -343.284 405.949 173.418 
9.05 -343.664 406.461 173.416 
9.06 -344.044 406.973 173.414 
9.07 -344.424 407.485 173.412 
9.08 -344.804 407.997 173.41 
9.09 -345.184 408.509 173.409 
9.1 -345.564 409.021 173.407 
9.11 -345.944 409.532 173.405 
9.12 -346.323 410.044 173.403 
9.13 -346.703 410.555 173.401 
9.14 -347.083 411.067 173.399 
9.15 -347.462 411.578 173.397 
9.16 -347.842 412.09 173.395 
9.17 -348.221 412.601 173.393 
9.18 -348.6 413.112 173.391 
9.19 -348.98 413.623 173.389 
9.2 -349.359 414.134 173.386 
9.21 -349.738 414.645 173.384 
9.22 -350.117 415.156 173.382 
9.23 -350.496 415.666 173.38 
9.24 -350.875 416.177 173.378 
9.25 -351.254 416.688 173.375 
9.26 -351.633 417.198 173.373 
9.27 -352.012 417.709 173.371 
9.28 -352.39 418.219 173.369 
9.29 -352.769 418.73 173.366 
9.3 -353.147 419.24 173.364 
9.31 -353.526 419.75 173.361 
9.32 -353.904 420.26 173.359 
9.33 -354.283 420.77 173.357 
9.34 -354.661 421.28 173.354 
9.35 -355.039 421.79 173.352 
9.36 -355.417 422.3 173.349 
9.37 -355.796 422.81 173.347 
9.38 -356.174 423.319 173.344 
9.39 -356.552 423.829 173.342 
9.4 -356.929 424.338 173.339 
9.41 -357.307 424.848 173.336 
9.42 -357.685 425.357 173.334 
9.43 -358.063 425.866 173.331 
9.44 -358.441 426.376 173.328 
9.45 -358.818 426.885 173.326 
9.46 -359.196 427.394 173.323 
9.47 -359.573 427.903 173.32 
9.48 -359.951 428.412 173.317 
9.49 -360.328 428.921 173.315 
9.5 -360.705 429.43 173.312 
9.51 -361.082 429.938 173.309 
9.52 -361.46 430.447 173.306 
9.53 -361.837 430.956 173.303 
9.54 -362.214 431.464 173.3 
9.55 -362.591 431.973 173.297 
9.56 -362.968 432.481 173.294 
9.57 -363.345 432.99 173.292 
9.58 -363.721 433.498 173.289 
9.59 -364.098 434.006 173.286 
9.6 -364.475 434.514 173.282 
9.61 -364.851 435.022 173.279 
9.62 -365.228 435.53 173.276 
9.63 -365.604 436.038 173.273 
9.64 -365.981 436.546 173.27 
9.65 -366.357 437.054 173.267 
9.66 -366.734 437.561 173.264 
9.67 -367.11 438.069 173.261 
9.68 -367.486 438.577 173.258 
9.69 -367.862 439.084 173.254 
9.7 -368.238 439.592 173.251 
9.71 -368.614 440.099 173.248 
9.72 -368.99 440.606 173.245 
9.73 -369.366 441.114 173.241 
9.74 -369.742 441.621 173.238 
9.75 -370.118 442.128 173.235 
9.76 -370.494 442.635 173.231 
9.77 -370.869 443.142 173.228 
9.78 -371.245 443.649 173.225 
9.79 -371.62 444.156 173.221 
9.8 -371.996 444.662 173.218 
9.81 -372.371 445.169 173.214 
9.82 -372.747 445.676 173.211 
9.83 -373.122 446.182 173.207 
9.84 -373.497 446.689 173.204 
9.85 -373.872 447.195 173.2 
9.86 -374.248 447.702 173.197 
9.87 -374.623 448.208 173.193 
9.88 -374.998 448.714 173.19 
9.89 -375.373 449.22 173.186 
9.9 -375.748 449.727 173.182 
9.91 -376.123 450.233 173.179 
9.92 -376.497 450.739 173.175 
9.93 -376.872 451.245 173.171 
9.94 -377.247 451.75 173.168 
9.95 -377.621 452.256 173.164 
9.96 -377.996 452.762 173.16 
9.97 -378.371 453.268 173.157 
9.98 -378.745 453.773 173.153 
9.99 -379.119 454.279 173.149 
10 -379.494 454.784 173.145 
10.01 -379.868 455.29 173.141 
10.02 -380.242 455.795 173.138 
10.03 -380.616 456.3 173.134 
10.04 -380.991 456.806 173.13 
10.05 -381.365 457.311 173.126 
10.06 -381.739 457.816 173.122 
10.07 -382.113 458.321 173.118 
10.08 -382.487 458.826 173.114 
10.09 -382.86 459.331 173.11 
10.1 -383.234 459.836 173.106 
10.11 -383.608 460.34 173.102 
10.12 -383.982 460.845 173.098 
10.13 -384.355 461.35 173.094 
10.14 -384.729 461.854 173.09 
10.15 -385.102 462.359 173.086 
10.16 -385.476 462.863 173.082 
10.17 -385.849 463.368 173.078 
10.18 -386.223 463.872 173.074 
10.19 -386.596 464.376 173.07 
10.2 -386.969 464.881 173.065 
10.21 -387.343 465.385 173.061 
10.22 -387.716 465.889 173.057 
10.23 -388.089 466.393 173.053 
10.24 -388.462 466.897 173.049 
10.25 -388.835 467.401 173.044 
10.26 -389.208 467.905 173.04 
10.27 -389.581 468.409 173.036 
10.28 -389.953 468.912 173.032 
10.29 -390.326 469.416 173.027 
10.3 -390.699 469.92 173.023 
10.31 -391.072 470.423 173.019 
10.32 -391.444 470.927 173.014 
10.33 -391.817 471.43 173.01 
10.34 -392.189 471.933 173.006 
10.35 -392.562 472.437 173.001 
10.36 -392.934 472.94 172.997 
10.37 -393.307 473.443 172.992 
10.38 -393.679 473.946 172.988 
10.39 -394.051 474.45 172.983 
10.4 -394.423 474.953 172.979 
10.41 -394.796 475.455 172.974 
10.42 -395.168 475.958 172.97 
10.43 -395.54 476.461 172.965 
10.44 -395.912 476.964 172.961 
10.45 -396.284 477.467 172.956 
10.46 -396.656 477.969 172.952 
10.47 -397.027 478.472 172.947 
10.48 -397.399 478.975 172.943 
10.49 -397.771 479.477 172.938 
10.5 -398.143 479.98 172.933 
10.51 -398.514 480.482 172.929 
10.52 -398.886 480.984 172.924 
10.53 -399.257 481.486 172.919 
10.54 -399.629 481.989 172.915 
10.55 -400 482.491 172.91 
10.56 -400.372 482.993 172.905 
10.57 -400.743 483.495 172.9 
10.58 -401.114 483.997 172.896 
10.59 -401.486 484.499 172.891 
10.6 -401.857 485.001 172.886 
10.61 -402.228 485.503 172.881 
10.62 -402.599 486.004 172.877 
10.63 -402.97 486.506 172.872 
10.64 -403.341 487.008 172.867 
10.65 -403.712 487.509 172.862 
10.66 -404.083 488.011 172.857 
10.67 -404.454 488.512 172.852 
10.68 -404.825 489.014 172.847 
10.69 -405.195 489.515 172.842 
10.7 -405.566 490.016 172.837 
10.71 -405.937 490.517 172.833 
10.72 -406.307 491.019 172.828 
10.73 -406.678 491.52 172.823 
10.74 -407.048 492.021 172.818 
10.75 -407.419 492.522 172.813 
10.76 -407.789 493.023 172.808 
10.77 -408.16 493.524 172.803 
10.78 -408.53 494.025 172.798 
10.79 -408.9 494.525 172.792 
10.8 -409.271 495.026 172.787 
10.81 -409.641 495.527 172.782 
10.82 -410.011 496.027 172.777 
10.83 -410.381 496.528 172.772 
10.84 -410.751 497.028 172.767 
10.85 -411.121 497.529 172.762 
10.86 -411.491 498.029 172.757 
10.87 -411.861 498.53 172.752 
10.88 -412.231 499.03 172.746 
10.89 -412.6 499.53 172.741 
10.9 -412.97 500.03 172.736 
10.91 -413.34 500.531 172.731 
10.92 -413.71 501.031 172.725 
10.93 -414.079 501.531 172.72 
10.94 -414.449 502.031 172.715 
10.95 -414.818 502.531 172.71 
10.96 -415.188 503.03 172.704 
10.97 -415.557 503.53 172.699 
10.98 -415.926 504.03 172.694 
10.99 -416.296 504.53 172.688 
11 -416.665 505.029 172.683 
11.01 -417.034 505.529 172.678 
11.02 -417.403 506.029 172.672 
11.03 -417.773 506.528 172.667 
11.04 -418.142 507.027 172.662 
11.05 -418.511 507.527 172.656 
11.06 -418.88 508.026 172.651 
11.07 -419.249 508.525 172.645 
11.08 -419.618 509.025 172.64 
11.09 -419.987 509.524 172.634 
11.1 -420.355 510.023 172.629 
11.11 -420.724 510.522 172.624 
11.12 -421.093 511.021 172.618 
11.13 -421.462 511.52 172.613 
11.14 -421.83 512.019 172.607 
11.15 -422.199 512.518 172.601 
11.16 -422.567 513.017 172.596 
11.17 -422.936 513.515 172.59 
11.18 -423.304 514.014 172.585 
11.19 -423.673 514.513 172.579 
11.2 -424.041 515.011 172.574 
11.21 -424.409 515.51 172.568 
11.22 -424.778 516.008 172.562 
11.23 -425.146 516.507 172.557 
11.24 -425.514 517.005 172.551 
11.25 -425.882 517.504 172.545 
11.26 -426.25 518.002 172.54 
11.27 -426.619 518.5 172.534 
11.28 -426.987 518.998 172.528 
11.29 -427.355 519.497 172.523 
11.3 -427.722 519.995 172.517 
11.31 -428.09 520.493 172.511 
11.32 -428.458 520.991 172.506 
11.33 -428.826 521.489 172.5 
11.34 -429.194 521.987 172.494 
11.35 -429.561 522.484 172.488 
11.36 -429.929 522.982 172.482 
11.37 -430.297 523.48 172.477 
11.38 -430.664 523.978 172.471 
11.39 -431.032 524.475 172.465 
11.4 -431.399 524.973 172.459 
11.41 -431.767 525.47 172.453 
11.42 -432.134 525.968 172.448 
11.43 -432.502 526.465 172.442 
11.44 -432.869 526.963 172.436 
11.45 -433.236 527.46 172.43 
11.46 -433.604 527.957 172.424 
11.47 -433.971 528.455 172.418 
11.48 -434.338 528.952 172.412 
11.49 -434.705 529.449 172.406 
11.5 -435.072 529.946 172.4 
11.51 -435.439 530.443 172.394 
11.52 -435.806 530.94 172.388 
11.53 -436.173 531.437 172.382 
11.54 -436.54 531.934 172.376 
11.55 -436.907 532.431 172.37 
11.56 -437.274 532.928 172.364 
11.57 -437.64 533.424 172.358 
11.58 -438.007 533.921 172.352 
11.59 -438.374 534.418 172.346 
11.6 -438.741 534.914 172.34 
11.61 -439.107 535.411 172.334 
11.62 -439.474 535.907 172.328 
11.63 -439.84 536.404 172.322 
11.64 -440.207 536.9 172.316 
11.65 -440.573 537.397 172.31 
11.66 -440.94 537.893 172.304 
11.67 -441.306 538.389 172.298 
11.68 -441.672 538.885 172.291 
11.69 -442.039 539.382 172.285 
11.7 -442.405 539.878 172.279 
11.71 -442.771 540.374 172.273 
11.72 -443.137 540.87 172.267 
11.73 -443.503 541.366 172.261 
11.74 -443.869 541.862 172.254 
11.75 -444.235 542.358 172.248 
11.76 -444.601 542.854 172.242 
11.77 -444.967 543.349 172.236 
11.78 -445.333 543.845 172.229 
11.79 -445.699 544.341 172.223 
11.8 -446.065 544.837 172.217 
11.81 -446.431 545.332 172.211 
11.82 -446.797 545.828 172.204 
11.83 -447.162 546.323 172.198 
11.84 -447.528 546.819 172.192 
11.85 -447.894 547.314 172.185 
11.86 -448.259 547.81 172.179 
11.87 -448.625 548.305 172.173 
11.88 -448.99 548.8 172.166 
11.89 -449.356 549.295 172.16 
11.9 -449.721 549.791 172.154 
11.91 -450.087 550.286 172.147 
11.92 -450.452 550.781 172.141 
11.93 -450.817 551.276 172.135 
11.94 -451.183 551.771 172.128 
11.95 -451.548 552.266 172.122 
11.96 -451.913 552.761 172.115 
11.97 -452.278 553.256 172.109 
11.98 -452.643 553.751 172.103 
11.99 -453.009 554.245 172.096 
12 -453.374 554.74 172.09 
12.01 -453.739 555.235 172.083 
12.02 -454.104 555.729 172.077 
12.03 -454.469 556.224 172.07 
12.04 -454.833 556.719 172.064 
12.05 -455.198 557.213 172.057 
12.06 -455.563 557.708 172.051 
12.07 -455.928 558.202 172.044 
12.08 -456.293 558.696 172.038 
12.09 -456.657 559.191 172.031 
12.1 -457.022 559.685 172.024 
12.11 -457.387 560.179 172.018 
12.12 -457.751 560.674 172.011 
12.13 -458.116 561.168 172.005 
12.14 -458.48 561.662 171.998 
12.15 -458.845 562.156 171.992 
12.16 -459.209 562.65 171.985 
12.17 -459.574 563.144 171.978 
12.18 -459.938 563.638 171.972 
12.19 -460.302 564.132 171.965 
12.2 -460.667 564.626 171.958 
12.21 -461.031 565.119 171.952 
12.22 -461.395 565.613 171.945 
12.23 -461.759 566.107 171.938 
12.24 -462.123 566.601 171.932 
12.25 -462.488 567.094 171.925 
12.26 -462.852 567.588 171.918 
12.27 -463.216 568.081 171.912 
12.28 -463.58 568.575 171.905 
12.29 -463.944 569.068 171.898 
12.3 -464.308 569.562 171.891 
12.31 -464.671 570.055 171.885 
12.32 -465.035 570.548 171.878 
12.33 -465.399 571.042 171.871 
12.34 -465.763 571.535 171.864 
12.35 -466.127 572.028 171.858 
12.36 -466.49 572.521 171.851 
12.37 -466.854 573.014 171.844 
12.38 -467.218 573.508 171.837 
12.39 -467.581 574.001 171.83 
12.4 -467.945 574.494 171.824 
12.41 -468.308 574.987 171.817 
12.42 -468.672 575.479 171.81 
12.43 -469.035 575.972 171.803 
12.44 -469.399 576.465 171.796 
12.45 -469.762 576.958 171.789 
12.46 -470.125 577.451 171.782 
12.47 -470.489 577.943 171.776 
12.48 -470.852 578.436 171.769 
12.49 -471.215 578.929 171.762 
12.5 -471.578 579.421 171.755 
12.51 -471.941 579.914 171.748 
12.52 -472.305 580.406 171.741 
12.53 -472.668 580.899 171.734 
12.54 -473.031 581.391 171.727 
12.55 -473.394 581.883 171.72 
12.56 -473.757 582.376 171.713 
12.57 -474.12 582.868 171.706 
12.58 -474.483 583.36 171.699 
12.59 -474.845 583.852 171.692 
12.6 -475.208 584.345 171.685 
12.61 -475.571 584.837 171.678 
12.62 -475.934 585.329 171.671 
12.63 -476.297 585.821 171.664 
12.64 -476.659 586.313 171.657 
12.65 -477.022 586.805 171.65 
12.66 -477.385 587.297 171.643 
12.67 -477.747 587.788 171.636 
12.68 -478.11 588.28 171.629 
12.69 -478.472 588.772 171.622 
12.7 -478.835 589.264 171.615 
12.71 -479.197 589.756 171.608 
12.72 -479.56 590.247 171.601 
12.73 -479.922 590.739 171.594 
12.74 -480.284 591.23 171.587 
12.75 -480.647 591.722 171.58 
12.76 -481.009 592.213 171.573 
12.77 -481.371 592.705 171.565 
12.78 -481.733 593.196 171.558 
12.79 -482.096 593.688 171.551 
12.8 -482.458 594.179 171.544 
12.81 -482.82 594.67 171.537 
12.82 -483.182 595.162 171.53 
12.83 -483.544 595.653 171.523 
12.84 -483.906 596.144 171.515 
12.85 -484.268 596.635 171.508 
12.86 -484.63 597.126 171.501 
12.87 -484.992 597.617 171.494 
12.88 -485.354 598.108 171.487 
12.89 -485.716 598.599 171.479 
12.9 -486.077 599.09 171.472 
12.91 -486.439 599.581 171.465 
12.92 -486.801 600.072 171.458 
12.93 -487.163 600.563 171.45 
12.94 -487.524 601.054 171.443 
12.95 -487.886 601.544 171.436 
12.96 -488.247 602.035 171.429 
12.97 -488.609 602.526 171.421 
12.98 -488.971 603.016 171.414 
12.99 -489.332 603.507 171.407 
13 -489.694 603.998 171.4 
13.01 -490.055 604.488 171.392 
13.02 -490.416 604.979 171.385 
13.03 -490.778 605.469 171.378 
13.04 -491.139 605.959 171.37 
13.05 -491.5 606.45 171.363 
13.06 -491.862 606.94 171.356 
13.07 -492.223 607.43 171.348 
13.08 -492.584 607.921 171.341 
13.09 -492.945 608.411 171.334 
13.1 -493.307 608.901 171.326 
13.11 -493.668 609.391 171.319 
13.12 -494.029 609.881 171.311 
13.13 -494.39 610.371 171.304 
13.14 -494.751 610.861 171.297 
13.15 -495.112 611.351 171.289 
13.16 -495.473 611.841 171.282 
13.17 -495.834 612.331 171.274 
13.18 -496.195 612.821 171.267 
13.19 -496.555 613.311 171.26 
13.2 -496.916 613.801 171.252 
13.21 -497.277 614.29 171.245 
13.22 -497.638 614.78 171.237 
13.23 -497.998 615.27 171.23 
13.24 -498.359 615.759 171.222 
13.25 -498.72 616.249 171.215 
13.26 -499.08 616.738 171.207 
13.27 -499.441 617.228 171.2 
13.28 -499.802 617.717 171.193 
13.29 -500.162 618.207 171.185 
13.3 -500.523 618.696 171.178 
13.31 -500.883 619.186 171.17 
13.32 -501.244 619.675 171.163 
13.33 -501.604 620.164 171.155 
13.34 -501.964 620.654 171.147 
13.35 -502.325 621.143 171.14 
13.36 -502.685 621.632 171.132 
13.37 -503.045 622.121 171.125 
13.38 -503.406 622.61 171.117 
13.39 -503.766 623.099 171.11 
13.4 -504.126 623.588 171.102 
13.41 -504.486 624.077 171.095 
13.42 -504.846 624.566 171.087 
13.43 -505.206 625.055 171.079 
13.44 -505.567 625.544 171.072 
13.45 -505.927 626.033 171.064 
13.46 -506.287 626.522 171.057 
13.47 -506.647 627.011 171.049 
13.48 -507.006 627.499 171.041 
13.49 -507.366 627.988 171.034 
13.5 -507.726 628.477 171.026 
13.51 -508.086 628.965 171.019 
13.52 -508.446 629.454 171.011 
13.53 -508.806 629.943 171.003 
13.54 -509.166 630.431 170.996 
13.55 -509.525 630.92 170.988 
13.56 -509.885 631.408 170.98 
13.57 -510.245 631.897 170.973 
13.58 -510.604 632.385 170.965 
13.59 -510.964 632.873 170.957 
13.6 -511.323 633.362 170.95 
13.61 -511.683 633.85 170.942 
13.62 -512.043 634.338 170.934 
13.63 -512.402 634.826 170.926 
13.64 -512.761 635.314 170.919 
13.65 -513.121 635.803 170.911 
13.66 -513.48 636.291 170.903 
13.67 -513.84 636.779 170.896 
13.68 -514.199 637.267 170.888 
13.69 -514.558 637.755 170.88 
13.7 -514.918 638.243 170.872 
13.71 -515.277 638.731 170.865 
13.72 -515.636 639.219 170.857 
13.73 -515.995 639.706 170.849 
13.74 -516.354 640.194 170.841 
13.75 -516.714 640.682 170.834 
13.76 -517.073 641.17 170.826 
13.77 -517.432 641.658 170.818 
13.78 -517.791 642.145 170.81 
13.79 -518.15 642.633 170.802 
13.8 -518.509 643.12 170.795 
13.81 -518.868 643.608 170.787 
13.82 -519.227 644.096 170.779 
13.83 -519.586 644.583 170.771 
13.84 -519.944 645.071 170.763 
13.85 -520.303 645.558 170.755 
13.86 -520.662 646.045 170.748 
13.87 -521.021 646.533 170.74 
13.88 -521.38 647.02 170.732 
13.89 -521.738 647.507 170.724 
13.9 -522.097 647.995 170.716 
13.91 -522.456 648.482 170.708 
13.92 -522.814 648.969 170.7 
13.93 -523.173 649.456 170.693 
13.94 -523.532 649.943 170.685 
13.95 -523.89 650.431 170.677 
13.96 -524.249 650.918 170.669 
13.97 -524.607 651.405 170.661 
13.98 -524.966 651.892 170.653 
13.99 -525.324 652.379 170.645 
14 -525.682 652.866 170.637 
14.01 -526.041 653.352 170.629 
14.02 -526.399 653.839 170.621 
14.03 -526.757 654.326 170.613 
14.04 -527.116 654.813 170.606 
14.05 -527.474 655.3 170.598 
14.06 -527.832 655.786 170.59 
14.07 -528.19 656.273 170.582 
14.08 -528.549 656.76 170.574 
14.09 -528.907 657.246 170.566 
14.1 -529.265 657.733 170.558 
14.11 -529.623 658.22 170.55 
14.12 -529.981 658.706 170.542 
14.13 -530.339 659.193 170.534 
14.14 -530.697 659.679 170.526 
14.15 -531.055 660.165 170.518 
14.16 -531.413 660.652 170.51 
14.17 -531.771 661.138 170.502 
14.18 -532.129 661.625 170.494 
14.19 -532.487 662.111 170.486 
14.2 -532.845 662.597 170.478 
14.21 -533.202 663.083 170.47 
14.22 -533.56 663.569 170.462 
14.23 -533.918 664.056 170.454 
14.24 -534.276 664.542 170.446 
14.25 -534.633 665.028 170.438 
14.26 -534.991 665.514 170.429 
14.27 -535.349 666 170.421 
14.28 -535.706 666.486 170.413 
14.29 -536.064 666.972 170.405 
14.3 -536.422 667.458 170.397 
14.31 -536.779 667.944 170.389 
14.32 -537.137 668.43 170.381 
14.33 -537.494 668.915 170.373 
14.34 -537.852 669.401 170.365 
14.35 -538.209 669.887 170.357 
14.36 -538.566 670.373 170.349 
14.37 -538.924 670.859 170.341 
14.38 -539.281 671.344 170.332 
14.39 -539.638 671.83 170.324 
14.4 -539.996 672.315 170.316 
14.41 -540.353 672.801 170.308 
14.42 -540.71 673.287 170.3 
14.43 -541.067 673.772 170.292 
14.44 -541.425 674.258 170.284 
14.45 -541.782 674.743 170.275 
14.46 -542.139 675.228 170.267 
14.47 -542.496 675.714 170.259 
14.48 -542.853 676.199 170.251 
14.49 -543.21 676.685 170.243 
14.5 -543.567 677.17 170.235 
14.51 -543.924 677.655 170.226 
14.52 -544.281 678.14 170.218 
14.53 -544.638 678.626 170.21 
14.54 -544.995 679.111 170.202 
14.55 -545.352 679.596 170.194 
14.56 -545.709 680.081 170.185 
14.57 -546.066 680.566 170.177 
14.58 -546.423 681.051 170.169 
14.59 -546.779 681.536 170.161 
14.6 -547.136 682.021 170.153 
14.61 -547.493 682.506 170.144 
14.62 -547.85 682.991 170.136 
14.63 -548.206 683.476 170.128 
14.64 -548.563 683.961 170.12 
14.65 -548.92 684.445 170.111 
14.66 -549.276 684.93 170.103 
14.67 -549.633 685.415 170.095 
14.68 -549.989 685.9 170.087 
14.69 -550.346 686.384 170.078 
14.7 -550.702 686.869 170.07 
14.71 -551.059 687.354 170.062 
14.72 -551.415 687.838 170.054 
14.73 -551.772 688.323 170.045 
14.74 -552.128 688.808 170.037 
14.75 -552.484 689.292 170.029 
14.76 -552.841 689.777 170.02 
14.77 -553.197 690.261 170.012 
14.78 -553.553 690.745 170.004 
14.79 -553.91 691.23 169.996 
14.8 -554.266 691.714 169.987 
14.81 -554.622 692.198 169.979 
14.82 -554.978 692.683 169.971 
14.83 -555.335 693.167 169.962 
14.84 -555.691 693.651 169.954 
14.85 -556.047 694.136 169.946 
14.86 -556.403 694.62 169.937 
14.87 -556.759 695.104 169.929 
14.88 -557.115 695.588 169.921 
14.89 -557.471 696.072 169.912 
14.9 -557.827 696.556 169.904 
14.91 -558.183 697.04 169.896 
14.92 -558.539 697.524 169.887 
14.93 -558.895 698.008 169.879 
14.94 -559.251 698.492 169.87 
14.95 -559.607 698.976 169.862 
14.96 -559.962 699.46 169.854 
14.97 -560.318 699.944 169.845 
14.98 -560.674 700.428 169.837 
14.99 -561.03 700.911 169.828 
15 -561.386 701.395 169.82 
15.01 -561.741 701.879 169.812 
15.02 -562.097 702.363 169.803 
15.03 -562.453 702.846 169.795 
15.04 -562.808 703.33 169.786 
15.05 -563.164 703.813 169.778 
15.06 -563.52 704.297 169.77 
15.07 -563.875 704.781 169.761 
15.08 -564.231 705.264 169.753 
15.09 -564.586 705.748 169.744 
15.1 -564.942 706.231 169.736 
15.11 -565.297 706.715 169.727 
15.12 -565.653 707.198 169.719 
15.13 -566.008 707.681 169.711 
15.14 -566.363 708.165 169.702 
15.15 -566.719 708.648 169.694 
15.16 -567.074 709.131 169.685 
15.17 -567.43 709.615 169.677 
15.18 -567.785 710.098 169.668 
15.19 -568.14 710.581 169.66 
15.2 -568.495 711.064 169.651 
15.21 -568.851 711.547 169.643 
15.22 -569.206 712.031 169.634 
15.23 -569.561 712.514 169.626 
15.24 -569.916 712.997 169.617 
15.25 -570.271 713.48 169.609 
15.26 -570.626 713.963 169.6 
15.27 -570.981 714.446 169.592 
15.28 -571.337 714.929 169.583 
15.29 -571.692 715.412 169.575 
15.3 -572.047 715.894 169.566 
15.31 -572.402 716.377 169.558 
15.32 -572.757 716.86 169.549 
15.33 -573.111 717.343 169.541 
15.34 -573.466 717.826 169.532 
15.35 -573.821 718.308 169.524 
15.36 -574.176 718.791 169.515 
15.37 -574.531 719.274 169.506 
15.38 -574.886 719.757 169.498 
15.39 -575.241 720.239 169.489 
15.4 -575.595 720.722 169.481 
15.41 -575.95 721.204 169.472 
15.42 -576.305 721.687 169.464 
15.43 -576.66 722.169 169.455 
15.44 -577.014 722.652 169.447 
15.45 -577.369 723.134 169.438 
15.46 -577.724 723.617 169.429 
15.47 -578.078 724.099 169.421 
15.48 -578.433 724.582 169.412 
15.49 -578.787 725.064 169.404 
15.5 -579.142 725.546 169.395 
15.51 -579.496 726.029 169.386 
15.52 -579.851 726.511 169.378 
15.53 -580.205 726.993 169.369 
15.54 -580.56 727.475 169.361 
15.55 -580.914 727.958 169.352 
15.56 -581.269 728.44 169.343 
15.57 -581.623 728.922 169.335 
15.58 -581.977 729.404 169.326 
15.59 -582.332 729.886 169.317 
15.6 -582.686 730.368 169.309 
15.61 -583.04 730.85 169.3 
15.62 -583.395 731.332 169.292 
15.63 -583.749 731.814 169.283 
15.64 -584.103 732.296 169.274 
15.65 -584.457 732.778 169.266 
15.66 -584.811 733.26 169.257 
15.67 -585.166 733.742 169.248 
15.68 -585.52 734.224 169.24 
15.69 -585.874 734.705 169.231 
15.7 -586.228 735.187 169.222 
15.71 -586.582 735.669 169.214 
15.72 -586.936 736.151 169.205 
15.73 -587.29 736.632 169.196 
15.74 -587.644 737.114 169.188 
15.75 -587.998 737.596 169.179 
15.76 -588.352 738.077 169.17 
15.77 -588.706 738.559 169.162 
15.78 -589.06 739.04 169.153 
15.79 -589.414 739.522 169.144 
15.8 -589.767 740.003 169.135 
15.81 -590.121 740.485 169.127 
15.82 -590.475 740.966 169.118 
15.83 -590.829 741.448 169.109 
15.84 -591.183 741.929 169.101 
15.85 -591.536 742.411 169.092 
15.86 -591.89 742.892 169.083 
15.87 -592.244 743.373 169.074 
15.88 -592.598 743.854 169.066 
15.89 -592.951 744.336 169.057 
15.9 -593.305 744.817 169.048 
15.91 -593.658 745.298 169.04 
15.92 -594.012 745.779 169.031 
15.93 -594.366 746.261 169.022 
15.94 -594.719 746.742 169.013 
15.95 -595.073 747.223 169.005 
15.96 -595.426 747.704 168.996 
15.97 -595.78 748.185 168.987 
15.98 -596.133 748.666 168.978 
15.99 -596.487 749.147 168.969 
16 -596.84 749.628 168.961 
16.01 -597.193 750.109 168.952 
16.02 -597.547 750.59 168.943 
16.03 -597.9 751.071 168.934 
16.04 -598.253 751.552 168.926 
16.05 -598.607 752.032 168.917 
16.06 -598.96 752.513 168.908 
16.07 -599.313 752.994 168.899 
16.08 -599.666 753.475 168.89 
16.09 -600.02 753.956 168.882 
16.1 -600.373 754.436 168.873 
16.11 -600.726 754.917 168.864 
16.12 -601.079 755.398 168.855 
16.13 -601.432 755.878 168.846 
16.14 -601.785 756.359 168.838 
16.15 -602.139 756.839 168.829 
16.16 -602.492 757.32 168.82 
16.17 -602.845 757.801 168.811 
16.18 -603.198 758.281 168.802 
16.19 -603.551 758.762 168.793 
16.2 -603.904 759.242 168.785 
16.21 -604.257 759.722 168.776 
16.22 -604.61 760.203 168.767 
16.23 -604.962 760.683 168.758 
16.24 -605.315 761.164 168.749 
16.25 -605.668 761.644 168.74 
16.26 -606.021 762.124 168.732 
16.27 -606.374 762.605 168.723 
16.28 -606.727 763.085 168.714 
16.29 -607.08 763.565 168.705 
16.3 -607.432 764.045 168.696 
16.31 -607.785 764.525 168.687 
16.32 -608.138 765.006 168.678 
16.33 -608.49 765.486 168.67 
16.34 -608.843 765.966 168.661 
16.35 -609.196 766.446 168.652 
16.36 -609.548 766.926 168.643 
16.37 -609.901 767.406 168.634 
16.38 -610.254 767.886 168.625 
16.39 -610.606 768.366 168.616 
16.4 -610.959 768.846 168.607 
16.41 -611.311 769.326 168.598 
16.42 -611.664 769.806 168.59 
16.43 -612.016 770.286 168.581 
16.44 -612.369 770.765 168.572 
16.45 -612.721 771.245 168.563 
16.46 -613.074 771.725 168.554 
16.47 -613.426 772.205 168.545 
16.48 -613.779 772.685 168.536 
16.49 -614.131 773.164 168.527 
16.5 -614.483 773.644 168.518 
16.51 -614.836 774.124 168.509 
16.52 -615.188 774.603 168.5 
16.53 -615.54 775.083 168.491 
16.54 -615.893 775.563 168.483 
16.55 -616.245 776.042 168.474 
16.56 -616.597 776.522 168.465 
16.57 -616.949 777.001 168.456 
16.58 -617.301 777.481 168.447 
16.59 -617.654 777.96 168.438 
16.6 -618.006 778.44 168.429 
16.61 -618.358 778.919 168.42 
16.62 -618.71 779.399 168.411 
16.63 -619.062 779.878 168.402 
16.64 -619.414 780.357 168.393 
16.65 -619.766 780.837 168.384 
16.66 -620.118 781.316 168.375 
16.67 -620.47 781.795 168.366 
16.68 -620.822 782.275 168.357 
16.69 -621.174 782.754 168.348 
16.7 -621.526 783.233 168.339 
16.71 -621.878 783.712 168.33 
16.72 -622.23 784.191 168.321 
16.73 -622.582 784.67 168.312 
16.74 -622.934 785.15 168.303 
16.75 -623.286 785.629 168.294 
16.76 -623.637 786.108 168.285 
16.77 -623.989 786.587 168.276 
16.78 -624.341 787.066 168.267 
16.79 -624.693 787.545 168.258 
16.8 -625.044 788.024 168.249 
16.81 -625.396 788.503 168.24 
16.82 -625.748 788.982 168.231 
16.83 -626.1 789.461 168.222 
16.84 -626.451 789.939 168.213 
16.85 -626.803 790.418 168.204 
16.86 -627.155 790.897 168.195 
16.87 -627.506 791.376 168.186 
16.88 -627.858 791.855 168.177 
16.89 -628.209 792.333 168.168 
16.9 -628.561 792.812 168.159 
16.91 -628.912 793.291 168.15 
16.92 -629.264 793.77 168.141 
16.93 -629.615 794.248 168.132 
16.94 -629.967 794.727 168.123 
16.95 -630.318 795.206 168.114 
16.96 -630.67 795.684 168.105 
16.97 -631.021 796.163 168.096 
16.98 -631.373 796.641 168.087 
16.99 -631.724 797.12 168.078 
17 -632.075 797.598 168.069 
17.01 -632.427 798.077 168.06 
17.02 -632.778 798.555 168.05 
17.03 -633.129 799.034 168.041 
17.04 -633.48 799.512 168.032 
17.05 -633.832 799.99 168.023 
17.06 -634.183 800.469 168.014 
17.07 -634.534 800.947 168.005 
17.08 -634.885 801.425 167.996 
17.09 -635.237 801.904 167.987 
17.1 -635.588 802.382 167.978 
17.11 -635.939 802.86 167.969 
17.12 -636.29 803.339 167.96 
17.13 -636.641 803.817 167.951 
17.14 -636.992 804.295 167.942 
17.15 -637.343 804.773 167.932 
17.16 -637.694 805.251 167.923 
17.17 -638.045 805.729 167.914 
17.18 -638.396 806.207 167.905 
17.19 -638.747 806.685 167.896 
17.2 -639.098 807.163 167.887 
17.21 -639.449 807.642 167.878 
17.22 -639.8 808.12 167.869 
17.23 -640.151 808.597 167.86 
17.24 -640.502 809.075 167.85 
17.25 -640.853 809.553 167.841 
17.26 -641.204 810.031 167.832 
17.27 -641.555 810.509 167.823 
17.28 -641.905 810.987 167.814 
17.29 -642.256 811.465 167.805 
17.3 -642.607 811.943 167.796 
17.31 -642.958 812.42 167.787 
17.32 -643.308 812.898 167.777 
17.33 -643.659 813.376 167.768 
17.34 -644.01 813.854 167.759 
17.35 -644.361 814.331 167.75 
17.36 -644.711 814.809 167.741 
17.37 -645.062 815.287 167.732 
17.38 -645.413 815.764 167.723 
17.39 -645.763 816.242 167.713 
17.4 -646.114 816.72 167.704 
17.41 -646.464 817.197 167.695 
17.42 -646.815 817.675 167.686 
17.43 -647.165 818.152 167.677 
17.44 -647.516 818.63 167.668 
17.45 -647.866 819.107 167.658 
17.46 -648.217 819.585 167.649 
17.47 -648.567 820.062 167.64 
17.48 -648.918 820.539 167.631 
17.49 -649.268 821.017 167.622 
17.5 -649.619 821.494 167.613 
17.51 -649.969 821.972 167.603 
17.52 -650.319 822.449 167.594 
17.53 -650.67 822.926 167.585 
17.54 -651.02 823.403 167.576 
17.55 -651.371 823.881 167.567 
17.56 -651.721 824.358 167.557 
17.57 -652.071 824.835 167.548 
17.58 -652.421 825.312 167.539 
17.59 -652.772 825.79 167.53 
17.6 -653.122 826.267 167.521 
17.61 -653.472 826.744 167.511 
17.62 -653.822 827.221 167.502 
17.63 -654.172 827.698 167.493 
17.64 -654.523 828.175 167.484 
17.65 -654.873 828.652 167.475 
17.66 -655.223 829.129 167.465 
17.67 -655.573 829.606 167.456 
17.68 -655.923 830.083 167.447 
17.69 -656.273 830.56 167.438 
17.7 -656.623 831.037 167.429 
17.71 -656.973 831.514 167.419 
17.72 -657.323 831.991 167.41 
17.73 -657.673 832.468 167.401 
17.74 -658.023 832.944 167.392 
17.75 -658.373 833.421 167.382 
17.76 -658.723 833.898 167.373 
17.77 -659.073 834.375 167.364 
17.78 -659.423 834.852 167.355 
17.79 -659.773 835.328 167.345 
17.8 -660.123 835.805 167.336 
17.81 -660.473 836.282 167.327 
17.82 -660.822 836.758 167.318 
17.83 -661.172 837.235 167.308 
17.84 -661.522 837.712 167.299 
17.85 -661.872 838.188 167.29 
17.86 -662.222 838.665 167.281 
17.87 -662.571 839.141 167.271 
17.88 -662.921 839.618 167.262 
17.89 -663.271 840.094 167.253 
17.9 -663.62 840.571 167.244 
17.91 -663.97 841.047 167.234 
17.92 -664.32 841.524 167.225 
17.93 -664.669 842 167.216 
17.94 -665.019 842.477 167.207 
17.95 -665.369 842.953 167.197 
17.96 -665.718 843.43 167.188 
17.97 -666.068 843.906 167.179 
17.98 -666.417 844.382 167.169 
17.99 -666.767 844.859 167.16 
18 -667.116 845.335 167.151 
18.01 -667.466 845.811 167.142 
18.02 -667.815 846.287 167.132 
18.03 -668.165 846.764 167.123 
18.04 -668.514 847.24 167.114 
18.05 -668.864 847.716 167.104 
18.06 -669.213 848.192 167.095 
18.07 -669.563 848.668 167.086 
18.08 -669.912 849.144 167.077 
18.09 -670.261 849.621 167.067 
18.1 -670.611 850.097 167.058 
18.11 -670.96 850.573 167.049 
18.12 -671.309 851.049 167.039 
18.13 -671.659 851.525 167.03 
18.14 -672.008 852.001 167.021 
18.15 -672.357 852.477 167.011 
18.16 -672.706 852.953 167.002 
18.17 -673.056 853.429 166.993 
18.18 -673.405 853.905 166.983 
18.19 -673.754 854.38 166.974 
18.2 -674.103 854.856 166.965 
18.21 -674.452 855.332 166.956 
18.22 -674.802 855.808 166.946 
18.23 -675.151 856.284 166.937 
18.24 -675.5 856.76 166.928 
18.25 -675.849 857.235 166.918 
18.26 -676.198 857.711 166.909 
18.27 -676.547 858.187 166.9 
18.28 -676.896 858.663 166.89 
18.29 -677.245 859.138 166.881 
18.3 -677.594 859.614 166.871 
18.31 -677.943 860.09 166.862 
18.32 -678.292 860.565 166.853 
18.33 -678.641 861.041 166.843 
18.34 -678.99 861.516 166.834 
18.35 -679.339 861.992 166.825 
18.36 -679.688 862.468 166.815 
18.37 -680.037 862.943 166.806 
18.38 -680.386 863.419 166.797 
18.39 -680.734 863.894 166.787 
18.4 -681.083 864.37 166.778 
18.41 -681.432 864.845 166.769 
18.42 -681.781 865.32 166.759 
18.43 -682.13 865.796 166.75 
18.44 -682.479 866.271 166.741 
18.45 -682.827 866.747 166.731 
18.46 -683.176 867.222 166.722 
18.47 -683.525 867.697 166.712 
18.48 -683.873 868.173 166.703 
18.49 -684.222 868.648 166.694 
18.5 -684.571 869.123 166.684 
18.51 -684.919 869.598 166.675 
18.52 -685.268 870.074 166.666 
18.53 -685.617 870.549 166.656 
18.54 -685.965 871.024 166.647 
18.55 -686.314 871.499 166.637 
18.56 -686.663 871.974 166.628 
18.57 -687.011 872.449 166.619 
18.58 -687.36 872.925 166.609 
18.59 -687.708 873.4 166.6 
18.6 -688.057 873.875 166.59 
18.61 -688.405 874.35 166.581 
18.62 -688.754 874.825 166.572 
18.63 -689.102 875.3 166.562 
18.64 -689.451 875.775 166.553 
18.65 -689.799 876.25 166.543 
18.66 -690.147 876.725 166.534 
18.67 -690.496 877.2 166.525 
18.68 -690.844 877.675 166.515 
18.69 -691.193 878.149 166.506 
18.7 -691.541 878.624 166.496 
18.71 -691.889 879.099 166.487 
18.72 -692.238 879.574 166.477 
18.73 -692.586 880.049 166.468 
18.74 -692.934 880.524 166.459 
18.75 -693.283 880.998 166.449 
18.76 -693.631 881.473 166.44 
18.77 -693.979 881.948 166.43 
18.78 -694.327 882.423 166.421 
18.79 -694.675 882.897 166.412 
18.8 -695.024 883.372 166.402 
18.81 -695.372 883.847 166.393 
18.82 -695.72 884.321 166.383 
18.83 -696.068 884.796 166.374 
18.84 -696.416 885.271 166.364 
18.85 -696.764 885.745 166.355 
18.86 -697.112 886.22 166.345 
18.87 -697.461 886.694 166.336 
18.88 -697.809 887.169 166.327 
18.89 -698.157 887.643 166.317 
18.9 -698.505 888.118 166.308 
18.91 -698.853 888.592 166.298 
18.92 -699.201 889.067 166.289 
18.93 -699.549 889.541 166.279 
18.94 -699.897 890.016 166.27 
18.95 -700.245 890.49 166.26 
18.96 -700.593 890.964 166.251 
18.97 -700.941 891.439 166.242 
18.98 -701.288 891.913 166.232 
18.99 -701.636 892.387 166.223 
19 -701.984 892.862 166.213 
19.01 -702.332 893.336 166.204 
19.02 -702.68 893.81 166.194 
19.03 -703.028 894.284 166.185 
19.04 -703.376 894.759 166.175 
19.05 -703.723 895.233 166.166 
19.06 -704.071 895.707 166.156 
19.07 -704.419 896.181 166.147 
19.08 -704.767 896.655 166.137 
19.09 -705.114 897.13 166.128 
19.1 -705.462 897.604 166.118 
19.11 -705.81 898.078 166.109 
19.12 -706.158 898.552 166.099 
19.13 -706.505 899.026 166.09 
19.14 -706.853 899.5 166.081 
19.15 -707.201 899.974 166.071 
19.16 -707.548 900.448 166.062 
19.17 -707.896 900.922 166.052 
19.18 -708.243 901.396 166.043 
19.19 -708.591 901.87 166.033 
19.2 -708.939 902.344 166.024 
19.21 -709.286 902.818 166.014 
19.22 -709.634 903.292 166.005 
19.23 -709.981 903.765 165.995 
19.24 -710.329 904.239 165.986 
19.25 -710.676 904.713 165.976 
19.26 -711.024 905.187 165.967 
19.27 -711.371 905.661 165.957 
19.28 -711.719 906.135 165.948 
19.29 -712.066 906.608 165.938 
19.3 -712.413 907.082 165.929 
19.31 -712.761 907.556 165.919 
19.32 -713.108 908.029 165.91 
19.33 -713.456 908.503 165.9 
19.34 -713.803 908.977 165.891 
19.35 -714.15 909.45 165.881 
19.36 -714.498 909.924 165.871 
19.37 -714.845 910.398 165.862 
19.38 -715.192 910.871 165.852 
19.39 -715.54 911.345 165.843 
19.4 -715.887 911.818 165.833 
19.41 -716.234 912.292 165.824 
19.42 -716.581 912.765 165.814 
19.43 -716.929 913.239 165.805 
19.44 -717.276 913.712 165.795 
19.45 -717.623 914.186 165.786 
19.46 -717.97 914.659 165.776 
19.47 -718.317 915.133 165.767 
19.48 -718.664 915.606 165.757 
19.49 -719.012 916.08 165.748 
19.5 -719.359 916.553 165.738 
19.51 -719.706 917.026 165.729 
19.52 -720.053 917.5 165.719 
19.53 -720.4 917.973 165.709 
19.54 -720.747 918.446 165.7 
19.55 -721.094 918.92 165.69 
19.56 -721.441 919.393 165.681 
19.57 -721.788 919.866 165.671 
19.58 -722.135 920.339 165.662 
19.59 -722.482 920.813 165.652 
19.6 -722.829 921.286 165.643 
19.61 -723.176 921.759 165.633 
19.62 -723.523 922.232 165.624 
19.63 -723.87 922.705 165.614 
19.64 -724.217 923.178 165.604 
19.65 -724.564 923.652 165.595 
19.66 -724.911 924.125 165.585 
19.67 -725.258 924.598 165.576 
19.68 -725.604 925.071 165.566 
19.69 -725.951 925.544 165.557 
19.7 -726.298 926.017 165.547 
19.71 -726.645 926.49 165.538 
19.72 -726.992 926.963 165.528 
19.73 -727.338 927.436 165.518 
19.74 -727.685 927.909 165.509 
19.75 -728.032 928.382 165.499 
19.76 -728.379 928.855 165.49 
19.77 -728.725 929.327 165.48 
19.78 -729.072 929.8 165.471 
19.79 -729.419 930.273 165.461 
19.8 -729.766 930.746 165.451 
19.81 -730.112 931.219 165.442 
19.82 -730.459 931.692 165.432 
19.83 -730.805 932.165 165.423 
19.84 -731.152 932.637 165.413 
19.85 -731.499 933.11 165.403 
19.86 -731.845 933.583 165.394 
19.87 -732.192 934.056 165.384 
19.88 -732.538 934.528 165.375 
19.89 -732.885 935.001 165.365 
19.9 -733.232 935.474 165.356 
19.91 -733.578 935.946 165.346 
19.92 -733.925 936.419 165.336 
19.93 -734.271 936.892 165.327 
19.94 -734.618 937.364 165.317 
19.95 -734.964 937.837 165.308 
19.96 -735.311 938.309 165.298 
19.97 -735.657 938.782 165.288 
19.98 -736.003 939.254 165.279 
19.99 -736.35 939.727 165.269 
20 -736.696 940.199 165.26 
