PARAMETRIC_CURVE_CARTESIAN_3D
Body3
t1: 0
t2: 20
NumPoints: 2001
0 130 50 70 
0.01 129.999 49.4996 69.9994 
0.02 129.997 48.9988 69.9983 
0.03 129.994 48.4976 69.9967 
0.04 129.99 47.9961 69.9944 
0.05 129.984 47.4941 69.9916 
0.06 129.978 46.9918 69.9883 
0.07 129.971 46.489 69.9844 
0.08 129.963 45.9859 69.9799 
0.09 129.953 45.4825 69.9748 
0.1 129.943 44.9786 69.9692 
0.11 129.931 44.4744 69.963 
0.12 129.918 43.9698 69.9562 
0.13 129.905 43.4649 69.9489 
0.14 129.89 42.9596 69.9409 
0.15 129.874 42.4539 69.9324 
0.16 129.857 41.9479 69.9234 
0.17 129.839 41.4415 69.9137 
0.18 129.82 40.9348 69.9035 
0.19 129.8 40.4278 69.8926 
0.2 129.778 39.9204 69.8812 
0.21 129.756 39.4126 69.8692 
0.22 129.732 38.9046 69.8566 
0.23 129.708 38.3962 69.8434 
0.24 129.682 37.8874 69.8297 
0.25 129.655 37.3784 69.8153 
0.26 129.627 36.869 69.8003 
0.27 129.598 36.3593 69.7848 
0.28 129.567 35.8493 69.7686 
0.29 129.536 35.339 69.7518 
0.3 129.503 34.8284 69.7345 
0.31 129.47 34.3174 69.7165 
0.32 129.435 33.8062 69.6979 
0.33 129.399 33.2947 69.6788 
0.34 129.361 32.7829 69.659 
0.35 129.323 32.2708 69.6386 
0.36 129.284 31.7584 69.6176 
0.37 129.243 31.2457 69.596 
0.38 129.201 30.7328 69.5737 
0.39 129.158 30.2196 69.5509 
0.4 129.114 29.7061 69.5274 
0.41 129.068 29.1923 69.5033 
0.42 129.022 28.6783 69.4786 
0.43 128.974 28.164 69.4533 
0.44 128.925 27.6495 69.4273 
0.45 128.875 27.1347 69.4007 
0.46 128.823 26.6197 69.3735 
0.47 128.771 26.1044 69.3457 
0.48 128.717 25.5889 69.3173 
0.49 128.662 25.0732 69.2882 
0.5 128.606 24.5572 69.2584 
0.51 128.548 24.041 69.2281 
0.52 128.49 23.5246 69.1971 
0.53 128.43 23.008 69.1655 
0.54 128.369 22.4912 69.1332 
0.55 128.306 21.9741 69.1003 
0.56 128.243 21.4569 69.0667 
0.57 128.178 20.9395 69.0325 
0.58 128.112 20.4218 68.9977 
0.59 128.044 19.904 68.9622 
0.6 127.976 19.386 68.9261 
0.61 127.906 18.8678 68.8893 
0.62 127.835 18.3494 68.8519 
0.63 127.762 17.8309 68.8138 
0.64 127.688 17.3122 68.7751 
0.65 127.614 16.7934 68.7357 
0.66 127.537 16.2743 68.6957 
0.67 127.46 15.7552 68.655 
0.68 127.381 15.2359 68.6136 
0.69 127.301 14.7164 68.5716 
0.7 127.22 14.1968 68.5289 
0.71 127.137 13.6771 68.4856 
0.72 127.053 13.1573 68.4416 
0.73 126.968 12.6373 68.397 
0.74 126.881 12.1172 68.3516 
0.75 126.793 11.597 68.3056 
0.76 126.704 11.0767 68.259 
0.77 126.613 10.5563 68.2117 
0.78 126.522 10.0359 68.1637 
0.79 126.428 9.51528 68.115 
0.8 126.334 8.99461 68.0656 
0.81 126.238 8.47387 68.0156 
0.82 126.141 7.95306 67.9649 
0.83 126.042 7.43218 67.9136 
0.84 125.943 6.91124 67.8615 
0.85 125.841 6.39024 67.8088 
0.86 125.739 5.86919 67.7554 
0.87 125.635 5.34809 67.7013 
0.88 125.53 4.82696 67.6465 
0.89 125.423 4.30579 67.5911 
0.9 125.315 3.78459 67.5349 
0.91 125.206 3.26338 67.4781 
0.92 125.095 2.74214 67.4206 
0.93 124.983 2.2209 67.3624 
0.94 124.87 1.69965 67.3035 
0.95 124.755 1.1784 67.244 
0.96 124.639 0.657165 67.1837 
0.97 124.521 0.13594 67.1227 
0.98 124.402 -0.385266 67.0611 
0.99 124.282 -0.906445 66.9988 
1 124.16 -1.42759 66.9357 
1.01 124.037 -1.9487 66.872 
1.02 123.912 -2.46977 66.8076 
1.03 123.786 -2.99078 66.7424 
1.04 123.659 -3.51174 66.6766 
1.05 123.53 -4.03263 66.6101 
1.06 123.4 -4.55345 66.5429 
1.07 123.268 -5.0742 66.475 
1.08 123.135 -5.59487 66.4063 
1.09 123.001 -6.11544 66.337 
1.1 122.865 -6.63592 66.267 
1.11 122.728 -7.1563 66.1962 
1.12 122.589 -7.67657 66.1248 
1.13 122.449 -8.19672 66.0527 
1.14 122.308 -8.71675 65.9798 
1.15 122.165 -9.23665 65.9063 
1.16 122.02 -9.75642 65.832 
1.17 121.874 -10.276 65.757 
1.18 121.727 -10.7955 65.6813 
1.19 121.578 -11.3148 65.605 
1.2 121.428 -11.834 65.5279 
1.21 121.276 -12.353 65.45 
1.22 121.123 -12.8718 65.3715 
1.23 120.969 -13.3904 65.2923 
1.24 120.813 -13.9088 65.2123 
1.25 120.655 -14.4271 65.1317 
1.26 120.496 -14.9451 65.0503 
1.27 120.336 -15.4629 64.9682 
1.28 120.174 -15.9805 64.8854 
1.29 120.01 -16.4979 64.8019 
1.3 119.846 -17.015 64.7177 
1.31 119.679 -17.5319 64.6328 
1.32 119.511 -18.0485 64.5471 
1.33 119.342 -18.5649 64.4607 
1.34 119.171 -19.0811 64.3736 
1.35 118.999 -19.5969 64.2858 
1.36 118.826 -20.1125 64.1973 
1.37 118.65 -20.6278 64.1081 
1.38 118.474 -21.1428 64.0181 
1.39 118.295 -21.6575 63.9274 
1.4 118.116 -22.1719 63.836 
1.41 117.935 -22.6859 63.7439 
1.42 117.752 -23.1997 63.6511 
1.43 117.568 -23.7131 63.5575 
1.44 117.382 -24.2262 63.4633 
1.45 117.195 -24.7389 63.3683 
1.46 117.006 -25.2513 63.2726 
1.47 116.816 -25.7633 63.1762 
1.48 116.624 -26.2749 63.079 
1.49 116.431 -26.7862 62.9812 
1.5 116.237 -27.2971 62.8826 
1.51 116.04 -27.8076 62.7833 
1.52 115.843 -28.3176 62.6833 
1.53 115.643 -28.8273 62.5826 
1.54 115.443 -29.3366 62.4811 
1.55 115.241 -29.8454 62.3789 
1.56 115.037 -30.3538 62.2761 
1.57 114.831 -30.8618 62.1725 
1.58 114.625 -31.3693 62.0681 
1.59 114.416 -31.8763 61.9631 
1.6 114.207 -32.3829 61.8574 
1.61 113.995 -32.889 61.7509 
1.62 113.782 -33.3946 61.6437 
1.63 113.568 -33.8998 61.5358 
1.64 113.352 -34.4044 61.4272 
1.65 113.135 -34.9086 61.3179 
1.66 112.916 -35.4122 61.2078 
1.67 112.695 -35.9153 61.0971 
1.68 112.473 -36.4178 60.9856 
1.69 112.25 -36.9199 60.8734 
1.7 112.025 -37.4213 60.7606 
1.71 111.798 -37.9223 60.647 
1.72 111.57 -38.4226 60.5327 
1.73 111.34 -38.9224 60.4176 
1.74 111.109 -39.4216 60.3019 
1.75 110.876 -39.9202 60.1855 
1.76 110.642 -40.4182 60.0683 
1.77 110.407 -40.9156 59.9505 
1.78 110.169 -41.4124 59.8319 
1.79 109.93 -41.9086 59.7127 
1.8 109.69 -42.4041 59.5927 
1.81 109.448 -42.899 59.472 
1.82 109.205 -43.3933 59.3507 
1.83 108.96 -43.8869 59.2286 
1.84 108.714 -44.3798 59.1058 
1.85 108.466 -44.872 58.9824 
1.86 108.216 -45.3636 58.8582 
1.87 107.965 -45.8545 58.7333 
1.88 107.713 -46.3447 58.6078 
1.89 107.459 -46.8341 58.4815 
1.9 107.203 -47.3229 58.3546 
1.91 106.946 -47.8109 58.2269 
1.92 106.688 -48.2982 58.0986 
1.93 106.427 -48.7848 57.9696 
1.94 106.166 -49.2706 57.8399 
1.95 105.903 -49.7556 57.7095 
1.96 105.638 -50.2399 57.5784 
1.97 105.372 -50.7234 57.4467 
1.98 105.104 -51.2061 57.3142 
1.99 104.835 -51.688 57.1811 
2 104.564 -52.1691 57.0473 
2.01 104.292 -52.6494 56.9128 
2.02 104.018 -53.1289 56.7776 
2.03 103.743 -53.6076 56.6418 
2.04 103.467 -54.0854 56.5053 
2.05 103.188 -54.5624 56.3681 
2.06 102.909 -55.0385 56.2303 
2.07 102.627 -55.5138 56.0917 
2.08 102.345 -55.9882 55.9526 
2.09 102.06 -56.4617 55.8127 
2.1 101.775 -56.9343 55.6722 
2.11 101.488 -57.406 55.531 
2.12 101.199 -57.8768 55.3892 
2.13 100.909 -58.3468 55.2467 
2.14 100.617 -58.8157 55.1036 
2.15 100.324 -59.2838 54.9598 
2.16 100.029 -59.7509 54.8153 
2.17 99.7332 -60.2171 54.6702 
2.18 99.4357 -60.6823 54.5245 
2.19 99.1367 -61.1466 54.3781 
2.2 98.8362 -61.6099 54.231 
2.21 98.5342 -62.0722 54.0834 
2.22 98.2308 -62.5335 53.935 
2.23 97.9259 -62.9938 53.7861 
2.24 97.6195 -63.4531 53.6365 
2.25 97.3117 -63.9114 53.4863 
2.26 97.0025 -64.3687 53.3354 
2.27 96.6917 -64.825 53.184 
2.28 96.3796 -65.2802 53.0319 
2.29 96.066 -65.7344 52.8791 
2.3 95.751 -66.1875 52.7258 
2.31 95.4345 -66.6395 52.5718 
2.32 95.1166 -67.0905 52.4172 
2.33 94.7973 -67.5404 52.2621 
2.34 94.4765 -67.9892 52.1063 
2.35 94.1543 -68.437 51.9498 
2.36 93.8307 -68.8836 51.7928 
2.37 93.5057 -69.3291 51.6352 
2.38 93.1793 -69.7735 51.477 
2.39 92.8515 -70.2168 51.3182 
2.4 92.5222 -70.6589 51.1588 
2.41 92.1916 -71.0999 50.9988 
2.42 91.8596 -71.5397 50.8382 
2.43 91.5262 -71.9784 50.677 
2.44 91.1914 -72.4159 50.5152 
2.45 90.8552 -72.8523 50.3529 
2.46 90.5176 -73.2874 50.19 
2.47 90.1787 -73.7214 50.0265 
2.48 89.8384 -74.1542 49.8624 
2.49 89.4967 -74.5858 49.6978 
2.5 89.1537 -75.0161 49.5326 
2.51 88.8093 -75.4453 49.3668 
2.52 88.4635 -75.8732 49.2005 
2.53 88.1164 -76.2999 49.0336 
2.54 87.768 -76.7254 48.8662 
2.55 87.4182 -77.1496 48.6982 
2.56 87.0671 -77.5725 48.5297 
2.57 86.7147 -77.9942 48.3606 
2.58 86.3609 -78.4146 48.191 
2.59 86.0059 -78.8338 48.0208 
2.6 85.6495 -79.2516 47.8501 
2.61 85.2918 -79.6682 47.6789 
2.62 84.9328 -80.0835 47.5071 
2.63 84.5725 -80.4974 47.3349 
2.64 84.2109 -80.9101 47.162 
2.65 83.848 -81.3214 46.9887 
2.66 83.4839 -81.7314 46.8149 
2.67 83.1184 -82.1401 46.6405 
2.68 82.7517 -82.5475 46.4657 
2.69 82.3838 -82.9535 46.2903 
2.7 82.0145 -83.3581 46.1145 
2.71 81.6441 -83.7614 45.9381 
2.72 81.2723 -84.1633 45.7612 
2.73 80.8994 -84.5639 45.5839 
2.74 80.5252 -84.9631 45.4061 
2.75 80.1497 -85.3609 45.2277 
2.76 79.7731 -85.7573 45.0489 
2.77 79.3952 -86.1523 44.8697 
2.78 79.0161 -86.5459 44.6899 
2.79 78.6358 -86.9381 44.5097 
2.8 78.2543 -87.3289 44.329 
2.81 77.8716 -87.7183 44.1478 
2.82 77.4877 -88.1062 43.9662 
2.83 77.1026 -88.4927 43.7842 
2.84 76.7164 -88.8778 43.6016 
2.85 76.329 -89.2615 43.4187 
2.86 75.9404 -89.6436 43.2353 
2.87 75.5507 -90.0244 43.0514 
2.88 75.1598 -90.4036 42.8671 
2.89 74.7678 -90.7815 42.6824 
2.9 74.3746 -91.1578 42.4972 
2.91 73.9803 -91.5327 42.3117 
2.92 73.5849 -91.906 42.1257 
2.93 73.1883 -92.2779 41.9393 
2.94 72.7907 -92.6484 41.7524 
2.95 72.3919 -93.0173 41.5652 
2.96 71.9921 -93.3847 41.3775 
2.97 71.5911 -93.7506 41.1895 
2.98 71.1891 -94.115 41.001 
2.99 70.786 -94.4778 40.8122 
3 70.3818 -94.8392 40.6229 
3.01 69.9766 -95.199 40.4333 
3.02 69.5703 -95.5573 40.2433 
3.03 69.1629 -95.9141 40.0529 
3.04 68.7545 -96.2693 39.8622 
3.05 68.3451 -96.623 39.671 
3.06 67.9346 -96.9752 39.4795 
3.07 67.5231 -97.3257 39.2877 
3.08 67.1107 -97.6748 39.0954 
3.09 66.6971 -98.0222 38.9029 
3.1 66.2826 -98.3682 38.7099 
3.11 65.8671 -98.7125 38.5167 
3.12 65.4507 -99.0553 38.323 
3.13 65.0332 -99.3964 38.1291 
3.14 64.6148 -99.7361 37.9348 
3.15 64.1954 -100.074 37.7401 
3.16 63.775 -100.411 37.5452 
3.17 63.3537 -100.745 37.3499 
3.18 62.9315 -101.079 37.1543 
3.19 62.5083 -101.41 36.9584 
3.2 62.0842 -101.74 36.7621 
3.21 61.6591 -102.069 36.5656 
3.22 61.2332 -102.396 36.3688 
3.23 60.8063 -102.721 36.1716 
3.24 60.3786 -103.045 35.9742 
3.25 59.95 -103.367 35.7765 
3.26 59.5204 -103.687 35.5784 
3.27 59.09 -104.006 35.3801 
3.28 58.6588 -104.323 35.1816 
3.29 58.2267 -104.638 34.9827 
3.3 57.7937 -104.952 34.7836 
3.31 57.3599 -105.265 34.5842 
3.32 56.9252 -105.575 34.3845 
3.33 56.4897 -105.884 34.1846 
3.34 56.0534 -106.191 33.9844 
3.35 55.6163 -106.497 33.784 
3.36 55.1783 -106.801 33.5834 
3.37 54.7396 -107.104 33.3824 
3.38 54.3 -107.404 33.1813 
3.39 53.8597 -107.703 32.9799 
3.4 53.4186 -108.001 32.7783 
3.41 52.9768 -108.297 32.5764 
3.42 52.5341 -108.591 32.3744 
3.43 52.0908 -108.883 32.1721 
3.44 51.6466 -109.174 31.9696 
3.45 51.2018 -109.463 31.7668 
3.46 50.7562 -109.751 31.5639 
3.47 50.3099 -110.037 31.3608 
3.48 49.8628 -110.321 31.1575 
3.49 49.4151 -110.603 30.9539 
3.5 48.9666 -110.884 30.7502 
3.51 48.5175 -111.163 30.5463 
3.52 48.0677 -111.441 30.3422 
3.53 47.6172 -111.717 30.138 
3.54 47.166 -111.991 29.9335 
3.55 46.7142 -112.263 29.7289 
3.56 46.2617 -112.534 29.5241 
3.57 45.8085 -112.803 29.3192 
3.58 45.3548 -113.071 29.1141 
3.59 44.9004 -113.336 28.9088 
3.6 44.4453 -113.6 28.7034 
3.61 43.9897 -113.863 28.4978 
3.62 43.5334 -114.124 28.2921 
3.63 43.0766 -114.383 28.0863 
3.64 42.6191 -114.64 27.8803 
3.65 42.1611 -114.896 27.6742 
3.66 41.7024 -115.15 27.4679 
3.67 41.2432 -115.402 27.2615 
3.68 40.7835 -115.653 27.055 
3.69 40.3232 -115.902 26.8484 
3.7 39.8623 -116.149 26.6417 
3.71 39.4009 -116.395 26.4349 
3.72 38.939 -116.639 26.2279 
3.73 38.4765 -116.881 26.0208 
3.74 38.0135 -117.121 25.8137 
3.75 37.55 -117.36 25.6064 
3.76 37.086 -117.598 25.3991 
3.77 36.6215 -117.833 25.1917 
3.78 36.1565 -118.067 24.9842 
3.79 35.691 -118.299 24.7766 
3.8 35.2251 -118.53 24.5689 
3.81 34.7587 -118.759 24.3611 
3.82 34.2918 -118.986 24.1533 
3.83 33.8245 -119.211 23.9454 
3.84 33.3567 -119.435 23.7375 
3.85 32.8885 -119.657 23.5295 
3.86 32.4199 -119.878 23.3214 
3.87 31.9508 -120.096 23.1133 
3.88 31.4813 -120.314 22.9051 
3.89 31.0114 -120.529 22.6969 
3.9 30.5411 -120.743 22.4886 
3.91 30.0704 -120.955 22.2804 
3.92 29.5993 -121.165 22.072 
3.93 29.1279 -121.374 21.8637 
3.94 28.656 -121.581 21.6553 
3.95 28.1838 -121.787 21.4468 
3.96 27.7113 -121.991 21.2384 
3.97 27.2384 -122.193 21.0299 
3.98 26.7651 -122.393 20.8215 
3.99 26.2915 -122.592 20.613 
4 25.8176 -122.789 20.4045 
4.01 25.3433 -122.985 20.196 
4.02 24.8687 -123.179 19.9875 
4.03 24.3938 -123.371 19.779 
4.04 23.9186 -123.562 19.5705 
4.05 23.4432 -123.751 19.362 
4.06 22.9674 -123.938 19.1535 
4.07 22.4913 -124.124 18.945 
4.08 22.0149 -124.308 18.7366 
4.09 21.5383 -124.49 18.5282 
4.1 21.0614 -124.671 18.3198 
4.11 20.5843 -124.85 18.1114 
4.12 20.1069 -125.027 17.903 
4.13 19.6293 -125.203 17.6947 
4.14 19.1514 -125.378 17.4864 
4.15 18.6733 -125.55 17.2782 
4.16 18.1949 -125.721 17.07 
4.17 17.7164 -125.891 16.8618 
4.18 17.2376 -126.058 16.6537 
4.19 16.7586 -126.225 16.4457 
4.2 16.2795 -126.389 16.2377 
4.21 15.8001 -126.552 16.0297 
4.22 15.3205 -126.713 15.8218 
4.23 14.8408 -126.873 15.614 
4.24 14.3609 -127.031 15.4062 
4.25 13.8808 -127.188 15.1985 
4.26 13.4006 -127.343 14.9909 
4.27 12.9202 -127.496 14.7833 
4.28 12.4396 -127.648 14.5759 
4.29 11.9589 -127.798 14.3685 
4.3 11.4781 -127.947 14.1612 
4.31 10.9971 -128.094 13.9539 
4.32 10.516 -128.239 13.7468 
4.33 10.0348 -128.383 13.5397 
4.34 9.55349 -128.526 13.3328 
4.35 9.07205 -128.666 13.1259 
4.36 8.59051 -128.806 12.9191 
4.37 8.10887 -128.943 12.7124 
4.38 7.62714 -129.079 12.5059 
4.39 7.14533 -129.214 12.2994 
4.4 6.66343 -129.347 12.0931 
4.41 6.18146 -129.478 11.8868 
4.42 5.69942 -129.608 11.6807 
4.43 5.21732 -129.736 11.4747 
4.44 4.73516 -129.863 11.2688 
4.45 4.25295 -129.988 11.063 
4.46 3.7707 -130.112 10.8573 
4.47 3.2884 -130.234 10.6518 
4.48 2.80606 -130.355 10.4464 
4.49 2.3237 -130.474 10.2411 
4.5 1.84131 -130.592 10.036 
4.51 1.3589 -130.708 9.83098 
4.52 0.876472 -130.822 9.62611 
4.53 0.394038 -130.935 9.42138 
4.54 -0.0883998 -131.047 9.21679 
4.55 -0.570836 -131.157 9.01234 
4.56 -1.05327 -131.266 8.80805 
4.57 -1.53569 -131.373 8.60389 
4.58 -2.01809 -131.478 8.39989 
4.59 -2.50047 -131.582 8.19604 
4.6 -2.98282 -131.685 7.99235 
4.61 -3.46514 -131.786 7.78881 
4.62 -3.94743 -131.886 7.58543 
4.63 -4.42967 -131.984 7.38222 
4.64 -4.91187 -132.081 7.17916 
4.65 -5.39402 -132.176 6.97627 
4.66 -5.87611 -132.27 6.77355 
4.67 -6.35814 -132.362 6.571 
4.68 -6.84011 -132.453 6.36861 
4.69 -7.322 -132.543 6.1664 
4.7 -7.80382 -132.631 5.96437 
4.71 -8.28556 -132.717 5.76251 
4.72 -8.76722 -132.802 5.56084 
4.73 -9.24879 -132.886 5.35934 
4.74 -9.73026 -132.968 5.15802 
4.75 -10.2116 -133.049 4.95689 
4.76 -10.6929 -133.128 4.75595 
4.77 -11.1741 -133.206 4.5552 
4.78 -11.6551 -133.283 4.35463 
4.79 -12.1361 -133.358 4.15426 
4.8 -12.6169 -133.432 3.95408 
4.81 -13.0976 -133.504 3.7541 
4.82 -13.5782 -133.575 3.55431 
4.83 -14.0586 -133.645 3.35473 
4.84 -14.5389 -133.713 3.15534 
4.85 -15.0191 -133.78 2.95616 
4.86 -15.4991 -133.845 2.75718 
4.87 -15.979 -133.909 2.5584 
4.88 -16.4587 -133.972 2.35984 
4.89 -16.9382 -134.033 2.16148 
4.9 -17.4176 -134.093 1.96334 
4.91 -17.8969 -134.152 1.7654 
4.92 -18.3759 -134.209 1.56768 
4.93 -18.8548 -134.265 1.37018 
4.94 -19.3335 -134.319 1.17289 
4.95 -19.8121 -134.372 0.97582 
4.96 -20.2904 -134.424 0.778971 
4.97 -20.7686 -134.475 0.582343 
4.98 -21.2466 -134.524 0.385938 
4.99 -21.7243 -134.572 0.189758 
5 -22.2019 -134.618 -0.00619618 
5.01 -22.6793 -134.663 -0.201923 
5.02 -23.1564 -134.707 -0.397421 
5.03 -23.6334 -134.75 -0.59269 
5.04 -24.1101 -134.791 -0.787726 
5.05 -24.5867 -134.831 -0.98253 
5.06 -25.063 -134.869 -1.1771 
5.07 -25.539 -134.907 -1.37143 
5.08 -26.0149 -134.943 -1.56553 
5.09 -26.4905 -134.978 -1.75939 
5.1 -26.9659 -135.011 -1.95301 
5.11 -27.441 -135.043 -2.14639 
5.12 -27.916 -135.074 -2.33952 
5.13 -28.3906 -135.104 -2.53242 
5.14 -28.865 -135.132 -2.72507 
5.15 -29.3392 -135.159 -2.91747 
5.16 -29.8131 -135.185 -3.10963 
5.17 -30.2868 -135.21 -3.30153 
5.18 -30.7602 -135.233 -3.49319 
5.19 -31.2333 -135.255 -3.6846 
5.2 -31.7062 -135.276 -3.87576 
5.21 -32.1787 -135.296 -4.06666 
5.22 -32.6511 -135.314 -4.25731 
5.23 -33.1231 -135.331 -4.44771 
5.24 -33.5949 -135.347 -4.63785 
5.25 -34.0664 -135.362 -4.82773 
5.26 -34.5376 -135.375 -5.01736 
5.27 -35.0085 -135.388 -5.20672 
5.28 -35.4791 -135.399 -5.39583 
5.29 -35.9495 -135.409 -5.58467 
5.3 -36.4195 -135.417 -5.77325 
5.31 -36.8892 -135.425 -5.96157 
5.32 -37.3587 -135.431 -6.14963 
5.33 -37.8278 -135.436 -6.33742 
5.34 -38.2966 -135.44 -6.52494 
5.35 -38.7652 -135.443 -6.7122 
5.36 -39.2334 -135.444 -6.89919 
5.37 -39.7013 -135.445 -7.08591 
5.38 -40.1688 -135.444 -7.27236 
5.39 -40.6361 -135.442 -7.45854 
5.4 -41.103 -135.439 -7.64444 
5.41 -41.5696 -135.435 -7.83008 
5.42 -42.0359 -135.429 -8.01544 
5.43 -42.5019 -135.423 -8.20053 
5.44 -42.9675 -135.415 -8.38535 
5.45 -43.4328 -135.406 -8.56988 
5.46 -43.8977 -135.396 -8.75415 
5.47 -44.3623 -135.385 -8.93813 
5.48 -44.8266 -135.373 -9.12184 
5.49 -45.2905 -135.36 -9.30527 
5.5 -45.7541 -135.345 -9.48842 
5.51 -46.2174 -135.33 -9.67128 
5.52 -46.6802 -135.313 -9.85387 
5.53 -47.1428 -135.295 -10.0362 
5.54 -47.605 -135.276 -10.2182 
5.55 -48.0668 -135.256 -10.3999 
5.56 -48.5282 -135.235 -10.5814 
5.57 -48.9893 -135.213 -10.7626 
5.58 -49.4501 -135.19 -10.9435 
5.59 -49.9104 -135.165 -11.1241 
5.6 -50.3704 -135.14 -11.3044 
5.61 -50.8301 -135.113 -11.4844 
5.62 -51.2893 -135.086 -11.6641 
5.63 -51.7482 -135.057 -11.8436 
5.64 -52.2067 -135.028 -12.0228 
5.65 -52.6649 -134.997 -12.2016 
5.66 -53.1226 -134.965 -12.3802 
5.67 -53.58 -134.932 -12.5585 
5.68 -54.037 -134.898 -12.7365 
5.69 -54.4936 -134.863 -12.9142 
5.7 -54.9498 -134.827 -13.0916 
5.71 -55.4057 -134.79 -13.2688 
5.72 -55.8611 -134.752 -13.4456 
5.73 -56.3162 -134.713 -13.6221 
5.74 -56.7708 -134.673 -13.7984 
5.75 -57.2251 -134.632 -13.9743 
5.76 -57.679 -134.59 -14.15 
5.77 -58.1324 -134.547 -14.3254 
5.78 -58.5855 -134.503 -14.5004 
5.79 -59.0382 -134.458 -14.6752 
5.8 -59.4904 -134.411 -14.8497 
5.81 -59.9423 -134.364 -15.0238 
5.82 -60.3937 -134.316 -15.1977 
5.83 -60.8448 -134.267 -15.3713 
5.84 -61.2954 -134.217 -15.5446 
5.85 -61.7456 -134.166 -15.7175 
5.86 -62.1955 -134.114 -15.8902 
5.87 -62.6448 -134.061 -16.0626 
5.88 -63.0938 -134.007 -16.2347 
5.89 -63.5424 -133.952 -16.4065 
5.9 -63.9905 -133.896 -16.5779 
5.91 -64.4383 -133.839 -16.7491 
5.92 -64.8856 -133.781 -16.92 
5.93 -65.3324 -133.723 -17.0906 
5.94 -65.7789 -133.663 -17.2608 
5.95 -66.2249 -133.602 -17.4308 
5.96 -66.6705 -133.541 -17.6005 
5.97 -67.1157 -133.478 -17.7698 
5.98 -67.5604 -133.415 -17.9389 
5.99 -68.0048 -133.35 -18.1077 
6 -68.4486 -133.285 -18.2761 
6.01 -68.8921 -133.219 -18.4443 
6.02 -69.3351 -133.152 -18.6121 
6.03 -69.7777 -133.083 -18.7796 
6.04 -70.2198 -133.015 -18.9469 
6.05 -70.6615 -132.945 -19.1138 
6.06 -71.1028 -132.874 -19.2804 
6.07 -71.5436 -132.802 -19.4467 
6.08 -71.984 -132.73 -19.6127 
6.09 -72.424 -132.656 -19.7785 
6.1 -72.8635 -132.582 -19.9439 
6.11 -73.3025 -132.507 -20.1089 
6.12 -73.7411 -132.43 -20.2737 
6.13 -74.1793 -132.353 -20.4382 
6.14 -74.617 -132.276 -20.6024 
6.15 -75.0543 -132.197 -20.7662 
6.16 -75.4911 -132.117 -20.9298 
6.17 -75.9275 -132.037 -21.0931 
6.18 -76.3634 -131.956 -21.256 
6.19 -76.7988 -131.873 -21.4186 
6.2 -77.2338 -131.79 -21.581 
6.21 -77.6684 -131.706 -21.743 
6.22 -78.1025 -131.622 -21.9047 
6.23 -78.5361 -131.536 -22.0661 
6.24 -78.9693 -131.45 -22.2272 
6.25 -79.4021 -131.363 -22.388 
6.26 -79.8343 -131.274 -22.5484 
6.27 -80.2661 -131.186 -22.7086 
6.28 -80.6975 -131.096 -22.8685 
6.29 -81.1284 -131.005 -23.028 
6.3 -81.5588 -130.914 -23.1872 
6.31 -81.9888 -130.822 -23.3462 
6.32 -82.4183 -130.729 -23.5048 
6.33 -82.8473 -130.635 -23.6631 
6.34 -83.2759 -130.54 -23.8211 
6.35 -83.704 -130.445 -23.9788 
6.36 -84.1316 -130.349 -24.1362 
6.37 -84.5588 -130.252 -24.2933 
6.38 -84.9855 -130.154 -24.45 
6.39 -85.4117 -130.055 -24.6065 
6.4 -85.8375 -129.956 -24.7626 
6.41 -86.2628 -129.856 -24.9185 
6.42 -86.6876 -129.755 -25.074 
6.43 -87.112 -129.653 -25.2292 
6.44 -87.5359 -129.551 -25.3841 
6.45 -87.9593 -129.448 -25.5387 
6.46 -88.3822 -129.344 -25.693 
6.47 -88.8047 -129.239 -25.847 
6.48 -89.2267 -129.133 -26.0007 
6.49 -89.6482 -129.027 -26.154 
6.5 -90.0692 -128.92 -26.3071 
6.51 -90.4898 -128.812 -26.4598 
6.52 -90.9099 -128.704 -26.6123 
6.53 -91.3295 -128.594 -26.7644 
6.54 -91.7486 -128.484 -26.9162 
6.55 -92.1673 -128.373 -27.0677 
6.56 -92.5854 -128.262 -27.2189 
6.57 -93.0031 -128.15 -27.3698 
6.58 -93.4204 -128.037 -27.5203 
6.59 -93.8371 -127.923 -27.6706 
6.6 -94.2534 -127.809 -27.8206 
6.61 -94.6691 -127.694 -27.9702 
6.62 -95.0844 -127.578 -28.1196 
6.63 -95.4992 -127.461 -28.2686 
6.64 -95.9136 -127.344 -28.4173 
6.65 -96.3274 -127.226 -28.5657 
6.66 -96.7408 -127.107 -28.7138 
6.67 -97.1537 -126.988 -28.8616 
6.68 -97.5661 -126.868 -29.0091 
6.69 -97.978 -126.747 -29.1563 
6.7 -98.3894 -126.625 -29.3032 
6.71 -98.8004 -126.503 -29.4497 
6.72 -99.2108 -126.38 -29.596 
6.73 -99.6208 -126.257 -29.7419 
6.74 -100.03 -126.133 -29.8876 
6.75 -100.439 -126.008 -30.0329 
6.76 -100.848 -125.882 -30.1779 
6.77 -101.256 -125.756 -30.3227 
6.78 -101.663 -125.629 -30.4671 
6.79 -102.07 -125.501 -30.6112 
6.8 -102.477 -125.373 -30.755 
6.81 -102.883 -125.244 -30.8985 
6.82 -103.289 -125.115 -31.0416 
6.83 -103.694 -124.984 -31.1845 
6.84 -104.098 -124.854 -31.3271 
6.85 -104.503 -124.722 -31.4694 
6.86 -104.906 -124.59 -31.6113 
6.87 -105.309 -124.457 -31.753 
6.88 -105.712 -124.324 -31.8943 
6.89 -106.114 -124.189 -32.0353 
6.9 -106.516 -124.055 -32.1761 
6.91 -106.917 -123.919 -32.3165 
6.92 -107.318 -123.783 -32.4566 
6.93 -107.718 -123.647 -32.5965 
6.94 -108.118 -123.509 -32.736 
6.95 -108.517 -123.371 -32.8752 
6.96 -108.916 -123.233 -33.0141 
6.97 -109.314 -123.094 -33.1527 
6.98 -109.712 -122.954 -33.291 
6.99 -110.109 -122.814 -33.429 
7 -110.506 -122.673 -33.5667 
7.01 -110.902 -122.531 -33.7041 
7.02 -111.298 -122.389 -33.8411 
7.03 -111.693 -122.246 -33.9779 
7.04 -112.088 -122.103 -34.1144 
7.05 -112.482 -121.959 -34.2506 
7.06 -112.876 -121.814 -34.3864 
7.07 -113.27 -121.669 -34.522 
7.08 -113.663 -121.523 -34.6573 
7.09 -114.055 -121.377 -34.7922 
7.1 -114.447 -121.23 -34.9269 
7.11 -114.838 -121.082 -35.0613 
7.12 -115.229 -120.934 -35.1953 
7.13 -115.619 -120.786 -35.3291 
7.14 -116.009 -120.636 -35.4626 
7.15 -116.399 -120.487 -35.5957 
7.16 -116.788 -120.336 -35.7286 
7.17 -117.176 -120.185 -35.8611 
7.18 -117.564 -120.034 -35.9934 
7.19 -117.952 -119.882 -36.1254 
7.2 -118.338 -119.729 -36.257 
7.21 -118.725 -119.576 -36.3884 
7.22 -119.111 -119.422 -36.5194 
7.23 -119.496 -119.268 -36.6502 
7.24 -119.881 -119.113 -36.7807 
7.25 -120.266 -118.957 -36.9108 
7.26 -120.65 -118.801 -37.0407 
7.27 -121.033 -118.645 -37.1703 
7.28 -121.416 -118.488 -37.2995 
7.29 -121.799 -118.33 -37.4285 
7.3 -122.181 -118.172 -37.5572 
7.31 -122.563 -118.013 -37.6856 
7.32 -122.944 -117.854 -37.8137 
7.33 -123.324 -117.695 -37.9415 
7.34 -123.704 -117.534 -38.069 
7.35 -124.084 -117.373 -38.1962 
7.36 -124.463 -117.212 -38.3231 
7.37 -124.842 -117.05 -38.4497 
7.38 -125.22 -116.888 -38.576 
7.39 -125.597 -116.725 -38.702 
7.4 -125.974 -116.562 -38.8277 
7.41 -126.351 -116.398 -38.9532 
7.42 -126.727 -116.233 -39.0783 
7.43 -127.103 -116.069 -39.2032 
7.44 -127.478 -115.903 -39.3277 
7.45 -127.853 -115.737 -39.452 
7.46 -128.227 -115.571 -39.5759 
7.47 -128.601 -115.404 -39.6996 
7.48 -128.974 -115.236 -39.823 
7.49 -129.347 -115.069 -39.9461 
7.5 -129.719 -114.9 -40.0689 
7.51 -130.091 -114.731 -40.1914 
7.52 -130.462 -114.562 -40.3136 
7.53 -130.833 -114.392 -40.4355 
7.54 -131.203 -114.222 -40.5572 
7.55 -131.573 -114.051 -40.6785 
7.56 -131.942 -113.88 -40.7996 
7.57 -132.311 -113.708 -40.9203 
7.58 -132.679 -113.536 -41.0408 
7.59 -133.047 -113.363 -41.161 
7.6 -133.414 -113.19 -41.2809 
7.61 -133.781 -113.016 -41.4005 
7.62 -134.148 -112.842 -41.5198 
7.63 -134.513 -112.667 -41.6389 
7.64 -134.879 -112.492 -41.7576 
7.65 -135.244 -112.316 -41.8761 
7.66 -135.608 -112.14 -41.9942 
7.67 -135.972 -111.964 -42.1121 
7.68 -136.336 -111.787 -42.2297 
7.69 -136.699 -111.61 -42.3471 
7.7 -137.061 -111.432 -42.4641 
7.71 -137.423 -111.254 -42.5808 
7.72 -137.785 -111.075 -42.6973 
7.73 -138.146 -110.896 -42.8135 
7.74 -138.506 -110.716 -42.9293 
7.75 -138.866 -110.536 -43.045 
7.76 -139.226 -110.356 -43.1603 
7.77 -139.585 -110.175 -43.2753 
7.78 -139.944 -109.993 -43.3901 
7.79 -140.302 -109.812 -43.5045 
7.8 -140.659 -109.629 -43.6187 
7.81 -141.017 -109.447 -43.7326 
7.82 -141.373 -109.264 -43.8463 
7.83 -141.729 -109.08 -43.9596 
7.84 -142.085 -108.896 -44.0727 
7.85 -142.44 -108.712 -44.1855 
7.86 -142.795 -108.527 -44.298 
7.87 -143.149 -108.342 -44.4102 
7.88 -143.503 -108.156 -44.5221 
7.89 -143.857 -107.97 -44.6338 
7.9 -144.209 -107.784 -44.7452 
7.91 -144.562 -107.597 -44.8563 
7.92 -144.914 -107.41 -44.9671 
7.93 -145.265 -107.222 -45.0776 
7.94 -145.616 -107.034 -45.1879 
7.95 -145.966 -106.845 -45.2979 
7.96 -146.316 -106.656 -45.4076 
7.97 -146.666 -106.467 -45.517 
7.98 -147.015 -106.277 -45.6262 
7.99 -147.363 -106.087 -45.7351 
8 -147.712 -105.897 -45.8437 
8.01 -148.059 -105.706 -45.952 
8.02 -148.406 -105.515 -46.06 
8.03 -148.753 -105.323 -46.1678 
8.04 -149.099 -105.131 -46.2753 
8.05 -149.445 -104.939 -46.3825 
8.06 -149.79 -104.746 -46.4895 
8.07 -150.135 -104.553 -46.5962 
8.08 -150.479 -104.359 -46.7026 
8.09 -150.823 -104.165 -46.8087 
8.1 -151.166 -103.971 -46.9146 
8.11 -151.509 -103.776 -47.0202 
8.12 -151.851 -103.581 -47.1255 
8.13 -152.193 -103.385 -47.2305 
8.14 -152.534 -103.189 -47.3353 
8.15 -152.875 -102.993 -47.4398 
8.16 -153.216 -102.797 -47.544 
8.17 -153.556 -102.6 -47.648 
8.18 -153.895 -102.402 -47.7516 
8.19 -154.234 -102.205 -47.8551 
8.2 -154.573 -102.007 -47.9582 
8.21 -154.911 -101.808 -48.0611 
8.22 -155.249 -101.609 -48.1637 
8.23 -155.586 -101.41 -48.266 
8.24 -155.923 -101.211 -48.3681 
8.25 -156.259 -101.011 -48.4699 
8.26 -156.595 -100.811 -48.5714 
8.27 -156.93 -100.61 -48.6727 
8.28 -157.265 -100.409 -48.7737 
8.29 -157.599 -100.208 -48.8744 
8.3 -157.933 -100.006 -48.9749 
8.31 -158.267 -99.8046 -49.0751 
8.32 -158.599 -99.6023 -49.175 
8.33 -158.932 -99.3996 -49.2747 
8.34 -159.264 -99.1967 -49.3741 
8.35 -159.596 -98.9934 -49.4732 
8.36 -159.927 -98.7897 -49.5721 
8.37 -160.257 -98.5858 -49.6707 
8.38 -160.588 -98.3814 -49.7691 
8.39 -160.917 -98.1768 -49.8671 
8.4 -161.246 -97.9718 -49.965 
8.41 -161.575 -97.7665 -50.0625 
8.42 -161.904 -97.5609 -50.1598 
8.43 -162.231 -97.3549 -50.2568 
8.44 -162.559 -97.1486 -50.3536 
8.45 -162.886 -96.942 -50.4501 
8.46 -163.212 -96.7351 -50.5464 
8.47 -163.538 -96.5278 -50.6423 
8.48 -163.864 -96.3202 -50.7381 
8.49 -164.189 -96.1123 -50.8335 
8.5 -164.514 -95.9041 -50.9287 
8.51 -164.838 -95.6956 -51.0237 
8.52 -165.162 -95.4867 -51.1184 
8.53 -165.485 -95.2776 -51.2128 
8.54 -165.808 -95.0681 -51.307 
8.55 -166.13 -94.8583 -51.4009 
8.56 -166.452 -94.6482 -51.4945 
8.57 -166.773 -94.4378 -51.5879 
8.58 -167.094 -94.2271 -51.681 
8.59 -167.415 -94.0161 -51.7739 
8.6 -167.735 -93.8048 -51.8665 
8.61 -168.054 -93.5932 -51.9589 
8.62 -168.374 -93.3813 -52.051 
8.63 -168.692 -93.1691 -52.1429 
8.64 -169.011 -92.9566 -52.2345 
8.65 -169.328 -92.7437 -52.3258 
8.66 -169.646 -92.5306 -52.4169 
8.67 -169.963 -92.3172 -52.5077 
8.68 -170.279 -92.1035 -52.5983 
8.69 -170.595 -91.8896 -52.6886 
8.7 -170.911 -91.6753 -52.7787 
8.71 -171.226 -91.4607 -52.8685 
8.72 -171.54 -91.2459 -52.9581 
8.73 -171.854 -91.0307 -53.0474 
8.74 -172.168 -90.8153 -53.1365 
8.75 -172.482 -90.5996 -53.2253 
8.76 -172.794 -90.3836 -53.3139 
8.77 -173.107 -90.1674 -53.4022 
8.78 -173.419 -89.9508 -53.4902 
8.79 -173.73 -89.734 -53.578 
8.8 -174.041 -89.5169 -53.6656 
8.81 -174.352 -89.2995 -53.7529 
8.82 -174.662 -89.0819 -53.84 
8.83 -174.972 -88.8639 -53.9268 
8.84 -175.281 -88.6457 -54.0133 
8.85 -175.59 -88.4273 -54.0996 
8.86 -175.898 -88.2085 -54.1857 
8.87 -176.206 -87.9895 -54.2715 
8.88 -176.514 -87.7703 -54.3571 
8.89 -176.821 -87.5507 -54.4424 
8.9 -177.127 -87.3309 -54.5275 
8.91 -177.433 -87.1108 -54.6123 
8.92 -177.739 -86.8905 -54.6969 
8.93 -178.044 -86.6699 -54.7812 
8.94 -178.349 -86.4491 -54.8653 
8.95 -178.653 -86.2279 -54.9492 
8.96 -178.957 -86.0066 -55.0328 
8.97 -179.261 -85.7849 -55.1161 
8.98 -179.564 -85.5631 -55.1992 
8.99 -179.867 -85.3409 -55.2821 
9 -180.169 -85.1185 -55.3647 
9.01 -180.471 -84.8959 -55.4471 
9.02 -180.772 -84.673 -55.5292 
9.03 -181.073 -84.4499 -55.6111 
9.04 -181.373 -84.2265 -55.6928 
9.05 -181.673 -84.0028 -55.7742 
9.06 -181.973 -83.779 -55.8554 
9.07 -182.272 -83.5548 -55.9363 
9.08 -182.571 -83.3304 -56.017 
9.09 -182.869 -83.1058 -56.0974 
9.1 -183.167 -82.881 -56.1776 
9.11 -183.464 -82.6559 -56.2576 
9.12 -183.761 -82.4305 -56.3373 
9.13 -184.057 -82.205 -56.4168 
9.14 -184.354 -81.9792 -56.496 
9.15 -184.649 -81.7531 -56.575 
9.16 -184.944 -81.5268 -56.6538 
9.17 -185.239 -81.3003 -56.7323 
9.18 -185.534 -81.0736 -56.8106 
9.19 -185.827 -80.8466 -56.8887 
9.2 -186.121 -80.6194 -56.9665 
9.21 -186.414 -80.3919 -57.0441 
9.22 -186.707 -80.1642 -57.1214 
9.23 -186.999 -79.9363 -57.1985 
9.24 -187.291 -79.7082 -57.2754 
9.25 -187.582 -79.4799 -57.352 
9.26 -187.873 -79.2513 -57.4284 
9.27 -188.163 -79.0225 -57.5046 
9.28 -188.453 -78.7935 -57.5805 
9.29 -188.743 -78.5642 -57.6562 
9.3 -189.032 -78.3348 -57.7317 
9.31 -189.321 -78.1051 -57.8069 
9.32 -189.609 -77.8752 -57.8819 
9.33 -189.897 -77.6451 -57.9567 
9.34 -190.185 -77.4147 -58.0312 
9.35 -190.472 -77.1842 -58.1055 
9.36 -190.759 -76.9534 -58.1796 
9.37 -191.045 -76.7224 -58.2534 
9.38 -191.331 -76.4913 -58.327 
9.39 -191.616 -76.2599 -58.4004 
9.4 -191.901 -76.0282 -58.4735 
9.41 -192.186 -75.7964 -58.5464 
9.42 -192.47 -75.5644 -58.6191 
9.43 -192.754 -75.3322 -58.6915 
9.44 -193.037 -75.0997 -58.7637 
9.45 -193.32 -74.8671 -58.8357 
9.46 -193.602 -74.6342 -58.9075 
9.47 -193.884 -74.4012 -58.979 
9.48 -194.166 -74.1679 -59.0503 
9.49 -194.447 -73.9345 -59.1214 
9.5 -194.728 -73.7008 -59.1922 
9.51 -195.008 -73.467 -59.2629 
9.52 -195.288 -73.2329 -59.3332 
9.53 -195.568 -72.9987 -59.4034 
9.54 -195.847 -72.7642 -59.4733 
9.55 -196.125 -72.5296 -59.5431 
9.56 -196.404 -72.2947 -59.6125 
9.57 -196.682 -72.0597 -59.6818 
9.58 -196.959 -71.8245 -59.7508 
9.59 -197.236 -71.589 -59.8196 
9.6 -197.513 -71.3534 -59.8882 
9.61 -197.789 -71.1176 -59.9566 
9.62 -198.065 -70.8816 -60.0247 
9.63 -198.34 -70.6455 -60.0926 
9.64 -198.615 -70.4091 -60.1603 
9.65 -198.89 -70.1726 -60.2278 
9.66 -199.164 -69.9358 -60.295 
9.67 -199.438 -69.6989 -60.362 
9.68 -199.711 -69.4618 -60.4288 
9.69 -199.984 -69.2245 -60.4954 
9.7 -200.256 -68.987 -60.5617 
9.71 -200.528 -68.7494 -60.6278 
9.72 -200.8 -68.5115 -60.6938 
9.73 -201.071 -68.2735 -60.7594 
9.74 -201.342 -68.0353 -60.8249 
9.75 -201.613 -67.797 -60.8901 
9.76 -201.883 -67.5584 -60.9552 
9.77 -202.153 -67.3197 -61.02 
9.78 -202.422 -67.0808 -61.0846 
9.79 -202.691 -66.8418 -61.1489 
9.8 -202.959 -66.6025 -61.2131 
9.81 -203.227 -66.3631 -61.277 
9.82 -203.495 -66.1235 -61.3407 
9.83 -203.762 -65.8837 -61.4042 
9.84 -204.029 -65.6438 -61.4675 
9.85 -204.295 -65.4037 -61.5305 
9.86 -204.561 -65.1635 -61.5934 
9.87 -204.827 -64.923 -61.656 
9.88 -205.092 -64.6824 -61.7184 
9.89 -205.357 -64.4417 -61.7806 
9.9 -205.621 -64.2007 -61.8425 
9.91 -205.885 -63.9596 -61.9043 
9.92 -206.149 -63.7184 -61.9658 
9.93 -206.412 -63.4769 -62.0272 
9.94 -206.675 -63.2354 -62.0883 
9.95 -206.938 -62.9936 -62.1492 
9.96 -207.2 -62.7517 -62.2098 
9.97 -207.461 -62.5096 -62.2703 
9.98 -207.722 -62.2674 -62.3306 
9.99 -207.983 -62.025 -62.3906 
10 -208.244 -61.7825 -62.4504 
10.01 -208.504 -61.5398 -62.51 
10.02 -208.763 -61.297 -62.5694 
10.03 -209.023 -61.054 -62.6286 
10.04 -209.282 -60.8108 -62.6876 
10.05 -209.54 -60.5675 -62.7464 
10.06 -209.798 -60.324 -62.8049 
10.07 -210.056 -60.0804 -62.8633 
10.08 -210.313 -59.8366 -62.9214 
10.09 -210.57 -59.5927 -62.9793 
10.1 -210.826 -59.3486 -63.037 
10.11 -211.083 -59.1044 -63.0945 
10.12 -211.338 -58.8601 -63.1518 
10.13 -211.594 -58.6156 -63.2089 
10.14 -211.849 -58.3709 -63.2658 
10.15 -212.103 -58.1261 -63.3224 
10.16 -212.357 -57.8812 -63.3789 
10.17 -212.611 -57.6361 -63.4351 
10.18 -212.864 -57.3908 -63.4912 
10.19 -213.117 -57.1454 -63.547 
10.2 -213.37 -56.8999 -63.6026 
10.21 -213.622 -56.6543 -63.658 
10.22 -213.874 -56.4085 -63.7132 
10.23 -214.125 -56.1625 -63.7682 
10.24 -214.377 -55.9164 -63.823 
10.25 -214.627 -55.6702 -63.8776 
10.26 -214.878 -55.4239 -63.932 
10.27 -215.127 -55.1774 -63.9862 
10.28 -215.377 -54.9307 -64.0402 
10.29 -215.626 -54.684 -64.0939 
10.3 -215.875 -54.4371 -64.1475 
10.31 -216.123 -54.19 -64.2008 
10.32 -216.371 -53.9429 -64.254 
10.33 -216.619 -53.6956 -64.3069 
10.34 -216.866 -53.4481 -64.3597 
10.35 -217.113 -53.2006 -64.4122 
10.36 -217.359 -52.9529 -64.4646 
10.37 -217.605 -52.7051 -64.5167 
10.38 -217.851 -52.4571 -64.5686 
10.39 -218.096 -52.209 -64.6203 
10.4 -218.341 -51.9608 -64.6719 
10.41 -218.586 -51.7125 -64.7232 
10.42 -218.83 -51.464 -64.7743 
10.43 -219.074 -51.2154 -64.8252 
10.44 -219.317 -50.9667 -64.876 
10.45 -219.56 -50.7179 -64.9265 
10.46 -219.803 -50.4689 -64.9768 
10.47 -220.045 -50.2198 -65.0269 
10.48 -220.287 -49.9706 -65.0768 
10.49 -220.529 -49.7213 -65.1266 
10.5 -220.77 -49.4718 -65.1761 
10.51 -221.011 -49.2223 -65.2254 
10.52 -221.251 -48.9726 -65.2745 
10.53 -221.491 -48.7228 -65.3234 
10.54 -221.731 -48.4728 -65.3722 
10.55 -221.97 -48.2228 -65.4207 
10.56 -222.209 -47.9726 -65.469 
10.57 -222.447 -47.7223 -65.5171 
10.58 -222.685 -47.4719 -65.5651 
10.59 -222.923 -47.2214 -65.6128 
10.6 -223.161 -46.9708 -65.6604 
10.61 -223.398 -46.72 -65.7077 
10.62 -223.634 -46.4692 -65.7548 
10.63 -223.871 -46.2182 -65.8018 
10.64 -224.107 -45.9671 -65.8485 
10.65 -224.342 -45.7159 -65.8951 
10.66 -224.577 -45.4646 -65.9415 
10.67 -224.812 -45.2132 -65.9876 
10.68 -225.047 -44.9617 -66.0336 
10.69 -225.281 -44.7101 -66.0794 
10.7 -225.515 -44.4583 -66.125 
10.71 -225.748 -44.2065 -66.1703 
10.72 -225.981 -43.9545 -66.2155 
10.73 -226.213 -43.7024 -66.2605 
10.74 -226.446 -43.4503 -66.3054 
10.75 -226.678 -43.198 -66.35 
10.76 -226.909 -42.9456 -66.3944 
10.77 -227.14 -42.6931 -66.4386 
10.78 -227.371 -42.4405 -66.4827 
10.79 -227.602 -42.1878 -66.5265 
10.8 -227.832 -41.935 -66.5702 
10.81 -228.061 -41.6821 -66.6136 
10.82 -228.291 -41.4291 -66.6569 
10.83 -228.52 -41.176 -66.7 
10.84 -228.748 -40.9228 -66.7429 
10.85 -228.976 -40.6695 -66.7856 
10.86 -229.204 -40.4161 -66.8281 
10.87 -229.432 -40.1626 -66.8704 
10.88 -229.659 -39.909 -66.9125 
10.89 -229.886 -39.6553 -66.9544 
10.9 -230.112 -39.4015 -66.9962 
10.91 -230.338 -39.1476 -67.0377 
10.92 -230.564 -38.8936 -67.0791 
10.93 -230.79 -38.6396 -67.1203 
10.94 -231.015 -38.3854 -67.1613 
10.95 -231.239 -38.1311 -67.2021 
10.96 -231.463 -37.8767 -67.2427 
10.97 -231.687 -37.6223 -67.2831 
10.98 -231.911 -37.3677 -67.3234 
10.99 -232.134 -37.1131 -67.3634 
11 -232.357 -36.8584 -67.4033 
11.01 -232.58 -36.6035 -67.443 
11.02 -232.802 -36.3486 -67.4825 
11.03 -233.024 -36.0936 -67.5218 
11.04 -233.245 -35.8385 -67.5609 
11.05 -233.466 -35.5833 -67.5999 
11.06 -233.687 -35.3281 -67.6386 
11.07 -233.907 -35.0727 -67.6772 
11.08 -234.127 -34.8173 -67.7156 
11.09 -234.347 -34.5617 -67.7537 
11.1 -234.566 -34.3061 -67.7918 
11.11 -234.785 -34.0504 -67.8296 
11.12 -235.004 -33.7946 -67.8672 
11.13 -235.222 -33.5388 -67.9047 
11.14 -235.44 -33.2828 -67.942 
11.15 -235.658 -33.0268 -67.9791 
11.16 -235.875 -32.7706 -68.016 
11.17 -236.092 -32.5144 -68.0527 
11.18 -236.308 -32.2581 -68.0892 
11.19 -236.524 -32.0018 -68.1256 
11.2 -236.74 -31.7453 -68.1618 
11.21 -236.956 -31.4888 -68.1978 
11.22 -237.171 -31.2322 -68.2336 
11.23 -237.386 -30.9755 -68.2692 
11.24 -237.6 -30.7187 -68.3047 
11.25 -237.814 -30.4619 -68.3399 
11.26 -238.028 -30.2049 -68.375 
11.27 -238.241 -29.9479 -68.4099 
11.28 -238.454 -29.6909 -68.4447 
11.29 -238.667 -29.4337 -68.4792 
11.3 -238.879 -29.1765 -68.5136 
11.31 -239.091 -28.9192 -68.5478 
11.32 -239.303 -28.6618 -68.5818 
11.33 -239.514 -28.4043 -68.6156 
11.34 -239.725 -28.1468 -68.6493 
11.35 -239.936 -27.8892 -68.6827 
11.36 -240.146 -27.6315 -68.716 
11.37 -240.356 -27.3737 -68.7492 
11.38 -240.566 -27.1159 -68.7821 
11.39 -240.775 -26.858 -68.8149 
11.4 -240.984 -26.6001 -68.8474 
11.41 -241.193 -26.342 -68.8798 
11.42 -241.401 -26.0839 -68.9121 
11.43 -241.609 -25.8257 -68.9441 
11.44 -241.816 -25.5675 -68.976 
11.45 -242.024 -25.3092 -69.0077 
11.46 -242.23 -25.0508 -69.0392 
11.47 -242.437 -24.7924 -69.0706 
11.48 -242.643 -24.5338 -69.1017 
11.49 -242.849 -24.2752 -69.1327 
11.5 -243.055 -24.0166 -69.1635 
11.51 -243.26 -23.7579 -69.1942 
11.52 -243.465 -23.4991 -69.2247 
11.53 -243.669 -23.2402 -69.255 
11.54 -243.873 -22.9813 -69.2851 
11.55 -244.077 -22.7224 -69.315 
11.56 -244.281 -22.4633 -69.3448 
11.57 -244.484 -22.2042 -69.3744 
11.58 -244.687 -21.945 -69.4038 
11.59 -244.889 -21.6858 -69.4331 
11.6 -245.091 -21.4265 -69.4621 
11.61 -245.293 -21.1672 -69.491 
11.62 -245.495 -20.9078 -69.5198 
11.63 -245.696 -20.6483 -69.5483 
11.64 -245.897 -20.3887 -69.5767 
11.65 -246.097 -20.1291 -69.6049 
11.66 -246.297 -19.8695 -69.633 
11.67 -246.497 -19.6098 -69.6608 
11.68 -246.697 -19.35 -69.6885 
11.69 -246.896 -19.0902 -69.7161 
11.7 -247.095 -18.8303 -69.7434 
11.71 -247.293 -18.5703 -69.7706 
11.72 -247.491 -18.3103 -69.7976 
11.73 -247.689 -18.0503 -69.8245 
11.74 -247.887 -17.7902 -69.8511 
11.75 -248.084 -17.53 -69.8776 
11.76 -248.281 -17.2698 -69.904 
11.77 -248.477 -17.0095 -69.9301 
11.78 -248.674 -16.7492 -69.9561 
11.79 -248.87 -16.4888 -69.982 
11.8 -249.065 -16.2283 -70.0076 
11.81 -249.26 -15.9678 -70.0331 
11.82 -249.455 -15.7073 -70.0584 
11.83 -249.65 -15.4467 -70.0836 
11.84 -249.844 -15.186 -70.1086 
11.85 -250.038 -14.9253 -70.1334 
11.86 -250.232 -14.6646 -70.158 
11.87 -250.425 -14.4038 -70.1825 
11.88 -250.618 -14.1429 -70.2068 
11.89 -250.81 -13.882 -70.2309 
11.9 -251.003 -13.6211 -70.2549 
11.91 -251.195 -13.3601 -70.2787 
11.92 -251.386 -13.099 -70.3024 
11.93 -251.578 -12.8379 -70.3259 
11.94 -251.769 -12.5768 -70.3492 
11.95 -251.959 -12.3156 -70.3723 
11.96 -252.15 -12.0543 -70.3953 
11.97 -252.34 -11.793 -70.4181 
11.98 -252.529 -11.5317 -70.4408 
11.99 -252.719 -11.2703 -70.4633 
12 -252.908 -11.0089 -70.4856 
12.01 -253.097 -10.7474 -70.5077 
12.02 -253.285 -10.4859 -70.5297 
12.03 -253.473 -10.2244 -70.5515 
12.04 -253.661 -9.96275 -70.5732 
12.05 -253.849 -9.7011 -70.5947 
12.06 -254.036 -9.43941 -70.616 
12.07 -254.223 -9.17767 -70.6372 
12.08 -254.409 -8.9159 -70.6582 
12.09 -254.595 -8.65408 -70.6791 
12.1 -254.781 -8.39222 -70.6997 
12.11 -254.967 -8.13032 -70.7203 
12.12 -255.152 -7.86838 -70.7406 
12.13 -255.337 -7.6064 -70.7608 
12.14 -255.522 -7.34437 -70.7808 
12.15 -255.706 -7.08231 -70.8007 
12.16 -255.89 -6.82021 -70.8204 
12.17 -256.073 -6.55807 -70.84 
12.18 -256.257 -6.29589 -70.8594 
12.19 -256.44 -6.03367 -70.8786 
12.2 -256.623 -5.77141 -70.8977 
12.21 -256.805 -5.50912 -70.9166 
12.22 -256.987 -5.24679 -70.9353 
12.23 -257.169 -4.98442 -70.9539 
12.24 -257.35 -4.72201 -70.9723 
12.25 -257.532 -4.45957 -70.9906 
12.26 -257.712 -4.1971 -71.0087 
12.27 -257.893 -3.93459 -71.0266 
12.28 -258.073 -3.67204 -71.0444 
12.29 -258.253 -3.40946 -71.062 
12.3 -258.433 -3.14684 -71.0795 
12.31 -258.612 -2.88419 -71.0968 
12.32 -258.791 -2.6215 -71.1139 
12.33 -258.97 -2.35879 -71.1309 
12.34 -259.148 -2.09604 -71.1478 
12.35 -259.326 -1.83325 -71.1644 
12.36 -259.504 -1.57044 -71.1809 
12.37 -259.681 -1.30759 -71.1973 
12.38 -259.858 -1.04471 -71.2135 
12.39 -260.035 -0.781797 -71.2295 
12.4 -260.212 -0.518855 -71.2454 
12.41 -260.388 -0.255882 -71.2612 
12.42 -260.564 0.00712055 -71.2767 
12.43 -260.739 0.270154 -71.2921 
12.44 -260.915 0.533216 -71.3074 
12.45 -261.09 0.796308 -71.3225 
12.46 -261.264 1.05943 -71.3374 
12.47 -261.439 1.32258 -71.3522 
12.48 -261.613 1.58576 -71.3669 
12.49 -261.786 1.84896 -71.3814 
12.5 -261.96 2.1122 -71.3957 
12.51 -262.133 2.37546 -71.4098 
12.52 -262.306 2.63874 -71.4239 
12.53 -262.478 2.90206 -71.4377 
12.54 -262.651 3.1654 -71.4514 
12.55 -262.823 3.42877 -71.465 
12.56 -262.994 3.69216 -71.4784 
12.57 -263.166 3.95558 -71.4916 
12.58 -263.337 4.21902 -71.5047 
12.59 -263.507 4.48249 -71.5176 
12.6 -263.678 4.74598 -71.5304 
12.61 -263.848 5.0095 -71.543 
12.62 -264.018 5.27304 -71.5555 
12.63 -264.187 5.5366 -71.5678 
12.64 -264.356 5.80019 -71.58 
12.65 -264.525 6.0638 -71.592 
12.66 -264.694 6.32743 -71.6039 
12.67 -264.862 6.59109 -71.6156 
12.68 -265.03 6.85476 -71.6272 
12.69 -265.198 7.11846 -71.6386 
12.7 -265.365 7.38218 -71.6498 
12.71 -265.532 7.64592 -71.6609 
12.72 -265.699 7.90968 -71.6719 
12.73 -265.866 8.17346 -71.6827 
12.74 -266.032 8.43727 -71.6933 
12.75 -266.198 8.70109 -71.7038 
12.76 -266.364 8.96493 -71.7142 
12.77 -266.529 9.22879 -71.7244 
12.78 -266.694 9.49267 -71.7344 
12.79 -266.859 9.75656 -71.7443 
12.8 -267.023 10.0205 -71.7541 
12.81 -267.187 10.2844 -71.7637 
12.82 -267.351 10.5484 -71.7731 
12.83 -267.515 10.8123 -71.7824 
12.84 -267.678 11.0763 -71.7916 
12.85 -267.841 11.3403 -71.8006 
12.86 -268.004 11.6043 -71.8095 
12.87 -268.166 11.8684 -71.8182 
12.88 -268.328 12.1324 -71.8267 
12.89 -268.49 12.3965 -71.8351 
12.9 -268.651 12.6606 -71.8434 
12.91 -268.813 12.9247 -71.8515 
12.92 -268.973 13.1888 -71.8595 
12.93 -269.134 13.4529 -71.8673 
12.94 -269.294 13.7171 -71.875 
12.95 -269.454 13.9812 -71.8825 
12.96 -269.614 14.2454 -71.8898 
12.97 -269.774 14.5096 -71.8971 
12.98 -269.933 14.7738 -71.9042 
12.99 -270.092 15.038 -71.9111 
13 -270.25 15.3022 -71.9179 
13.01 -270.409 15.5664 -71.9245 
13.02 -270.567 15.8307 -71.931 
13.03 -270.724 16.0949 -71.9374 
13.04 -270.882 16.3592 -71.9436 
13.05 -271.039 16.6235 -71.9496 
13.06 -271.196 16.8877 -71.9555 
13.07 -271.352 17.152 -71.9613 
13.08 -271.509 17.4164 -71.9669 
13.09 -271.665 17.6807 -71.9724 
13.1 -271.82 17.945 -71.9777 
13.11 -271.976 18.2093 -71.9829 
13.12 -272.131 18.4737 -71.988 
13.13 -272.286 18.738 -71.9929 
13.14 -272.44 19.0024 -71.9976 
13.15 -272.594 19.2668 -72.0022 
13.16 -272.748 19.5312 -72.0067 
13.17 -272.902 19.7956 -72.011 
13.18 -273.056 20.06 -72.0152 
13.19 -273.209 20.3244 -72.0192 
13.2 -273.361 20.5888 -72.0231 
13.21 -273.514 20.8532 -72.0269 
13.22 -273.666 21.1176 -72.0305 
13.23 -273.818 21.382 -72.0339 
13.24 -273.97 21.6465 -72.0373 
13.25 -274.121 21.9109 -72.0404 
13.26 -274.273 22.1754 -72.0435 
13.27 -274.423 22.4398 -72.0464 
13.28 -274.574 22.7043 -72.0491 
13.29 -274.724 22.9688 -72.0517 
13.3 -274.874 23.2332 -72.0542 
13.31 -275.024 23.4977 -72.0565 
13.32 -275.173 23.7622 -72.0587 
13.33 -275.323 24.0266 -72.0608 
13.34 -275.472 24.2911 -72.0627 
13.35 -275.62 24.5556 -72.0644 
13.36 -275.768 24.8201 -72.0661 
13.37 -275.916 25.0846 -72.0675 
13.38 -276.064 25.3491 -72.0689 
13.39 -276.212 25.6136 -72.0701 
13.4 -276.359 25.8781 -72.0711 
13.41 -276.506 26.1426 -72.0721 
13.42 -276.653 26.4071 -72.0728 
13.43 -276.799 26.6716 -72.0735 
13.44 -276.945 26.9361 -72.074 
13.45 -277.091 27.2006 -72.0744 
13.46 -277.236 27.4651 -72.0746 
13.47 -277.382 27.7296 -72.0747 
13.48 -277.527 27.9941 -72.0746 
13.49 -277.671 28.2586 -72.0744 
13.5 -277.816 28.5231 -72.0741 
13.51 -277.96 28.7876 -72.0736 
13.52 -278.104 29.0521 -72.073 
13.53 -278.247 29.3166 -72.0723 
13.54 -278.391 29.5811 -72.0714 
13.55 -278.534 29.8456 -72.0704 
13.56 -278.676 30.1101 -72.0692 
13.57 -278.819 30.3746 -72.0679 
13.58 -278.961 30.6391 -72.0665 
13.59 -279.103 30.9036 -72.0649 
13.6 -279.245 31.1681 -72.0632 
13.61 -279.386 31.4326 -72.0614 
13.62 -279.527 31.697 -72.0594 
13.63 -279.668 31.9615 -72.0573 
13.64 -279.809 32.226 -72.055 
13.65 -279.949 32.4905 -72.0526 
13.66 -280.089 32.7549 -72.0501 
13.67 -280.229 33.0194 -72.0474 
13.68 -280.368 33.2838 -72.0447 
13.69 -280.508 33.5483 -72.0417 
13.7 -280.647 33.8127 -72.0387 
13.71 -280.785 34.0772 -72.0355 
13.72 -280.924 34.3416 -72.0321 
13.73 -281.062 34.606 -72.0286 
13.74 -281.2 34.8705 -72.025 
13.75 -281.337 35.1349 -72.0213 
13.76 -281.475 35.3993 -72.0174 
13.77 -281.612 35.6637 -72.0134 
13.78 -281.748 35.9281 -72.0093 
13.79 -281.885 36.1925 -72.005 
13.8 -282.021 36.4568 -72.0006 
13.81 -282.157 36.7212 -71.996 
13.82 -282.293 36.9856 -71.9913 
13.83 -282.428 37.2499 -71.9865 
13.84 -282.564 37.5143 -71.9816 
13.85 -282.698 37.7786 -71.9765 
13.86 -282.833 38.0429 -71.9713 
13.87 -282.968 38.3073 -71.9659 
13.88 -283.102 38.5716 -71.9604 
13.89 -283.235 38.8359 -71.9548 
13.9 -283.369 39.1002 -71.9491 
13.91 -283.502 39.3645 -71.9432 
13.92 -283.635 39.6287 -71.9372 
13.93 -283.768 39.893 -71.9311 
13.94 -283.901 40.1572 -71.9248 
13.95 -284.033 40.4215 -71.9184 
13.96 -284.165 40.6857 -71.9118 
13.97 -284.297 40.9499 -71.9052 
13.98 -284.428 41.2141 -71.8984 
13.99 -284.559 41.4783 -71.8914 
14 -284.69 41.7425 -71.8844 
14.01 -284.821 42.0067 -71.8772 
14.02 -284.951 42.2709 -71.8699 
14.03 -285.081 42.535 -71.8624 
14.04 -285.211 42.7991 -71.8548 
14.05 -285.341 43.0633 -71.8471 
14.06 -285.47 43.3274 -71.8393 
14.07 -285.599 43.5915 -71.8313 
14.08 -285.728 43.8556 -71.8232 
14.09 -285.857 44.1196 -71.8149 
14.1 -285.985 44.3837 -71.8066 
14.11 -286.113 44.6477 -71.7981 
14.12 -286.241 44.9118 -71.7894 
14.13 -286.368 45.1758 -71.7807 
14.14 -286.496 45.4398 -71.7718 
14.15 -286.623 45.7038 -71.7628 
14.16 -286.749 45.9677 -71.7537 
14.17 -286.876 46.2317 -71.7444 
14.18 -287.002 46.4956 -71.735 
14.19 -287.128 46.7595 -71.7255 
14.2 -287.254 47.0235 -71.7158 
14.21 -287.379 47.2873 -71.706 
14.22 -287.504 47.5512 -71.6961 
14.23 -287.629 47.8151 -71.6861 
14.24 -287.754 48.0789 -71.6759 
14.25 -287.878 48.3427 -71.6656 
14.26 -288.002 48.6066 -71.6552 
14.27 -288.126 48.8703 -71.6446 
14.28 -288.25 49.1341 -71.6339 
14.29 -288.373 49.3979 -71.6231 
14.3 -288.496 49.6616 -71.6122 
14.31 -288.619 49.9253 -71.6011 
14.32 -288.742 50.189 -71.59 
14.33 -288.864 50.4527 -71.5787 
14.34 -288.986 50.7164 -71.5672 
14.35 -289.108 50.98 -71.5556 
14.36 -289.23 51.2437 -71.544 
14.37 -289.351 51.5073 -71.5321 
14.38 -289.472 51.7709 -71.5202 
14.39 -289.593 52.0344 -71.5081 
14.4 -289.714 52.298 -71.4959 
14.41 -289.834 52.5615 -71.4836 
14.42 -289.954 52.825 -71.4712 
14.43 -290.074 53.0885 -71.4586 
14.44 -290.193 53.352 -71.4459 
14.45 -290.313 53.6154 -71.4331 
14.46 -290.432 53.8789 -71.4201 
14.47 -290.55 54.1423 -71.4071 
14.48 -290.669 54.4057 -71.3939 
14.49 -290.787 54.669 -71.3805 
14.5 -290.905 54.9324 -71.3671 
14.51 -291.023 55.1957 -71.3535 
14.52 -291.141 55.459 -71.3398 
14.53 -291.258 55.7223 -71.326 
14.54 -291.375 55.9855 -71.3121 
14.55 -291.492 56.2488 -71.298 
14.56 -291.608 56.512 -71.2838 
14.57 -291.724 56.7752 -71.2695 
14.58 -291.84 57.0384 -71.2551 
14.59 -291.956 57.3015 -71.2405 
14.6 -292.072 57.5646 -71.2259 
14.61 -292.187 57.8277 -71.2111 
14.62 -292.302 58.0908 -71.1961 
14.63 -292.417 58.3538 -71.1811 
14.64 -292.531 58.6169 -71.1659 
14.65 -292.646 58.8799 -71.1506 
14.66 -292.76 59.1428 -71.1352 
14.67 -292.873 59.4058 -71.1197 
14.68 -292.987 59.6687 -71.104 
14.69 -293.1 59.9316 -71.0882 
14.7 -293.213 60.1945 -71.0723 
14.71 -293.326 60.4574 -71.0563 
14.72 -293.438 60.7202 -71.0401 
14.73 -293.551 60.983 -71.0239 
14.74 -293.663 61.2458 -71.0075 
14.75 -293.775 61.5085 -70.991 
14.76 -293.886 61.7712 -70.9743 
14.77 -293.997 62.0339 -70.9576 
14.78 -294.109 62.2966 -70.9407 
14.79 -294.219 62.5593 -70.9237 
14.8 -294.33 62.8219 -70.9066 
14.81 -294.44 63.0845 -70.8894 
14.82 -294.55 63.347 -70.872 
14.83 -294.66 63.6096 -70.8545 
14.84 -294.77 63.8721 -70.8369 
14.85 -294.879 64.1346 -70.8192 
14.86 -294.988 64.397 -70.8014 
14.87 -295.097 64.6595 -70.7834 
14.88 -295.206 64.9219 -70.7654 
14.89 -295.314 65.1842 -70.7472 
14.9 -295.422 65.4466 -70.7288 
14.91 -295.53 65.7089 -70.7104 
14.92 -295.638 65.9712 -70.6919 
14.93 -295.745 66.2334 -70.6732 
14.94 -295.852 66.4957 -70.6544 
14.95 -295.959 66.7579 -70.6355 
14.96 -296.066 67.02 -70.6165 
14.97 -296.172 67.2822 -70.5973 
14.98 -296.278 67.5443 -70.578 
14.99 -296.384 67.8064 -70.5587 
15 -296.49 68.0684 -70.5392 
15.01 -296.595 68.3304 -70.5195 
15.02 -296.701 68.5924 -70.4998 
15.03 -296.805 68.8544 -70.48 
15.04 -296.91 69.1163 -70.46 
15.05 -297.015 69.3782 -70.4399 
15.06 -297.119 69.6401 -70.4197 
15.07 -297.223 69.9019 -70.3994 
15.08 -297.327 70.1637 -70.3789 
15.09 -297.43 70.4255 -70.3584 
15.1 -297.534 70.6873 -70.3377 
15.11 -297.637 70.949 -70.3169 
15.12 -297.739 71.2106 -70.296 
15.13 -297.842 71.4723 -70.275 
15.14 -297.944 71.7339 -70.2538 
15.15 -298.046 71.9955 -70.2326 
15.16 -298.148 72.257 -70.2112 
15.17 -298.25 72.5186 -70.1897 
15.18 -298.351 72.7801 -70.1681 
15.19 -298.452 73.0415 -70.1464 
15.2 -298.553 73.3029 -70.1245 
15.21 -298.654 73.5643 -70.1026 
15.22 -298.754 73.8257 -70.0805 
15.23 -298.855 74.087 -70.0583 
15.24 -298.955 74.3483 -70.036 
15.25 -299.054 74.6095 -70.0136 
15.26 -299.154 74.8707 -69.9911 
15.27 -299.253 75.1319 -69.9684 
15.28 -299.352 75.3931 -69.9457 
15.29 -299.451 75.6542 -69.9228 
15.3 -299.549 75.9153 -69.8998 
15.31 -299.648 76.1763 -69.8767 
15.32 -299.746 76.4373 -69.8535 
15.33 -299.844 76.6983 -69.8302 
15.34 -299.941 76.9593 -69.8067 
15.35 -300.039 77.2202 -69.7832 
15.36 -300.136 77.481 -69.7595 
15.37 -300.233 77.7419 -69.7357 
15.38 -300.329 78.0027 -69.7118 
15.39 -300.426 78.2634 -69.6878 
15.4 -300.522 78.5242 -69.6636 
15.41 -300.618 78.7849 -69.6394 
15.42 -300.714 79.0455 -69.6151 
15.43 -300.809 79.3061 -69.5906 
15.44 -300.904 79.5667 -69.566 
15.45 -300.999 79.8273 -69.5413 
15.46 -301.094 80.0878 -69.5165 
15.47 -301.189 80.3483 -69.4916 
15.48 -301.283 80.6087 -69.4665 
15.49 -301.377 80.8691 -69.4414 
15.5 -301.471 81.1295 -69.4161 
15.51 -301.565 81.3898 -69.3908 
15.52 -301.658 81.6501 -69.3653 
15.53 -301.751 81.9103 -69.3397 
15.54 -301.844 82.1705 -69.314 
15.55 -301.937 82.4307 -69.2882 
15.56 -302.03 82.6908 -69.2622 
15.57 -302.122 82.9509 -69.2362 
15.58 -302.214 83.211 -69.2101 
15.59 -302.306 83.471 -69.1838 
15.6 -302.397 83.731 -69.1574 
15.61 -302.489 83.9909 -69.1309 
15.62 -302.58 84.2508 -69.1043 
15.63 -302.671 84.5107 -69.0776 
15.64 -302.761 84.7705 -69.0508 
15.65 -302.852 85.0303 -69.0239 
15.66 -302.942 85.2901 -68.9968 
15.67 -303.032 85.5498 -68.9697 
15.68 -303.122 85.8094 -68.9424 
15.69 -303.211 86.0691 -68.9151 
15.7 -303.3 86.3286 -68.8876 
15.71 -303.389 86.5882 -68.86 
15.72 -303.478 86.8477 -68.8323 
15.73 -303.567 87.1072 -68.8045 
15.74 -303.655 87.3666 -68.7766 
15.75 -303.743 87.626 -68.7485 
15.76 -303.831 87.8853 -68.7204 
15.77 -303.919 88.1446 -68.6921 
15.78 -304.006 88.4039 -68.6638 
15.79 -304.094 88.6631 -68.6353 
15.8 -304.181 88.9223 -68.6067 
15.81 -304.268 89.1814 -68.578 
15.82 -304.354 89.4405 -68.5492 
15.83 -304.44 89.6995 -68.5203 
15.84 -304.527 89.9586 -68.4913 
15.85 -304.612 90.2175 -68.4622 
15.86 -304.698 90.4764 -68.433 
15.87 -304.784 90.7353 -68.4036 
15.88 -304.869 90.9942 -68.3742 
15.89 -304.954 91.253 -68.3446 
15.9 -305.039 91.5117 -68.315 
15.91 -305.123 91.7704 -68.2852 
15.92 -305.207 92.0291 -68.2553 
15.93 -305.292 92.2877 -68.2253 
15.94 -305.375 92.5463 -68.1953 
15.95 -305.459 92.8049 -68.1651 
15.96 -305.543 93.0634 -68.1347 
15.97 -305.626 93.3218 -68.1043 
15.98 -305.709 93.5802 -68.0738 
15.99 -305.791 93.8386 -68.0432 
16 -305.874 94.0969 -68.0124 
16.01 -305.956 94.3552 -67.9816 
16.02 -306.038 94.6134 -67.9506 
16.03 -306.12 94.8716 -67.9196 
16.04 -306.202 95.1298 -67.8884 
16.05 -306.283 95.3879 -67.8572 
16.06 -306.365 95.6459 -67.8258 
16.07 -306.446 95.9039 -67.7943 
16.08 -306.526 96.1619 -67.7627 
16.09 -306.607 96.4198 -67.731 
16.1 -306.687 96.6777 -67.6992 
16.11 -306.767 96.9355 -67.6673 
16.12 -306.847 97.1933 -67.6353 
16.13 -306.927 97.451 -67.6032 
16.14 -307.006 97.7087 -67.5709 
16.15 -307.086 97.9664 -67.5386 
16.16 -307.165 98.224 -67.5062 
16.17 -307.243 98.4815 -67.4736 
16.18 -307.322 98.739 -67.441 
16.19 -307.4 98.9965 -67.4082 
16.2 -307.479 99.2539 -67.3754 
16.21 -307.556 99.5113 -67.3424 
16.22 -307.634 99.7686 -67.3094 
16.23 -307.712 100.026 -67.2762 
16.24 -307.789 100.283 -67.2429 
16.25 -307.866 100.54 -67.2095 
16.26 -307.943 100.797 -67.176 
16.27 -308.019 101.055 -67.1425 
16.28 -308.096 101.312 -67.1088 
16.29 -308.172 101.569 -67.075 
16.3 -308.248 101.826 -67.0411 
16.31 -308.324 102.082 -67.0071 
16.32 -308.399 102.339 -66.973 
16.33 -308.475 102.596 -66.9387 
16.34 -308.55 102.853 -66.9044 
16.35 -308.624 103.11 -66.87 
16.36 -308.699 103.366 -66.8355 
16.37 -308.774 103.623 -66.8009 
16.38 -308.848 103.879 -66.7661 
16.39 -308.922 104.136 -66.7313 
16.4 -308.996 104.392 -66.6964 
16.41 -309.069 104.649 -66.6613 
16.42 -309.143 104.905 -66.6262 
16.43 -309.216 105.161 -66.5909 
16.44 -309.289 105.418 -66.5556 
16.45 -309.361 105.674 -66.5201 
16.46 -309.434 105.93 -66.4846 
16.47 -309.506 106.186 -66.4489 
16.48 -309.578 106.442 -66.4132 
16.49 -309.65 106.698 -66.3773 
16.5 -309.722 106.954 -66.3414 
16.51 -309.793 107.21 -66.3053 
16.52 -309.865 107.466 -66.2691 
16.53 -309.936 107.722 -66.2329 
16.54 -310.006 107.978 -66.1965 
16.55 -310.077 108.233 -66.16 
16.56 -310.147 108.489 -66.1235 
16.57 -310.218 108.745 -66.0868 
16.58 -310.288 109 -66.05 
16.59 -310.357 109.256 -66.0131 
16.6 -310.427 109.511 -65.9762 
16.61 -310.496 109.767 -65.9391 
16.62 -310.565 110.022 -65.9019 
16.63 -310.634 110.277 -65.8646 
16.64 -310.703 110.533 -65.8272 
16.65 -310.771 110.788 -65.7898 
16.66 -310.84 111.043 -65.7522 
16.67 -310.908 111.298 -65.7145 
16.68 -310.975 111.553 -65.6767 
16.69 -311.043 111.808 -65.6388 
16.7 -311.111 112.063 -65.6008 
16.71 -311.178 112.318 -65.5628 
16.72 -311.245 112.573 -65.5246 
16.73 -311.312 112.828 -65.4863 
16.74 -311.378 113.082 -65.4479 
16.75 -311.445 113.337 -65.4094 
16.76 -311.511 113.592 -65.3708 
16.77 -311.577 113.846 -65.3322 
16.78 -311.642 114.101 -65.2934 
16.79 -311.708 114.355 -65.2545 
16.8 -311.773 114.61 -65.2155 
16.81 -311.838 114.864 -65.1764 
16.82 -311.903 115.118 -65.1372 
16.83 -311.968 115.373 -65.098 
16.84 -312.033 115.627 -65.0586 
16.85 -312.097 115.881 -65.0191 
16.86 -312.161 116.135 -64.9795 
16.87 -312.225 116.389 -64.9399 
16.88 -312.288 116.643 -64.9001 
16.89 -312.352 116.897 -64.8602 
16.9 -312.415 117.151 -64.8202 
16.91 -312.478 117.405 -64.7802 
16.92 -312.541 117.659 -64.74 
16.93 -312.604 117.912 -64.6997 
16.94 -312.666 118.166 -64.6594 
16.95 -312.728 118.42 -64.6189 
16.96 -312.79 118.673 -64.5784 
16.97 -312.852 118.927 -64.5377 
16.98 -312.914 119.18 -64.497 
16.99 -312.975 119.433 -64.4561 
17 -313.036 119.687 -64.4152 
17.01 -313.097 119.94 -64.3741 
17.02 -313.158 120.193 -64.333 
17.03 -313.219 120.446 -64.2917 
17.04 -313.279 120.7 -64.2504 
17.05 -313.339 120.953 -64.2089 
17.06 -313.399 121.206 -64.1674 
17.07 -313.459 121.459 -64.1258 
17.08 -313.519 121.712 -64.084 
17.09 -313.578 121.964 -64.0422 
17.1 -313.637 122.217 -64.0003 
17.11 -313.696 122.47 -63.9583 
17.12 -313.755 122.723 -63.9162 
17.13 -313.813 122.975 -63.874 
17.14 -313.872 123.228 -63.8317 
17.15 -313.93 123.48 -63.7893 
17.16 -313.988 123.733 -63.7468 
17.17 -314.045 123.985 -63.7042 
17.18 -314.103 124.237 -63.6615 
17.19 -314.16 124.49 -63.6187 
17.2 -314.217 124.742 -63.5758 
17.21 -314.274 124.994 -63.5328 
17.22 -314.331 125.246 -63.4897 
17.23 -314.388 125.498 -63.4466 
17.24 -314.444 125.75 -63.4033 
17.25 -314.5 126.002 -63.3599 
17.26 -314.556 126.254 -63.3165 
17.27 -314.612 126.506 -63.2729 
17.28 -314.667 126.758 -63.2293 
17.29 -314.722 127.009 -63.1855 
17.3 -314.778 127.261 -63.1417 
17.31 -314.832 127.512 -63.0978 
17.32 -314.887 127.764 -63.0537 
17.33 -314.942 128.015 -63.0096 
17.34 -314.996 128.267 -62.9654 
17.35 -315.05 128.518 -62.9211 
17.36 -315.104 128.769 -62.8767 
17.37 -315.158 129.021 -62.8322 
17.38 -315.211 129.272 -62.7876 
17.39 -315.264 129.523 -62.7429 
17.4 -315.318 129.774 -62.6981 
17.41 -315.37 130.025 -62.6532 
17.42 -315.423 130.276 -62.6083 
17.43 -315.476 130.527 -62.5632 
17.44 -315.528 130.778 -62.518 
17.45 -315.58 131.028 -62.4728 
17.46 -315.632 131.279 -62.4274 
17.47 -315.684 131.53 -62.382 
17.48 -315.735 131.78 -62.3364 
17.49 -315.787 132.031 -62.2908 
17.5 -315.838 132.281 -62.2451 
17.51 -315.889 132.532 -62.1993 
17.52 -315.939 132.782 -62.1534 
17.53 -315.99 133.032 -62.1074 
17.54 -316.04 133.283 -62.0613 
17.55 -316.09 133.533 -62.0151 
17.56 -316.14 133.783 -61.9688 
17.57 -316.19 134.033 -61.9224 
17.58 -316.239 134.283 -61.876 
17.59 -316.289 134.533 -61.8294 
17.6 -316.338 134.783 -61.7828 
17.61 -316.387 135.032 -61.736 
17.62 -316.436 135.282 -61.6892 
17.63 -316.484 135.532 -61.6422 
17.64 -316.533 135.781 -61.5952 
17.65 -316.581 136.031 -61.5481 
17.66 -316.629 136.28 -61.5009 
17.67 -316.676 136.53 -61.4536 
17.68 -316.724 136.779 -61.4062 
17.69 -316.771 137.029 -61.3587 
17.7 -316.819 137.278 -61.3112 
17.71 -316.866 137.527 -61.2635 
17.72 -316.912 137.776 -61.2157 
17.73 -316.959 138.025 -61.1679 
17.74 -317.005 138.274 -61.1199 
17.75 -317.052 138.523 -61.0719 
17.76 -317.098 138.772 -61.0238 
17.77 -317.143 139.021 -60.9756 
17.78 -317.189 139.269 -60.9273 
17.79 -317.235 139.518 -60.8789 
17.8 -317.28 139.767 -60.8304 
17.81 -317.325 140.015 -60.7818 
17.82 -317.37 140.264 -60.7331 
17.83 -317.414 140.512 -60.6844 
17.84 -317.459 140.761 -60.6355 
17.85 -317.503 141.009 -60.5866 
17.86 -317.547 141.257 -60.5375 
17.87 -317.591 141.505 -60.4884 
17.88 -317.635 141.753 -60.4392 
17.89 -317.678 142.002 -60.3899 
17.9 -317.722 142.249 -60.3405 
17.91 -317.765 142.497 -60.291 
17.92 -317.808 142.745 -60.2414 
17.93 -317.85 142.993 -60.1918 
17.94 -317.893 143.241 -60.142 
17.95 -317.935 143.488 -60.0922 
17.96 -317.977 143.736 -60.0422 
17.97 -318.019 143.984 -59.9922 
17.98 -318.061 144.231 -59.9421 
17.99 -318.103 144.479 -59.8919 
18 -318.144 144.726 -59.8416 
18.01 -318.185 144.973 -59.7912 
18.02 -318.226 145.22 -59.7407 
18.03 -318.267 145.468 -59.6902 
18.04 -318.308 145.715 -59.6395 
18.05 -318.348 145.962 -59.5888 
18.06 -318.389 146.209 -59.538 
18.07 -318.429 146.456 -59.487 
18.08 -318.469 146.702 -59.436 
18.09 -318.508 146.949 -59.3849 
18.1 -318.548 147.196 -59.3337 
18.11 -318.587 147.442 -59.2825 
18.12 -318.626 147.689 -59.2311 
18.13 -318.665 147.936 -59.1797 
18.14 -318.704 148.182 -59.1281 
18.15 -318.742 148.428 -59.0765 
18.16 -318.781 148.675 -59.0248 
18.17 -318.819 148.921 -58.973 
18.18 -318.857 149.167 -58.9211 
18.19 -318.895 149.413 -58.8691 
18.2 -318.932 149.659 -58.817 
18.21 -318.97 149.905 -58.7649 
18.22 -319.007 150.151 -58.7126 
18.23 -319.044 150.397 -58.6603 
18.24 -319.081 150.643 -58.6079 
18.25 -319.118 150.889 -58.5554 
18.26 -319.154 151.134 -58.5028 
18.27 -319.19 151.38 -58.4501 
18.28 -319.226 151.625 -58.3973 
18.29 -319.262 151.871 -58.3444 
18.3 -319.298 152.116 -58.2915 
18.31 -319.334 152.361 -58.2385 
18.32 -319.369 152.607 -58.1853 
18.33 -319.404 152.852 -58.1321 
18.34 -319.439 153.097 -58.0788 
18.35 -319.474 153.342 -58.0255 
18.36 -319.509 153.587 -57.972 
18.37 -319.543 153.832 -57.9184 
18.38 -319.577 154.077 -57.8648 
18.39 -319.611 154.322 -57.8111 
18.4 -319.645 154.566 -57.7572 
18.41 -319.679 154.811 -57.7033 
18.42 -319.712 155.056 -57.6493 
18.43 -319.746 155.3 -57.5953 
18.44 -319.779 155.545 -57.5411 
18.45 -319.812 155.789 -57.4869 
18.46 -319.844 156.033 -57.4325 
18.47 -319.877 156.277 -57.3781 
18.48 -319.909 156.522 -57.3236 
18.49 -319.942 156.766 -57.269 
18.5 -319.974 157.01 -57.2143 
18.51 -320.005 157.254 -57.1596 
18.52 -320.037 157.498 -57.1047 
18.53 -320.069 157.742 -57.0498 
18.54 -320.1 157.985 -56.9948 
18.55 -320.131 158.229 -56.9396 
18.56 -320.162 158.473 -56.8844 
18.57 -320.193 158.716 -56.8292 
18.58 -320.223 158.96 -56.7738 
18.59 -320.253 159.203 -56.7184 
18.6 -320.284 159.446 -56.6628 
18.61 -320.314 159.69 -56.6072 
18.62 -320.343 159.933 -56.5515 
18.63 -320.373 160.176 -56.4957 
18.64 -320.403 160.419 -56.4398 
18.65 -320.432 160.662 -56.3839 
18.66 -320.461 160.905 -56.3278 
18.67 -320.49 161.148 -56.2717 
18.68 -320.518 161.391 -56.2155 
18.69 -320.547 161.634 -56.1592 
18.7 -320.575 161.876 -56.1028 
18.71 -320.604 162.119 -56.0463 
18.72 -320.632 162.361 -55.9898 
18.73 -320.659 162.604 -55.9331 
18.74 -320.687 162.846 -55.8764 
18.75 -320.714 163.088 -55.8196 
18.76 -320.742 163.331 -55.7627 
18.77 -320.769 163.573 -55.7057 
18.78 -320.796 163.815 -55.6487 
18.79 -320.822 164.057 -55.5915 
18.8 -320.849 164.299 -55.5343 
18.81 -320.875 164.541 -55.477 
18.82 -320.901 164.783 -55.4196 
18.83 -320.927 165.024 -55.3621 
18.84 -320.953 165.266 -55.3046 
18.85 -320.979 165.508 -55.2469 
18.86 -321.004 165.749 -55.1892 
18.87 -321.03 165.991 -55.1314 
18.88 -321.055 166.232 -55.0735 
18.89 -321.08 166.473 -55.0155 
18.9 -321.104 166.715 -54.9575 
18.91 -321.129 166.956 -54.8993 
18.92 -321.153 167.197 -54.8411 
18.93 -321.178 167.438 -54.7828 
18.94 -321.202 167.679 -54.7244 
18.95 -321.225 167.92 -54.6659 
18.96 -321.249 168.161 -54.6073 
18.97 -321.273 168.401 -54.5487 
18.98 -321.296 168.642 -54.49 
18.99 -321.319 168.883 -54.4312 
19 -321.342 169.123 -54.3723 
19.01 -321.365 169.364 -54.3133 
19.02 -321.387 169.604 -54.2543 
19.03 -321.41 169.844 -54.1951 
19.04 -321.432 170.085 -54.1359 
19.05 -321.454 170.325 -54.0766 
19.06 -321.476 170.565 -54.0172 
19.07 -321.498 170.805 -53.9577 
19.08 -321.519 171.045 -53.8982 
19.09 -321.54 171.285 -53.8386 
19.1 -321.562 171.525 -53.7788 
19.11 -321.583 171.764 -53.7191 
19.12 -321.603 172.004 -53.6592 
19.13 -321.624 172.244 -53.5992 
19.14 -321.645 172.483 -53.5392 
19.15 -321.665 172.723 -53.4791 
19.16 -321.685 172.962 -53.4189 
19.17 -321.705 173.201 -53.3586 
19.18 -321.725 173.441 -53.2982 
19.19 -321.744 173.68 -53.2378 
19.2 -321.764 173.919 -53.1772 
19.21 -321.783 174.158 -53.1166 
19.22 -321.802 174.397 -53.0559 
19.23 -321.821 174.636 -52.9952 
19.24 -321.839 174.875 -52.9343 
19.25 -321.858 175.113 -52.8734 
19.26 -321.876 175.352 -52.8124 
19.27 -321.894 175.591 -52.7513 
19.28 -321.912 175.829 -52.6901 
19.29 -321.93 176.067 -52.6288 
19.3 -321.948 176.306 -52.5675 
19.31 -321.965 176.544 -52.5061 
19.32 -321.983 176.782 -52.4446 
19.33 -322 177.02 -52.383 
19.34 -322.017 177.258 -52.3213 
19.35 -322.034 177.496 -52.2596 
19.36 -322.05 177.734 -52.1978 
19.37 -322.067 177.972 -52.1359 
19.38 -322.083 178.21 -52.0739 
19.39 -322.099 178.448 -52.0118 
19.4 -322.115 178.685 -51.9497 
19.41 -322.131 178.923 -51.8875 
19.42 -322.146 179.16 -51.8252 
19.43 -322.162 179.398 -51.7628 
19.44 -322.177 179.635 -51.7003 
19.45 -322.192 179.872 -51.6378 
19.46 -322.207 180.109 -51.5752 
19.47 -322.221 180.347 -51.5125 
19.48 -322.236 180.584 -51.4497 
19.49 -322.25 180.82 -51.3868 
19.5 -322.264 181.057 -51.3239 
19.51 -322.278 181.294 -51.2609 
19.52 -322.292 181.531 -51.1978 
19.53 -322.306 181.768 -51.1346 
19.54 -322.319 182.004 -51.0713 
19.55 -322.333 182.241 -51.008 
19.56 -322.346 182.477 -50.9446 
19.57 -322.359 182.713 -50.8811 
19.58 -322.372 182.95 -50.8175 
19.59 -322.384 183.186 -50.7539 
19.6 -322.397 183.422 -50.6901 
19.61 -322.409 183.658 -50.6263 
19.62 -322.421 183.894 -50.5624 
19.63 -322.433 184.13 -50.4985 
19.64 -322.445 184.366 -50.4344 
19.65 -322.456 184.601 -50.3703 
19.66 -322.468 184.837 -50.3061 
19.67 -322.479 185.073 -50.2418 
19.68 -322.49 185.308 -50.1775 
19.69 -322.501 185.544 -50.113 
19.7 -322.512 185.779 -50.0485 
19.71 -322.522 186.014 -49.9839 
19.72 -322.533 186.249 -49.9192 
19.73 -322.543 186.484 -49.8545 
19.74 -322.553 186.72 -49.7897 
19.75 -322.563 186.954 -49.7248 
19.76 -322.573 187.189 -49.6598 
19.77 -322.582 187.424 -49.5947 
19.78 -322.592 187.659 -49.5296 
19.79 -322.601 187.894 -49.4644 
19.8 -322.61 188.128 -49.3991 
19.81 -322.619 188.363 -49.3337 
19.82 -322.627 188.597 -49.2683 
19.83 -322.636 188.831 -49.2027 
19.84 -322.644 189.066 -49.1371 
19.85 -322.652 189.3 -49.0714 
19.86 -322.661 189.534 -49.0057 
19.87 -322.668 189.768 -48.9399 
19.88 -322.676 190.002 -48.8739 
19.89 -322.684 190.236 -48.8079 
19.9 -322.691 190.47 -48.7419 
19.91 -322.698 190.704 -48.6757 
19.92 -322.705 190.937 -48.6095 
19.93 -322.712 191.171 -48.5432 
19.94 -322.719 191.404 -48.4768 
19.95 -322.725 191.638 -48.4104 
19.96 -322.732 191.871 -48.3439 
19.97 -322.738 192.104 -48.2773 
19.98 -322.744 192.338 -48.2106 
19.99 -322.75 192.571 -48.1438 
20 -322.755 192.804 -48.077 
