PARAMETRIC_CURVE_CARTESIAN_3D
t1: 0
t2: 20
NumPoints: 1090
0 -2 3 1 
0.00839196 -1.61576 2.56787 0.93626 
0.01694 -1.28831 2.21239 0.885945 
0.0253979 -1.01639 1.93135 0.846299 
0.0338078 -0.788011 1.71065 0.813924 
0.0421556 -0.595099 1.54066 0.786764 
0.0504201 -0.431049 1.41349 0.763447 
0.0585708 -0.290484 1.32259 0.743073 
0.0665627 -0.169099 1.26247 0.72507 
0.0743267 -0.0635868 1.22836 0.709108 
0.0817498 0.0282779 1.21586 0.695058 
0.0886161 0.107151 1.22028 0.683012 
0.0952064 0.178647 1.23797 0.672264 
0.102707 0.256391 1.27321 0.660983 
0.110969 0.339173 1.32979 0.64975 
0.119956 0.427745 1.41177 0.639034 
0.129665 0.523876 1.52393 0.629397 
0.140111 0.630308 1.67217 0.621606 
0.15132 0.750847 1.86414 0.616781 
0.163324 0.89054 2.10975 0.616604 
0.176148 1.05592 2.42192 0.623654 
0.189797 1.25527 2.81711 0.641899 
0.204244 1.49871 3.31561 0.677411 
0.219407 1.79814 3.94123 0.739336 
0.235146 2.16668 4.71997 0.841085 
0.251269 2.61796 5.67802 1.0017 
0.267119 3.14884 6.80466 1.23918 
0.28227 3.75223 8.07931 1.57098 
0.296877 4.43785 9.5153 2.02662 
0.311045 5.21473 11.1213 2.64336 
0.324831 6.09008 12.8971 3.46635 
0.338271 7.06838 14.8302 4.54826 
0.351388 8.1504 16.8915 5.9478 
0.364201 9.33207 19.031 7.72664 
0.376733 10.6033 21.1732 9.94444 
0.389013 11.9462 23.2143 12.651 
0.401072 13.3335 25.0191 15.8746 
0.412939 14.7257 26.424 19.6055 
0.424632 16.0691 27.2472 23.7747 
0.436147 17.2961 27.3148 28.2341 
0.44745 18.331 26.503 32.7534 
0.458506 19.1026 24.7811 37.051 
0.469311 19.558 22.2244 40.8565 
0.479733 19.6672 19.052 43.9116 
0.489492 19.4507 15.6244 46.0593 
0.498658 18.9637 12.1886 47.3701 
0.50735 18.2606 8.90351 47.9728 
0.515662 17.3905 5.8717 48.0035 
0.523648 16.3994 3.15827 47.5936 
0.531307 15.3335 0.801528 46.8681 
0.538569 14.244 -1.17682 45.948 
0.545197 13.2028 -2.75326 44.9648 
0.552124 12.0856 -4.16742 43.8405 
0.560003 10.8013 -5.49826 42.4966 
0.568807 9.37555 -6.66578 40.9756 
0.578636 7.82569 -7.62317 39.3187 
0.589688 6.16801 -8.34298 37.5685 
0.602315 4.41498 -8.81393 35.7619 
0.615677 2.74437 -9.02643 34.0929 
0.628824 1.29126 -9.05105 32.6847 
0.641313 0.0808771 -8.97428 31.5398 
0.650983 -0.74942 -8.87807 30.7661 
0.660753 -1.50077 -8.76562 30.0713 
0.671311 -2.22223 -8.63999 29.4059 
0.682877 -2.91582 -8.50912 28.7645 
0.695281 -3.56078 -8.38636 28.1632 
0.708429 -4.1485 -8.28328 27.6088 
0.722274 -4.67783 -8.20924 27.1034 
0.736801 -5.15222 -8.17138 26.6478 
0.752012 -5.57798 -8.17481 26.2427 
0.767926 -5.96314 -8.22282 25.89 
0.784574 -6.31657 -8.31695 25.593 
0.801996 -6.6474 -8.45698 25.357 
0.820235 -6.96441 -8.64061 25.1893 
0.839336 -7.27544 -8.86296 25.0992 
0.859338 -7.58672 -9.11572 25.0972 
0.880269 -7.90194 -9.3861 25.194 
0.902138 -8.22131 -9.65594 25.3985 
0.924935 -8.54054 -9.9012 25.7149 
0.948645 -8.85012 -10.0927 26.1391 
0.973263 -9.13523 -10.1985 26.6555 
0.998829 -9.37626 -10.1875 27.2346 
1.02546 -9.55009 -10.0347 27.8322 
1.05343 -9.63175 -9.72565 28.3909 
1.08197 -9.59973 -9.28324 28.8261 
1.10919 -9.46344 -8.7871 29.071 
1.13416 -9.25939 -8.31293 29.1323 
1.158 -9.01027 -7.88017 29.0458 
1.18143 -8.73226 -7.5025 28.8352 
1.20488 -8.44013 -7.19214 28.5197 
1.22873 -8.14804 -6.95924 28.1164 
1.25337 -7.86999 -6.81266 27.6412 
1.2793 -7.62047 -6.76176 27.1089 
1.3073 -7.41591 -6.8199 26.5328 
1.33571 -7.28818 -6.98831 25.9827 
1.36464 -7.24656 -7.25913 25.4921 
1.39478 -7.29881 -7.6305 25.089 
1.42751 -7.46078 -8.11268 24.8106 
1.45865 -7.70577 -8.61829 24.7285 
1.48893 -8.01299 -9.11839 24.8384 
1.51877 -8.36168 -9.57862 25.136 
1.54734 -8.71384 -9.94567 25.5881 
1.57495 -9.04452 -10.1911 26.1555 
1.60226 -9.33443 -10.2937 26.8025 
1.62976 -9.56093 -10.2334 27.4842 
1.65791 -9.69904 -9.99679 28.1442 
1.68596 -9.72444 -9.60414 28.6932 
1.71374 -9.63334 -9.10251 29.0718 
1.73937 -9.45322 -8.58877 29.2438 
1.7633 -9.2157 -8.10822 29.2426 
1.78648 -8.93938 -7.67652 29.0994 
1.80945 -8.63969 -7.30714 28.8363 
1.8326 -8.3312 -7.01147 28.4722 
1.85627 -8.02803 -6.79886 28.0239 
1.88088 -7.74433 -6.67783 27.5073 
1.90696 -7.49504 -6.65827 26.9364 
1.93486 -7.30112 -6.75288 26.3358 
1.96295 -7.1909 -6.95674 25.7765 
1.99164 -7.1706 -7.26277 25.2853 
2.02171 -7.24855 -7.67162 24.8901 
2.05368 -7.43632 -8.18102 24.6377 
2.08444 -7.70709 -8.71355 24.5858 
2.11453 -8.04058 -9.23814 24.7345 
2.14426 -8.41443 -9.71608 25.0803 
2.17223 -8.78112 -10.0842 25.5753 
2.19938 -9.12332 -10.3238 26.1857 
2.22633 -9.42103 -10.4122 26.875 
2.25353 -9.65016 -10.3277 27.5951 
2.28144 -9.78427 -10.0568 28.2858 
2.30893 -9.79892 -9.62991 28.8463 
2.33621 -9.69334 -9.09412 29.2264 
2.36115 -9.49968 -8.55697 29.3907 
2.38454 -9.24842 -8.05605 29.3791 
2.40726 -8.9579 -7.60676 29.2228 
2.4298 -8.6438 -7.22274 28.9442 
2.45253 -8.32092 -6.91527 28.5626 
2.4758 -8.00355 -6.69342 28.0951 
2.49998 -7.70597 -6.56537 27.5576 
2.5256 -7.44317 -6.54058 26.9642 
2.55314 -7.23509 -6.63229 26.3351 
2.58082 -7.11293 -6.83555 25.7473 
2.609 -7.08235 -7.14235 25.2274 
2.63837 -7.15058 -7.55236 24.8017 
2.6703 -7.3347 -8.07957 24.5078 
2.70105 -7.60882 -8.638 24.4215 
2.73114 -7.95271 -9.19654 24.5454 
2.76087 -8.34377 -9.71522 24.879 
2.78864 -8.73007 -10.1237 25.373 
2.81548 -9.09523 -10.4041 25.9942 
2.84206 -9.41956 -10.5324 26.7074 
2.86882 -9.67859 -10.4841 27.4657 
2.89618 -9.84487 -10.2417 28.2088 
2.9233 -9.89064 -9.82586 28.8368 
2.95007 -9.81115 -9.28554 29.2858 
2.97502 -9.63034 -8.71709 29.5145 
2.99825 -9.38294 -8.17919 29.551 
3.02064 -9.08973 -7.69041 29.4305 
3.04276 -8.7672 -7.26539 29.1776 
3.06497 -8.43064 -6.9162 28.813 
3.08759 -8.09469 -6.65234 28.3549 
3.11098 -7.77369 -6.48174 27.8197 
3.13556 -7.48229 -6.41261 27.222 
3.16202 -7.2367 -6.45684 26.5742 
3.18924 -7.06882 -6.61882 25.9383 
3.21671 -6.99257 -6.88816 25.361 
3.24492 -7.01296 -7.26017 24.8669 
3.27484 -7.14057 -7.74192 24.4842 
3.30586 -7.37954 -8.31148 24.2739 
3.33616 -7.70424 -8.90496 24.2793 
3.36605 -8.09391 -9.48546 24.5074 
3.39431 -8.50216 -9.98295 24.9299 
3.42118 -8.89992 -10.3624 25.5048 
3.44747 -9.26975 -10.6011 26.2005 
3.4737 -9.58898 -10.6715 26.9772 
3.50028 -9.83054 -10.5486 27.7812 
3.52742 -9.96435 -10.2205 28.5393 
3.55385 -9.96739 -9.73161 29.1393 
3.58005 -9.84251 -9.13175 29.5403 
3.60383 -9.62745 -8.5416 29.7085 
3.62624 -9.35174 -7.99168 29.6916 
3.64805 -9.03406 -7.49794 29.5216 
3.66973 -8.69073 -7.07451 29.2222 
3.69159 -8.33708 -6.73259 28.8138 
3.71395 -7.9878 -6.48079 28.3146 
3.73714 -7.65734 -6.32646 27.7405 
3.76164 -7.3606 -6.27775 27.1058 
3.78819 -7.11431 -6.34775 26.4211 
3.81504 -6.95469 -6.53534 25.7665 
3.84214 -6.88969 -6.82953 25.1767 
3.87001 -6.92382 -7.2268 24.6748 
3.89966 -7.06854 -7.73702 24.2891 
3.9304 -7.32768 -8.3371 24.0834 
3.9606 -7.67632 -8.96458 24.103 
3.9905 -8.09328 -9.57964 24.3584 
4.01822 -8.52024 -10.0967 24.8093 
4.04463 -8.93631 -10.4925 25.4172 
4.07052 -9.32415 -10.7428 26.1519 
4.09639 -9.66004 -10.8174 26.9725 
4.12261 -9.91553 -10.6887 27.8231 
4.14925 -10.0585 -10.346 28.6233 
4.17517 -10.0661 -9.83443 29.2597 
4.20087 -9.941 -9.20538 29.6906 
4.22421 -9.72098 -8.584 29.879 
4.24621 -9.43666 -8.00309 29.874 
4.2676 -9.10742 -7.47949 29.7092 
4.28883 -8.75005 -7.02784 29.4094 
4.31022 -8.38022 -6.65955 28.9959 
4.33206 -8.01286 -6.38316 28.4875 
4.35467 -7.66254 -6.20558 27.9007 
4.37847 -7.34401 -6.13407 27.2498 
4.40412 -7.07343 -6.17982 26.5457 
4.43057 -6.8838 -6.34706 25.851 
4.45714 -6.79026 -6.62336 25.2175 
4.48422 -6.79588 -7.00263 24.6672 
4.51262 -6.9084 -7.49034 24.224 
4.54343 -7.14643 -8.10243 23.932 
4.57371 -7.48544 -8.75878 23.8691 
4.60373 -7.90624 -9.42287 24.0522 
4.63173 -8.3526 -10.0071 24.4549 
4.65806 -8.7942 -10.4751 25.0328 
4.68369 -9.21584 -10.8055 25.7571 
4.70914 -9.59542 -10.9663 26.5924 
4.73481 -9.90494 -10.925 27.4875 
4.76103 -10.1124 -10.6578 28.3739 
4.78669 -10.1842 -10.1907 29.1273 
4.81192 -10.1166 -9.57625 29.6844 
4.83562 -9.93094 -8.91505 29.9971 
4.85764 -9.66507 -8.28114 30.0886 
4.87881 -9.34281 -7.69795 29.9996 
4.89963 -8.98239 -7.18217 29.759 
4.92045 -8.60033 -6.74709 29.3903 
4.94155 -8.21215 -6.40244 28.9142 
4.96323 -7.83273 -6.15542 28.349 
4.98582 -7.47668 -6.01216 27.7103 
5.00978 -7.159 -5.9802 27.0109 
5.0359 -6.89681 -6.07334 26.2591 
5.06194 -6.73112 -6.28441 25.5536 
5.08814 -6.6644 -6.60133 24.9188 
5.11496 -6.69938 -7.02093 24.3745 
5.14333 -6.846 -7.55394 23.945 
5.17378 -7.12037 -8.20697 23.6853 
5.20396 -7.49844 -8.90631 23.6671 
5.23402 -7.96032 -9.61033 23.9126 
5.26116 -8.42759 -10.2028 24.371 
5.28688 -8.888 -10.6742 25.0056 
5.31204 -9.32604 -10.9997 25.7896 
5.33713 -9.71772 -11.1438 26.685 
5.36248 -10.0329 -11.0714 27.6368 
5.38839 -10.2373 -10.7586 28.5693 
5.41345 -10.297 -10.245 29.3425 
5.43814 -10.2126 -9.5836 29.9066 
5.4611 -10.0103 -8.88875 30.2124 
5.48253 -9.72756 -8.22523 30.2937 
5.50318 -9.38763 -7.61593 30.1911 
5.52353 -9.00898 -7.07787 29.9338 
5.54391 -8.6084 -6.62419 29.5461 
5.56457 -8.20165 -6.26426 29.0493 
5.58579 -7.80372 -6.0047 28.4617 
5.60789 -7.42924 -5.85096 27.7994 
5.63132 -7.09309 -5.80972 27.0747 
5.65679 -6.8119 -5.89348 26.2953 
5.68242 -6.62622 -6.09755 25.5534 
5.70809 -6.5413 -6.40792 24.8817 
5.73422 -6.55832 -6.81982 24.2981 
5.76158 -6.68448 -7.3414 23.8234 
5.79195 -6.94669 -8.0098 23.4943 
5.82214 -7.32268 -8.74029 23.4095 
5.85234 -7.7956 -9.4955 23.599 
5.87956 -8.28308 -10.1483 24.0222 
5.90509 -8.76826 -10.6842 24.6364 
5.92994 -9.23802 -11.081 25.4172 
5.95462 -9.66977 -11.3019 26.3313 
5.97947 -10.0338 -11.3073 27.3281 
6.0048 -10.2952 -11.0649 28.3362 
6.02958 -10.4142 -10.5928 29.2201 
6.0538 -10.383 -9.94568 29.9024 
6.07698 -10.2151 -9.21286 30.3307 
6.09839 -9.95061 -8.49695 30.5066 
6.11881 -9.61784 -7.82917 30.477 
6.13878 -9.23691 -7.22878 30.276 
6.15864 -8.82558 -6.71087 29.9304 
6.17867 -8.4003 -6.28625 29.4636 
6.19913 -7.97657 -5.96219 28.8959 
6.22027 -7.56924 -5.74377 28.2448 
6.24246 -7.19285 -5.63581 27.5244 
6.26622 -6.86258 -5.64599 26.7447 
6.29151 -6.6045 -5.78391 25.9386 
6.31665 -6.44921 -6.03529 25.1918 
6.34189 -6.39617 -6.38861 24.5236 
6.36773 -6.44675 -6.8432 23.9494 
6.39504 -6.61108 -7.41351 23.491 
6.42516 -6.91588 -8.1307 23.1978 
6.45538 -7.33922 -8.91502 23.165 
6.48162 -7.78711 -9.61347 23.376 
6.50787 -8.29052 -10.2838 23.8254 
6.53287 -8.79807 -10.8448 24.4754 
6.55729 -9.29154 -11.2643 25.3008 
6.58157 -9.74701 -11.5011 26.2682 
6.60603 -10.1334 -11.512 27.3256 
6.63097 -10.4137 -11.2611 28.3983 
6.65523 -10.5452 -10.7689 29.3384 
6.67891 -10.521 -10.0912 30.0699 
6.70162 -10.3538 -9.31929 30.5383 
6.72259 -10.0842 -8.56172 30.7419 
6.74256 -9.74161 -7.85252 30.7297 
6.76208 -9.3471 -7.21221 30.5377 
6.78146 -8.91896 -6.65659 30.1944 
6.80099 -8.47407 -6.19677 29.7242 
6.82088 -8.02825 -5.83993 29.1486 
6.8414 -7.59649 -5.59066 28.4859 
6.86287 -7.1933 -5.4527 27.7507 
6.88572 -6.83333 -5.43177 26.9535 
6.91066 -6.53409 -5.54034 26.1009 
6.93537 -6.34026 -5.76633 25.3041 
6.96001 -6.2505 -6.09481 24.583 
6.98499 -6.26356 -6.52149 23.9507 
7.01097 -6.38461 -7.05507 23.4232 
7.03941 -6.63636 -7.73097 23.0289 
7.06952 -7.02851 -8.52994 22.8582 
7.09631 -7.47352 -9.28404 22.9523 
7.12321 -7.99423 -10.0409 23.3049 
7.14831 -8.52592 -10.6977 23.8784 
7.17252 -9.05481 -11.23 24.6492 
7.19641 -9.56107 -11.5993 25.5924 
7.22033 -10.0165 -11.7586 26.6672 
7.24456 -10.3855 -11.6619 27.8101 
7.26881 -10.6235 -11.2888 28.908 
7.29224 -10.7007 -10.6853 29.8246 
7.31528 -10.6172 -9.91018 30.5053 
7.33669 -10.4004 -9.0942 30.8929 
7.35671 -10.0898 -8.30915 31.0255 
7.37598 -9.71121 -7.58262 30.9488 
7.39493 -9.2848 -6.93425 30.6966 
7.41385 -8.82883 -6.37845 30.2972 
7.43297 -8.36009 -5.92472 29.7751 
7.45251 -7.89435 -5.57874 29.1514 
7.47272 -7.44645 -5.34379 28.4438 
7.49393 -7.03071 -5.22269 27.6661 
7.51661 -6.66156 -5.2209 26.8267 
7.54108 -6.36098 -5.34875 25.9441 
7.56528 -6.16854 -5.59042 25.1235 
7.58936 -6.08105 -5.93118 24.3815 
7.61375 -6.09619 -6.36775 23.7285 
7.63908 -6.21853 -6.90978 23.1781 
7.66667 -6.46952 -7.5927 22.7558 
7.69674 -6.87336 -8.42832 22.5453 
7.7232 -7.32999 -9.21677 22.6101 
7.74989 -7.87073 -10.023 22.9418 
7.77468 -8.42573 -10.7336 23.5054 
7.79853 -8.98291 -11.3259 24.2793 
7.82201 -9.5237 -11.7608 25.2423 
7.84548 -10.0205 -11.9877 26.3579 
7.86922 -10.4375 -11.9549 27.5662 
7.89315 -10.7296 -11.6279 28.7646 
7.91618 -10.8563 -11.0443 29.7918 
7.9387 -10.8155 -10.2643 30.5846 
7.96001 -10.6254 -9.4018 31.082 
7.97981 -10.3275 -8.55781 31.2989 
7.99874 -9.95138 -7.76759 31.2859 
8.01726 -9.51893 -7.05349 31.0812 
8.03566 -9.04934 -6.43194 30.7157 
8.05417 -8.56018 -5.91383 30.2162 
8.07302 -8.06781 -5.50551 29.6059 
8.09241 -7.58747 -5.21009 28.9045 
8.11261 -7.13356 -5.02918 28.1275 
8.134 -6.71996 -4.96529 27.2853 
8.15719 -6.36116 -5.0261 26.3812 
8.18105 -6.09616 -5.21072 25.4896 
8.2046 -5.94001 -5.49868 24.6712 
8.22814 -5.88743 -5.87966 23.936 
8.25211 -5.93698 -6.35534 23.2919 
8.27721 -6.09602 -6.94132 22.7533 
8.30508 -6.3947 -7.68796 22.3489 
8.33537 -6.85535 -8.59556 22.1832 
8.36065 -7.33758 -9.40382 22.2986 
8.38625 -7.90194 -10.2307 22.6798 
8.41033 -8.48347 -10.9671 23.2971 
8.43364 -9.06866 -11.5835 24.1334 
8.45666 -9.63723 -12.0348 25.1683 
8.47971 -10.1598 -12.2654 26.3642 
8.50305 -10.5982 -12.2186 27.6573 
8.52635 -10.9019 -11.8619 28.9249 
8.54877 -11.034 -11.237 30.011 
8.5707 -10.9922 -10.4063 30.8509 
8.59139 -10.7957 -9.49229 31.3799 
8.61064 -10.4867 -8.59689 31.6169 
8.62905 -10.0955 -7.75723 31.614 
8.64706 -9.64449 -6.99693 31.4111 
8.66495 -9.15354 -6.33306 31.041 
8.68293 -8.64068 -5.77664 30.532 
8.7012 -8.12257 -5.33372 29.9086 
8.71997 -7.6147 -5.00676 29.1914 
8.73947 -7.13144 -4.79619 28.3967 
8.76004 -6.68636 -4.70275 27.5356 
8.7822 -6.29293 -4.73105 26.6118 
8.80566 -5.98111 -4.88595 25.6666 
8.82873 -5.78161 -5.14612 24.7932 
8.8516 -5.68744 -5.49718 24.0014 
8.87467 -5.69386 -5.93702 23.2956 
8.89847 -5.80317 -6.4755 22.6842 
8.92399 -6.03126 -7.14332 22.1844 
8.95375 -6.43509 -8.03089 21.8432 
8.98023 -6.91092 -8.90142 21.7979 
9.00704 -7.49225 -9.82774 22.0396 
9.0314 -8.09209 -10.6654 22.5386 
9.0546 -8.70573 -11.4045 23.2744 
9.07728 -9.31965 -12.0093 24.2353 
9.09982 -9.90978 -12.4257 25.3978 
9.1225 -10.4424 -12.5909 26.7165 
9.14552 -10.8744 -12.4445 28.115 
9.16793 -11.1463 -11.9778 29.4183 
9.18956 -11.2383 -11.2457 30.5087 
9.21083 -11.1501 -10.3147 31.3274 
9.23049 -10.9124 -9.34211 31.8066 
9.24891 -10.5666 -8.40201 31.9956 
9.26666 -10.1406 -7.52726 31.9459 
9.28408 -9.6568 -6.74084 31.6969 
9.30143 -9.13501 -6.0587 31.282 
9.3189 -8.59335 -5.49049 30.7301 
9.33668 -8.04855 -5.0408 30.0663 
9.35495 -7.51596 -4.71053 29.3111 
9.37396 -7.00971 -4.49865 28.4805 
9.39401 -6.54281 -4.40442 27.5847 
9.41562 -6.12786 -4.43106 26.6253 
9.43857 -5.79407 -4.58278 25.6404 
9.46106 -5.57496 -4.83671 24.7301 
9.48328 -5.46165 -5.17729 23.9017 
9.5056 -5.44744 -5.60143 23.1563 
9.52846 -5.53226 -6.11722 22.4987 
9.55262 -5.72677 -6.7489 21.9408 
9.57972 -6.06778 -7.55917 21.5126 
9.6105 -6.60508 -8.59752 21.3288 
9.63461 -7.1291 -9.47641 21.4499 
9.65901 -7.7401 -10.3893 21.8444 
9.68207 -8.37617 -11.2266 22.4919 
9.70444 -9.02521 -11.9554 23.3832 
9.72653 -9.66756 -12.5247 24.5052 
9.74863 -10.2738 -12.8699 25.8272 
9.77096 -10.8042 -12.9209 27.2902 
9.79333 -11.2037 -12.6247 28.7726 
9.81476 -11.4213 -12.0094 30.086 
9.83556 -11.4509 -11.1394 31.1485 
9.85561 -11.3004 -10.1165 31.8919 
9.87415 -11.0108 -9.08642 32.2931 
9.89172 -10.6189 -8.10377 32.411 
9.90878 -10.1507 -7.19892 32.2943 
9.9256 -9.62834 -6.39343 31.9823 
9.94239 -9.07155 -5.70136 31.5087 
9.95935 -8.49843 -5.13034 30.9028 
9.97663 -7.92558 -4.68292 30.1898 
9.99442 -7.36811 -4.35812 29.3899 
10.0129 -6.83963 -4.15311 28.5182 
10.0325 -6.3524 -4.06562 27.5832 
10.0536 -5.91783 -4.09775 26.5837 
10.076 -5.56709 -4.25154 25.5626 
10.0979 -5.33275 -4.50227 24.6197 
10.1194 -5.20388 -4.83395 23.7591 
10.141 -5.17204 -5.24315 22.9785 
10.1629 -5.23527 -5.73679 22.2794 
10.1859 -5.40044 -6.33464 21.6696 
10.211 -5.69319 -7.08494 21.168 
10.2413 -6.19583 -8.11766 20.8385 
10.2653 -6.70553 -9.02375 20.8317 
10.2902 -7.32858 -10.0162 21.1028 
10.3132 -7.98161 -10.9469 21.6403 
10.3354 -8.65856 -11.7953 22.4358 
10.357 -9.34532 -12.5179 23.4853 
10.3786 -10.0177 -13.0523 24.7727 
10.4003 -10.6411 -13.3235 26.2584 
10.4222 -11.1693 -13.255 27.8674 
10.4436 -11.5327 -12.8185 29.4071 
10.4641 -11.7036 -12.0638 30.7361 
10.4841 -11.6784 -11.0617 31.7812 
10.503 -11.4761 -9.95702 32.464 
10.5206 -11.141 -8.86487 32.8065 
10.5374 -10.7065 -7.83264 32.8677 
10.5537 -10.1981 -6.88989 32.6955 
10.5699 -9.63774 -6.05692 32.3298 
10.5862 -9.0454 -5.34612 31.8053 
10.6025 -8.43921 -4.76326 31.1522 
10.6193 -7.83571 -4.30897 30.3959 
10.6365 -7.24977 -3.9803 29.5569 
10.6544 -6.69446 -3.77248 28.6495 
10.6733 -6.18113 -3.68131 27.6812 
10.6937 -5.71969 -3.70688 26.6483 
10.7155 -5.33833 -3.8511 25.5839 
10.7367 -5.07589 -4.088 24.6007 
10.7576 -4.9194 -4.39997 23.7004 
10.7783 -4.85808 -4.78214 22.8774 
10.7993 -4.8874 -5.23934 22.1292 
10.821 -5.01001 -5.78612 21.4594 
10.8442 -5.24121 -6.45685 20.8769 
10.8705 -5.62556 -7.32865 20.4123 
10.8965 -6.12945 -8.30253 20.1981 
10.9198 -6.68448 -9.26222 20.2525 
10.9434 -7.33617 -10.2859 20.5844 
10.9656 -8.02399 -11.2617 21.1861 
10.987 -8.74015 -12.16 22.0579 
11.0081 -9.46884 -12.9297 23.199 
11.0291 -10.1845 -13.5013 24.5952 
11.0502 -10.8503 -13.7917 26.2064 
11.0717 -11.4168 -13.7152 27.9528 
11.0923 -11.8061 -13.2461 29.6097 
11.1121 -11.9947 -12.4373 31.0442 
11.1315 -11.9785 -11.3626 32.1794 
11.1496 -11.7763 -10.1761 32.9308 
11.1666 -11.4326 -8.99892 33.3212 
11.1828 -10.9825 -7.88317 33.4127 
11.1986 -10.4526 -6.86116 33.2562 
11.2142 -9.8658 -5.95478 32.8951 
11.2297 -9.24287 -5.17714 32.367 
11.2454 -8.60264 -4.53408 31.7046 
11.2614 -7.96221 -4.02565 30.9358 
11.2777 -7.33679 -3.64774 30.083 
11.2947 -6.73955 -3.39376 29.1626 
11.3125 -6.18145 -3.25675 28.1837 
11.3315 -5.67125 -3.23233 27.1453 
11.3525 -5.21556 -3.32475 26.0269 
11.3733 -4.87775 -3.51562 24.9707 
11.3935 -4.65238 -3.77999 24.0013 
11.4134 -4.52445 -4.10726 23.11 
11.4334 -4.48454 -4.49704 22.2894 
11.4536 -4.52943 -4.957 21.5365 
11.4746 -4.66284 -5.50392 20.8538 
11.4971 -4.90111 -6.17495 20.2477 
11.5227 -5.28841 -7.04812 19.7451 
11.548 -5.79576 -8.03712 19.4781 
11.5709 -6.35859 -9.02956 19.4759 
11.5941 -7.02565 -10.11 19.7482 
11.6159 -7.73517 -11.162 20.2957 
11.6368 -8.48245 -12.1604 21.1235 
11.6574 -9.25462 -13.0568 22.2387 
11.6778 -10.0294 -13.7819 23.6377 
11.6983 -10.7736 -14.2491 25.295 
11.719 -11.4407 -14.3618 27.1482 
11.7393 -11.9539 -14.0521 29.0109 
11.7587 -12.2652 -13.3462 30.6945 
11.7774 -12.3635 -12.3139 32.0966 
11.7956 -12.251 -11.0623 33.1351 
11.8124 -11.9656 -9.7721 33.7589 
11.8282 -11.5497 -8.52217 34.0322 
11.8435 -11.0346 -7.35566 34.0155 
11.8585 -10.4459 -6.30168 33.7594 
11.8734 -9.80633 -5.37879 33.3078 
11.8883 -9.13647 -4.59663 32.6991 
11.9033 -8.45503 -3.9576 31.9667 
11.9186 -7.77879 -3.45849 31.1382 
11.9343 -7.12235 -3.09213 30.2356 
11.9506 -6.49781 -2.84913 29.2741 
11.9676 -5.91449 -2.72004 28.2606 
11.9858 -5.37871 -2.69836 27.1903 
12.0061 -4.89301 -2.78672 26.0342 
12.0262 -4.52639 -2.96534 24.9436 
12.0456 -4.2724 -3.2085 23.9421 
12.0646 -4.11375 -3.50492 23.0178 
12.0835 -4.03889 -3.8529 22.16 
12.1027 -4.04208 -4.25763 21.3622 
12.1223 -4.12319 -4.73106 20.6227 
12.1429 -4.28981 -5.29695 19.9419 
12.1653 -4.56308 -5.99905 19.329 
12.1913 -5.0026 -6.94359 18.8096 
12.2142 -5.49682 -7.89061 18.5606 
12.2364 -6.07931 -8.92152 18.5421 
12.2588 -6.76453 -10.0508 18.7913 
12.2799 -7.50021 -11.1756 19.3176 
12.3003 -8.28293 -12.2704 20.1334 
12.3202 -9.10143 -13.2864 21.2532 
12.34 -9.93563 -14.1533 22.6829 
12.3598 -10.7549 -14.7805 24.4089 
12.3797 -11.5152 -15.0619 26.3831 
12.3995 -12.142 -14.9008 28.4485 
12.4183 -12.5681 -14.2921 30.3798 
12.4364 -12.7741 -13.2969 32.0494 
12.4541 -12.7542 -11.9989 33.372 
12.4706 -12.5312 -10.5928 34.2453 
12.4861 -12.1519 -9.19858 34.7134 
12.5008 -11.6528 -7.87566 34.8448 
12.5152 -11.063 -6.66191 34.6982 
12.5294 -10.4074 -5.58212 34.3245 
12.5435 -9.7087 -4.65033 33.7688 
12.5576 -8.98726 -3.87175 33.0703 
12.5719 -8.2616 -3.24453 32.2626 
12.5864 -7.54804 -2.76148 31.3735 
12.6013 -6.86025 -2.41174 30.424 
12.6167 -6.20881 -2.18264 29.428 
12.6327 -5.60067 -2.06181 28.3898 
12.6499 -5.0387 -2.04019 27.3001 
12.6692 -4.51937 -2.11814 26.1194 
12.6883 -4.11401 -2.2774 24.9947 
12.7068 -3.82174 -2.4912 23.9618 
12.7249 -3.62305 -2.74704 23.0064 
12.7428 -3.50389 -3.0415 22.1146 
12.7607 -3.45578 -3.37703 21.277 
12.7789 -3.47497 -3.76096 20.4877 
12.7977 -3.56238 -4.20626 19.7442 
12.8174 -3.72606 -4.73759 19.0437 
12.8389 -3.98547 -5.39586 18.3922 
12.8635 -4.39138 -6.27513 17.8037 
12.8862 -4.86918 -7.21034 17.4458 
12.9081 -5.43333 -8.24164 17.3021 
12.9302 -6.10931 -9.40782 17.4049 
12.951 -6.84313 -10.6024 17.777 
12.971 -7.63659 -11.8115 18.4345 
12.9905 -8.48386 -12.9974 19.401 
13.0096 -9.37126 -14.0998 20.6974 
13.0286 -10.2763 -15.0363 22.3327 
13.0477 -11.1652 -15.7018 24.2933 
13.0669 -11.9888 -15.974 26.5248 
13.0854 -12.6528 -15.754 28.8005 
13.1032 -13.1051 -15.0491 30.9227 
13.1203 -13.3254 -13.9241 32.7582 
13.1371 -13.3063 -12.4698 34.2145 
13.1526 -13.0725 -10.9079 35.1768 
13.1672 -12.6723 -9.35952 35.702 
13.1811 -12.1435 -7.88941 35.8639 
13.1946 -11.5166 -6.53951 35.7266 
13.2079 -10.8183 -5.33681 35.3469 
13.2211 -10.0724 -4.29617 34.775 
13.2344 -9.30073 -3.42258 34.0553 
13.2476 -8.52307 -2.71311 33.2259 
13.261 -7.75694 -2.15871 32.3189 
13.2746 -7.01711 -1.74598 31.3598 
13.2885 -6.3149 -1.45886 30.3669 
13.3027 -5.65736 -1.28059 29.3496 
13.3176 -5.04647 -1.19599 28.3061 
13.3335 -4.47773 -1.19457 27.2156 
13.3519 -3.9319 -1.2786 26.0045 
13.3699 -3.50663 -1.42492 24.8739 
13.3872 -3.19022 -1.60935 23.8369 
13.4041 -2.96141 -1.82073 22.8754 
13.4207 -2.80486 -2.05523 21.9741 
13.4373 -2.71034 -2.31343 21.1217 
13.454 -2.67156 -2.5992 20.3099 
13.471 -2.68557 -2.91958 19.5329 
13.4885 -2.7528 -3.28544 18.7867 
13.5068 -2.87871 -3.71606 18.0649 
13.5265 -3.07592 -4.24078 17.367 
13.5485 -3.37227 -4.91514 16.6948 
13.5757 -3.86087 -5.9133 16.0382 
13.5973 -4.35207 -6.85217 15.6899 
13.6199 -4.97294 -7.98737 15.5307 
13.6407 -5.65333 -9.18297 15.6154 
13.6605 -6.40408 -10.4491 15.9542 
13.6797 -7.22774 -11.7708 16.5751 
13.6984 -8.11994 -13.1116 17.5117 
13.7167 -9.06981 -14.4137 18.7964 
13.7348 -10.0588 -15.596 20.4538 
13.7529 -11.0582 -16.5521 22.4906 
13.771 -12.0253 -17.1504 24.8804 
13.7887 -12.8741 -17.2491 27.4557 
13.8057 -13.5285 -16.7945 29.9864 
13.822 -13.951 -15.8177 32.2988 
13.8378 -14.1226 -14.3988 34.2589 
13.853 -14.0415 -12.6896 35.7425 
13.8671 -13.7448 -10.9036 36.6961 
13.8804 -13.2794 -9.15417 37.1904 
13.8932 -12.6827 -7.50737 37.3033 
13.9056 -11.9863 -6.00611 37.1052 
13.9179 -11.2181 -4.67672 36.6591 
13.93 -10.4035 -3.53225 36.0214 
13.942 -9.56601 -2.57504 35.2422 
13.9541 -8.72722 -1.79897 34.3653 
13.9661 -7.90686 -1.19137 33.4284 
13.978 -7.12235 -0.734793 32.4635 
13.9899 -6.3883 -0.408709 31.4973 
14.0016 -5.71599 -0.191089 30.5517 
14.013 -5.11321 -0.0599696 29.6447 
14.0239 -4.58481 0.00528602 28.7922 
14.0342 -4.13551 0.0233557 28.0134 
14.0434 -3.7679 0.0112923 27.3291 
14.0537 -3.39999 -0.0268321 26.5895 
14.0643 -3.06521 -0.08667 25.8538 
14.0745 -2.7789 -0.15978 25.1612 
14.0855 -2.51191 -0.249957 24.4428 
14.097 -2.27125 -0.354424 23.7107 
14.1091 -2.06018 -0.470849 22.9709 
14.1216 -1.8801 -0.597547 22.2269 
14.1347 -1.73138 -0.733654 21.4807 
14.1483 -1.61387 -0.879256 20.7331 
14.1625 -1.52727 -1.03554 19.9846 
14.1772 -1.47164 -1.20407 19.2387 
14.1922 -1.44716 -1.3831 18.5159 
14.2074 -1.45203 -1.57747 17.8108 
14.2231 -1.48612 -1.79356 17.119 
14.2395 -1.55163 -2.04164 16.4326 
14.2569 -1.65384 -2.33611 15.7454 
14.2758 -1.80286 -2.69965 15.0518 
14.2971 -2.02027 -3.17644 14.3392 
14.3238 -2.37786 -3.90662 13.5529 
14.3452 -2.74246 -4.62205 13.0267 
14.3675 -3.20684 -5.51315 12.6014 
14.3882 -3.73013 -6.50065 12.3443 
14.4079 -4.32703 -7.60984 12.2573 
14.427 -5.00726 -8.85141 12.3636 
14.4456 -5.77646 -10.2229 12.6978 
14.4637 -6.63661 -11.7079 13.3016 
14.4813 -7.58543 -13.2734 14.2214 
14.4986 -8.61553 -14.8665 15.5046 
14.5155 -9.71312 -16.4104 17.1953 
14.5322 -10.856 -17.8004 19.3266 
14.5488 -12.0103 -18.9005 21.9084 
14.5651 -13.0997 -19.5345 24.8311 
14.5807 -14.0426 -19.5743 27.8998 
14.5958 -14.7808 -18.9733 30.9191 
14.6103 -15.2708 -17.7578 33.6932 
14.6244 -15.4864 -16.0152 36.0599 
14.6379 -15.4227 -13.9364 37.859 
14.6505 -15.1173 -11.7583 39.0413 
14.6623 -14.6196 -9.6181 39.6836 
14.6737 -13.971 -7.59916 39.8771 
14.6847 -13.2071 -5.75499 39.7071 
14.6955 -12.36 -4.11815 39.252 
14.7061 -11.4594 -2.70475 38.5832 
14.7165 -10.534 -1.51799 37.7652 
14.7266 -9.6121 -0.551254 36.8573 
14.7365 -8.7243 0.208889 35.9159 
14.7457 -7.90888 0.77837 35.0031 
14.7546 -7.15002 1.20923 34.1163 
14.7649 -6.31597 1.58239 33.1007 
14.7764 -5.43953 1.87038 31.984 
14.7893 -4.54258 2.06296 30.779 
14.8038 -3.64016 2.15976 29.4842 
14.8203 -2.75804 2.16703 28.1063 
14.836 -2.04494 2.11504 26.8734 
14.8507 -1.48062 2.04192 25.7866 
14.8646 -1.03078 1.96806 24.8194 
14.8776 -0.66842 1.90333 23.9506 
14.8899 -0.373943 1.85219 23.1661 
14.9014 -0.13323 1.81614 22.4582 
14.9111 0.0444911 1.79646 21.8889 
14.9207 0.204841 1.78704 21.3361 
14.9296 0.339304 1.78798 20.8409 
14.9395 0.476859 1.80043 20.303 
14.9503 0.613302 1.82791 19.7387 
14.9618 0.747625 1.87374 19.1569 
14.974 0.880499 1.94131 18.5634 
14.9868 1.01376 2.03434 17.9626 
15.0003 1.15019 2.15714 17.3581 
15.0144 1.29339 2.3149 16.7531 
15.0293 1.44788 2.514 16.1514 
15.0448 1.61907 2.76238 15.5576 
15.061 1.81344 3.06984 14.9779 
15.078 2.03859 3.44824 14.4206 
15.0955 2.30315 3.91139 13.8975 
15.1137 2.61661 4.47447 13.424 
15.1322 2.98883 5.15299 13.02 
15.151 3.42942 5.96117 12.71 
15.1699 3.94715 6.91018 12.5227 
15.1887 4.54937 8.00612 12.4909 
15.2073 5.24145 9.24781 12.6523 
15.2255 6.02618 10.6241 13.0484 
15.2434 6.90313 12.1109 13.7247 
15.2609 7.86774 13.6678 14.7286 
15.2781 8.91036 15.2341 16.1069 
15.295 10.0147 16.7253 17.9008 
15.3118 11.1553 18.0282 20.1374 
15.3285 12.2941 18.9984 22.8158 
15.3447 13.3392 19.4571 25.7729 
15.3602 14.2185 19.3042 28.8163 
15.3752 14.8783 18.5168 31.7479 
15.3897 15.2808 17.1428 34.3809 
15.4039 15.4057 15.2825 36.5699 
15.4171 15.2595 13.1772 38.1511 
15.4295 14.8894 11.0255 39.14 
15.4413 14.3422 8.94172 39.623 
15.4526 13.657 6.99721 39.689 
15.4637 12.8678 5.23764 39.4201 
15.4744 12.0055 3.68958 38.8914 
15.485 11.0991 2.36456 38.1713 
15.4955 10.1766 1.26228 37.3212 
15.5057 9.26615 0.373556 36.398 
15.5155 8.39832 -0.316673 35.4566 
15.5247 7.61376 -0.824658 34.5612 
15.5339 6.85007 -1.22366 33.6517 
15.5445 6.02159 -1.55893 32.622 
15.5563 5.15836 -1.80845 31.4961 
15.5696 4.28056 -1.96502 30.2834 
15.5847 3.39943 -2.03003 28.9747 
15.6011 2.58208 -2.01311 27.644 
15.6166 1.92651 -1.95011 26.457 
15.6311 1.40721 -1.87294 25.4056 
15.6448 0.992226 -1.79805 24.4648 
15.6578 0.657177 -1.73335 23.6153 
15.67 0.384326 -1.68233 22.8447 
15.6816 0.160772 -1.64605 22.1459 
15.6924 -0.0226441 -1.62407 21.5171 
15.701 -0.155011 -1.61533 21.0273 
15.7097 -0.276605 -1.61493 20.5482 
15.7194 -0.400159 -1.62461 20.0311 
15.7299 -0.523544 -1.64761 19.4845 
15.7412 -0.645404 -1.68697 18.9182 
15.7531 -0.766086 -1.74574 18.3384 
15.7658 -0.88707 -1.82729 17.7493 
15.7791 -1.01072 -1.93547 17.1546 
15.793 -1.1402 -2.07492 16.5573 
15.8077 -1.27948 -2.25136 15.9608 
15.823 -1.43338 -2.47193 15.369 
15.8391 -1.6077 -2.74554 14.7871 
15.8558 -1.80933 -3.08304 14.2223 
15.8733 -2.04619 -3.49736 13.6845 
15.8913 -2.32715 -4.00309 13.1868 
15.9097 -2.66168 -4.61574 12.7465 
15.9285 -3.05937 -5.35054 12.3848 
15.9474 -3.5294 -6.22094 12.127 
15.9663 -4.08004 -7.2369 12.0026 
15.985 -4.71813 -8.40289 12.0459 
16.0034 -5.4485 -9.71541 12.2956 
16.0214 -6.27322 -11.16 12.7953 
16.039 -7.19087 -12.708 13.5922 
16.0563 -8.19563 -14.313 14.7356 
16.0732 -9.27613 -15.9066 16.2726 
16.0899 -10.4137 -17.3945 18.2432 
16.1064 -11.5795 -18.6522 20.6696 
16.1228 -12.7208 -19.5172 23.5137 
16.1386 -13.7425 -19.8232 26.5795 
16.1538 -14.5829 -19.4934 29.6832 
16.1684 -15.191 -18.5218 32.6237 
16.1826 -15.5324 -16.9721 35.2183 
16.1963 -15.5903 -14.9664 37.3212 
16.2092 -15.3827 -12.7774 38.7838 
16.2212 -14.9606 -10.577 39.6609 
16.2327 -14.3691 -8.46772 40.0445 
16.2437 -13.6463 -6.51521 40.0242 
16.2545 -12.826 -4.761 39.6826 
16.2651 -11.939 -3.22815 39.0952 
16.2754 -11.0147 -1.92521 38.3307 
16.2856 -10.0821 -0.849482 37.4516 
16.2954 -9.17144 0.00979631 36.5166 
16.3038 -8.4131 0.601061 35.6921 
16.3121 -7.67065 1.08262 34.8497 
16.3217 -6.8485 1.51399 33.8793 
16.3326 -5.96819 1.86746 32.7957 
16.3447 -5.05503 2.12541 31.6177 
16.3584 -4.12857 2.28274 30.3535 
16.3739 -3.19831 2.3429 28.9897 
16.39 -2.37573 2.32115 27.6702 
16.4052 -1.71842 2.25888 26.503 
16.4194 -1.19659 2.18639 25.4729 
16.4328 -0.778487 2.11894 24.555 
16.4453 -0.44029 2.06369 23.7315 
16.4571 -0.164905 2.02353 22.9919 
16.4669 0.0381467 2.00073 22.3978 
16.4767 0.220847 1.98883 21.8222 
16.4856 0.371046 1.9882 21.3164 
16.4955 0.524761 1.99955 20.7667 
16.5063 0.676978 2.02681 20.1902 
16.5178 0.82637 2.07363 19.5965 
16.53 0.973543 2.14371 18.992 
16.5429 1.12043 2.24108 18.3811 
16.5564 1.26999 2.37031 17.7677 
16.5705 1.42613 2.53687 17.1554 
16.5854 1.59364 2.74745 16.5482 
16.6009 1.77834 3.01032 15.9512 
16.6171 1.98709 3.33561 15.3709 
16.634 2.22791 3.73553 14.8165 
16.6516 2.5099 4.22416 14.3008 
16.6697 2.84292 4.81679 13.8405 
16.6882 3.2371 5.5286 13.4575 
16.707 3.70207 6.37284 13.1781 
16.7258 4.24624 7.35868 13.0333 
16.7446 4.87621 8.48912 13.0583 
16.7631 5.5962 9.75863 13.2924 
16.7813 6.40747 11.1505 13.7782 
16.7992 7.3077 12.634 14.5612 
16.8167 8.29011 14.1608 15.6874 
16.834 9.34223 15.6614 17.2 
16.851 10.4441 17.0409 19.1333 
16.8679 11.5653 18.1755 21.5023 
16.8848 12.6558 18.9087 24.2719 
16.901 13.6126 19.0802 27.2194 
16.9166 14.3759 18.6329 30.1545 
16.9316 14.9009 17.5813 32.8847 
16.9461 15.1599 16.0019 35.246 
16.9601 15.1432 14.0462 37.0931 
16.9732 14.8805 11.9627 38.3341 
16.9854 14.4219 9.89705 39.0363 
16.9972 13.8094 7.93575 39.2885 
17.0085 13.0787 6.13436 39.174 
17.0197 12.2613 4.52743 38.769 
17.0306 11.3863 3.13304 38.1426 
17.0413 10.4814 1.95625 37.3574 
17.0519 9.57316 0.991942 36.4696 
17.0623 8.68849 0.227476 35.5313 
17.0723 7.85696 -0.354547 34.5938 
17.0814 7.11969 -0.771593 33.7215 
17.091 6.37956 -1.10466 32.8068 
17.102 5.58794 -1.37287 31.782 
17.1143 4.77172 -1.56025 30.6664 
17.1281 3.94781 -1.66274 29.4632 
17.144 3.11889 -1.6822 28.1453 
17.1602 2.4048 -1.63465 26.8845 
17.1754 1.83782 -1.55672 25.7605 
17.1899 1.38813 -1.47187 24.7551 
17.2035 1.02796 -1.39177 23.8458 
17.2166 0.736709 -1.32201 23.0159 
17.229 0.499231 -1.26501 22.2546 
17.2409 0.30421 -1.22147 21.5549 
17.2522 0.143175 -1.19102 20.913 
17.2628 0.00993706 -1.17267 20.3289 
17.2711 -0.0844904 -1.16545 19.8815 
17.2796 -0.172022 -1.16472 19.4397 
17.2888 -0.25937 -1.1715 18.9717 
17.2989 -0.347769 -1.18814 18.4709 
17.3098 -0.435857 -1.21693 17.9475 
17.3214 -0.523695 -1.26013 17.4076 
17.3336 -0.612224 -1.32022 16.8555 
17.3466 -0.703077 -1.40009 16.2942 
17.3602 -0.7985 -1.5032 15.7266 
17.3746 -0.901363 -1.63391 15.155 
17.3897 -1.01522 -1.79766 14.5825 
17.4055 -1.14441 -2.00136 14.0127 
17.422 -1.29414 -2.2536 13.4505 
17.4392 -1.47058 -2.56483 12.9027 
17.4571 -1.6808 -2.94737 12.3785 
17.4754 -1.93271 -3.41511 11.8896 
17.4942 -2.23479 -3.98302 11.4505 
17.5131 -2.5959 -4.6665 11.0789 
17.5322 -3.02505 -5.48052 10.7953 
17.5511 -3.53107 -6.43851 10.6243 
17.5698 -4.12221 -7.55059 10.5953 
17.5881 -4.80541 -8.82107 10.7436 
17.6062 -5.58552 -10.2454 11.1104 
17.6237 -6.46443 -11.8068 11.7426 
17.6409 -7.44024 -13.4725 12.6918 
17.6577 -8.50629 -15.19 14.0112 
17.6741 -9.64997 -16.8827 15.7519 
17.6902 -10.8507 -18.4453 17.9561 
17.7062 -12.077 -19.7391 20.6456 
17.7217 -13.2457 -20.5729 23.7001 
17.7367 -14.2889 -20.812 26.9689 
17.7512 -15.1451 -20.3793 30.2646 
17.7651 -15.761 -19.2702 33.3756 
17.7787 -16.1009 -17.5542 36.1098 
17.7918 -16.1474 -15.3783 38.3024 
17.8041 -15.9226 -13.0215 39.8212 
17.8156 -15.4776 -10.6606 40.7268 
17.8265 -14.8587 -8.40309 41.1159 
17.837 -14.105 -6.31767 41.0839 
17.8473 -13.2516 -4.44758 40.7194 
17.8573 -12.3313 -2.81653 40.1037 
17.8671 -11.3756 -1.43308 39.3114 
17.8767 -10.417 -0.294526 38.4117 
17.8858 -9.49222 0.608816 37.4726 
17.8941 -8.65433 1.28535 36.5755 
17.9031 -7.77663 1.86659 35.5974 
17.9133 -6.81594 2.36922 34.4867 
17.9247 -5.80128 2.76389 33.2695 
17.9375 -4.75521 3.03866 31.962 
17.9519 -3.69587 3.19343 30.5693 
17.968 -2.66617 3.23722 29.1231 
17.9834 -1.8256 3.2053 27.8431 
17.9978 -1.15779 3.14539 26.7329 
18.0111 -0.625789 3.08387 25.7653 
18.0234 -0.199112 3.03323 24.918 
18.0333 0.105255 3.0019 24.2646 
18.0433 0.379632 2.98208 23.6339 
18.0527 0.612594 2.97597 23.063 
18.0631 0.846727 2.98503 22.4535 
18.0744 1.07523 3.01489 21.8232 
18.0863 1.2963 3.07082 21.1824 
18.0989 1.51098 3.15803 20.5379 
18.1121 1.72213 3.28196 19.8951 
18.1259 1.93405 3.44859 19.2588 
18.1403 2.15224 3.66482 18.6338 
18.1554 2.38328 3.93879 18.026 
18.1712 2.63493 4.28022 17.4432 
18.1876 2.91607 4.70054 16.8957 
18.2047 3.23669 5.21279 16.3977 
18.2224 3.60752 5.83075 15.9683 
18.2406 4.03937 6.56734 15.6325 
18.2592 4.54211 7.43202 15.4209 
18.278 5.12342 8.42782 15.3693 
18.2968 5.78786 9.54845 15.517 
18.3155 6.53624 10.776 15.905 
18.334 7.36529 12.0788 16.5744 
18.3523 8.26708 13.4091 17.5648 
18.3704 9.22807 14.7005 18.9107 
18.3883 10.2273 15.8641 20.6363 
18.4062 11.2336 16.7866 22.7457 
18.4243 12.2013 17.33 25.2063 
18.4418 13.035 17.3541 27.816 
18.4585 13.667 16.82 30.3562 
18.4747 14.0623 15.7665 32.6565 
18.4903 14.2036 14.2786 34.5867 
18.5052 14.093 12.5297 36.017 
18.5191 13.7715 10.7211 36.9196 
18.5322 13.2851 8.9594 37.3688 
18.5449 12.6707 7.30811 37.4423 
18.5572 11.9593 5.80828 37.2104 
18.5693 11.1787 4.48468 36.736 
18.5813 10.3544 3.349 36.0756 
18.5932 9.50979 2.40237 35.2793 
18.6052 8.66667 1.63762 34.3908 
18.617 7.84488 1.04119 33.448 
18.6288 7.06208 0.594916 32.4833 
18.6404 6.33343 0.277668 31.5244 
18.6518 5.67141 0.0669747 30.5958 
18.6626 5.08687 -0.0595201 29.7215 
18.6726 4.5943 -0.123005 28.9359 
18.6828 4.13876 -0.146016 28.1593 
18.6947 3.65863 -0.131495 27.2735 
18.7072 3.21544 -0.0798897 26.3734 
18.7181 2.87639 -0.0125147 25.6113 
18.7276 2.61928 0.0573355 24.9752 
18.7372 2.38784 0.136731 24.3446 
18.7473 2.17615 0.226266 23.7025 
18.7583 1.97918 0.328528 23.0263 
18.7699 1.80402 0.441019 22.3306 
18.7822 1.6539 0.562242 21.6229 
18.795 1.53029 0.691596 20.9076 
18.8084 1.43371 0.829429 20.1869 
18.8225 1.36436 0.977147 19.4619 
18.8371 1.32278 1.13579 18.7399 
18.8519 1.30885 1.30468 18.0378 
18.867 1.32138 1.48873 17.3503 
18.8827 1.36073 1.69437 16.6732 
18.8992 1.42972 1.93252 15.9968 
18.9168 1.53401 2.21747 15.3164 
18.9359 1.68457 2.57325 14.6247 
18.9578 1.90584 3.04939 13.9046 
18.9833 2.23978 3.72601 13.1635 
19.0047 2.59409 4.42048 12.6366 
19.0266 3.03781 5.27395 12.2096 
19.0471 3.54177 6.22975 11.9369 
19.0668 4.11953 7.31124 11.8233 
19.0859 4.78079 8.52997 11.8921 
19.1045 5.53183 9.88598 12.1773 
19.1225 6.3756 11.3665 12.7205 
19.1402 7.31104 12.943 13.5685 
19.1574 8.33231 14.5678 14.7703 
19.1742 9.42763 16.1703 16.3733 
19.1908 10.5775 17.6528 18.4163 
19.2073 11.7517 18.8861 20.9192 
19.2235 12.8875 19.6997 23.8161 
19.2391 13.8972 19.9403 26.9185 
19.2541 14.7197 19.537 30.039 
19.2686 15.3049 18.4909 32.9752 
19.2827 15.6201 16.872 35.5468 
19.2963 15.6503 14.8207 37.6012 
19.3089 15.4189 12.6047 39.0136 
19.3209 14.9767 10.3895 39.8454 
19.3322 14.3683 8.27415 40.1893 
19.3432 13.6314 6.32208 40.135 
19.3538 12.7995 4.57317 39.7652 
19.3643 11.9037 3.04909 39.1555 
19.3746 10.9734 1.75721 38.3748 
19.3846 10.0382 0.693966 37.4857 
19.3944 9.12907 -0.151936 36.548 
19.4036 8.28454 -0.79511 35.6253 
19.4122 7.51473 -1.2752 34.7467 
19.4222 6.65922 -1.70145 33.7311 
19.4334 5.75267 -2.04065 32.6085 
19.4459 4.81831 -2.27926 31.3947 
19.46 3.87408 -2.41498 30.0944 
19.4763 2.92435 -2.4532 28.6832 
19.4922 2.13814 -2.41725 27.4006 
19.507 1.51441 -2.35121 26.2745 
19.5209 1.01816 -2.2807 25.2802 
19.5339 0.619387 -2.21825 24.3941 
19.5461 0.296218 -2.16953 23.6007 
19.5575 0.0332112 -2.1365 22.8921 
19.5664 -0.150327 -2.12055 22.3578 
19.5753 -0.319209 -2.11413 21.8331 
19.5849 -0.482456 -2.11871 21.2934 
19.5953 -0.645803 -2.13791 20.7201 
19.6066 -0.806207 -2.17568 20.126 
19.6185 -0.963416 -2.2359 19.519 
19.6311 -1.11884 -2.32257 18.9044 
19.6443 -1.27511 -2.44017 18.2864 
19.6582 -1.43584 -2.5939 17.6688 
19.6727 -1.60563 -2.79004 17.0556 
19.6879 -1.79003 -3.03628 16.4515 
19.7038 -1.99566 -3.34208 15.8625 
19.7204 -2.23029 -3.71889 15.297 
19.7376 -2.5028 -4.18016 14.7667 
19.7555 -2.823 -4.7408 14.2871 
19.7738 -3.20115 -5.41608 13.8788 
19.7925 -3.64723 -6.21982 13.5672 
19.8113 -4.17013 -7.16219 13.3828 
19.8301 -4.77691 -8.24747 13.3601 
19.8488 -5.47226 -9.47175 13.5375 
19.8671 -6.25796 -10.8205 13.9571 
19.8852 -7.13229 -12.2657 14.663 
19.9029 -8.08926 -13.7629 15.7006 
19.9203 -9.11751 -15.2474 17.113 
19.9374 -10.1986 -16.6302 18.9353 
19.9545 -11.3044 -17.7948 21.186 
19.9715 -12.3928 -18.5944 23.851 
19.9881 -13.365 -18.8608 26.7347 
20 -13.9755 -18.664 28.9177 
