PARAMETRIC_CURVE_CARTESIAN_3D
gravity_example_3d_body2
t1: 0
t2: 100
NumPoints: 40
0 50 -100 50 
2.5641 49.9881 -99.9841 52.4389 
5.12821 49.865 -99.8178 58.2089 
7.69231 49.3544 -99.1154 67.921 
10.2564 48.0009 -97.1995 81.4121 
12.8205 45.3322 -93.2708 97.6383 
15.3846 40.9487 -86.4783 115.497 
17.9487 34.5509 -75.8867 133.869 
20.5128 25.7904 -60.04 151.754 
23.0769 18.1944 -44.8164 162.956 
25.641 11.1483 -29.0566 170.471 
28.2051 4.91728 -13.2005 174.809 
30.7692 -0.376342 2.59455 176.419 
33.3333 -4.17342 16.3733 175.817 
35.8974 -7.33403 31.4774 173.086 
38.4615 -9.3382 47.6626 167.71 
41.0256 -9.66973 60.3471 161.584 
43.5897 -8.60009 72.9603 153.581 
46.1538 -6.0989 84.0893 144.597 
48.7179 -1.88467 94.4441 134.112 
51.2821 4.53924 103.977 121.816 
53.8462 13.5736 112.095 107.899 
56.4103 23.5902 117.433 95.0236 
58.9744 36.5313 121.031 80.9186 
61.5385 53.409 122.2 65.5144 
64.1026 69.946 120.723 52.8964 
66.6667 85.3571 117.629 42.9314 
69.2308 104.235 112.074 32.7582 
71.7949 125.493 103.931 23.7018 
74.359 147.788 93.609 16.7274 
76.9231 171.007 81.2004 12.0956 
79.4872 195.031 66.7872 10.115 
82.0513 219.834 50.3768 11.1708 
84.6154 245.918 31.5444 15.9485 
87.1795 274.142 9.40041 25.9549 
89.7436 299.985 -12.5076 40.5151 
92.3077 322.03 -32.5065 58.325 
94.8718 342.298 -52.0902 81.0284 
97.4359 361.121 -71.5164 111.195 
100 375.666 -87.6378 147.593 
