PARAMETRIC_CURVE_CARTESIAN_3D
gravity_example_3d_body1
t1: 0
t2: 100
NumPoints: 40
0 -100 100 50 
2.5641 -98.37 99.9947 50 
5.12821 -94.4807 99.9393 50.0008 
7.69231 -87.8196 99.7051 50.009 
10.2564 -78.291 99.0665 50.0506 
12.8205 -66.3061 97.7569 50.1895 
15.3846 -52.2285 95.4928 50.545 
17.9487 -36.302 91.9622 51.3179 
20.5128 -18.3336 86.68 52.8802 
23.0769 -4.51218 81.6055 54.7911 
25.641 7.62019 76.3522 57.1779 
28.2051 18.2502 71.0668 60.0084 
30.7692 27.6412 65.8018 63.2848 
33.3333 35.0423 61.2089 66.5533 
35.8974 42.4426 56.1742 70.637 
38.4615 49.6613 50.7791 75.7044 
41.0256 54.8699 46.551 80.2953 
43.5897 59.7073 42.3466 85.5601 
46.1538 63.7321 38.6369 90.984 
48.7179 67.3178 35.1853 96.9742 
51.2821 70.5528 32.0078 103.761 
53.8462 73.3863 29.3017 111.322 
56.4103 75.4837 27.5225 118.332 
58.9744 77.4068 26.3229 126.152 
61.5385 79.2659 25.9332 135.03 
64.1026 80.7705 26.4257 142.744 
66.6667 82.0811 27.4569 149.29 
69.2308 83.7175 29.3087 156.645 
71.7949 85.7446 32.0232 164.221 
74.359 88.2168 35.4637 171.497 
76.9231 91.302 39.5999 178.454 
79.4872 95.188 44.4043 185.061 
82.0513 100.119 49.8744 191.308 
84.6154 106.569 56.1519 197.288 
87.1795 115.448 63.5332 203.096 
89.7436 125.953 70.8359 207.802 
92.3077 137.523 77.5022 211.325 
94.8718 151.483 84.0301 214.115 
97.4359 169.573 90.5055 216.242 
100 191.445 95.8793 217.469 
