PARAMETRIC_CURVE_CARTESIAN_3D
solar_system_3
t1: 0
t2: 1
NumPoints: 101
0 149.6 0 0 
0.01 149.021 9.30635 0 
0.02 147.862 18.5765 0 
0.03 146.124 27.7739 0 
0.04 143.811 36.8619 0 
0.05 140.929 45.804 0 
0.06 137.485 54.5637 0 
0.07 133.491 63.1049 0 
0.08 128.96 71.3922 0 
0.09 123.907 79.3906 0 
0.1 118.35 87.0663 0 
0.11 112.31 94.3863 0 
0.12 105.809 101.319 0 
0.13 98.8726 107.834 0 
0.14 91.5265 113.903 0 
0.15 83.8004 119.499 0 
0.16 75.7252 124.597 0 
0.17 67.3334 129.174 0 
0.18 58.6594 133.209 0 
0.19 49.7389 136.685 0 
0.2 40.6091 139.585 0 
0.21 31.3081 141.897 0 
0.22 21.8749 143.609 0 
0.23 12.3492 144.715 0 
0.24 2.77145 145.208 0 
0.25 -6.81802 145.087 0 
0.26 -16.3786 144.353 0 
0.27 -25.8699 143.009 0 
0.28 -35.252 141.061 0 
0.29 -44.4854 138.519 0 
0.3 -53.5316 135.394 0 
0.31 -62.353 131.7 0 
0.32 -70.9133 127.455 0 
0.33 -79.1774 122.678 0 
0.34 -87.1119 117.39 0 
0.35 -94.6851 111.615 0 
0.36 -101.867 105.38 0 
0.37 -108.63 98.7105 0 
0.38 -114.947 91.6369 0 
0.39 -120.796 84.1897 0 
0.4 -126.155 76.4008 0 
0.41 -131.004 68.3035 0 
0.42 -135.327 59.9318 0 
0.43 -139.109 51.3207 0 
0.44 -142.339 42.5058 0 
0.45 -145.006 33.5229 0 
0.46 -147.103 24.4083 0 
0.47 -148.625 15.1984 0 
0.48 -149.57 5.92946 0 
0.49 -149.938 -3.36234 0 
0.5 -149.73 -12.6412 0 
0.51 -148.95 -21.8718 0 
0.52 -147.605 -31.0195 0 
0.53 -145.703 -40.05 0 
0.54 -143.254 -48.9302 0 
0.55 -140.269 -57.6278 0 
0.56 -136.764 -66.1113 0 
0.57 -132.754 -74.3507 0 
0.58 -128.256 -82.3167 0 
0.59 -123.288 -89.9817 0 
0.6 -117.871 -97.3189 0 
0.61 -112.027 -104.303 0 
0.62 -105.778 -110.911 0 
0.63 -99.1481 -117.12 0 
0.64 -92.163 -122.909 0 
0.65 -84.8486 -128.259 0 
0.66 -77.2319 -133.153 0 
0.67 -69.3409 -137.574 0 
0.68 -61.2041 -141.507 0 
0.69 -52.8508 -144.94 0 
0.7 -44.3109 -147.863 0 
0.71 -35.6147 -150.264 0 
0.72 -26.7931 -152.137 0 
0.73 -17.8771 -153.476 0 
0.74 -8.89816 -154.275 0 
0.75 0.112271 -154.533 0 
0.76 9.12255 -154.248 0 
0.77 18.101 -153.422 0 
0.78 27.0162 -152.057 0 
0.79 35.8365 -150.156 0 
0.8 44.5309 -147.727 0 
0.81 53.0684 -144.776 0 
0.82 61.4186 -141.314 0 
0.83 69.5515 -137.351 0 
0.84 77.4376 -132.899 0 
0.85 85.0481 -127.975 0 
0.86 92.355 -122.593 0 
0.87 99.331 -116.771 0 
0.88 105.95 -110.529 0 
0.89 112.186 -103.887 0 
0.9 118.016 -96.8685 0 
0.91 123.415 -89.4968 0 
0.92 128.364 -81.7973 0 
0.93 132.84 -73.7968 0 
0.94 136.825 -65.5233 0 
0.95 140.303 -57.0062 0 
0.96 143.256 -48.276 0 
0.97 145.672 -39.3643 0 
0.98 147.537 -30.3039 0 
0.99 148.843 -21.1282 0 
1 149.58 -11.8717 0 
