PARAMETRIC_CURVE_CARTESIAN_3D
solar_system_2
t1: 0
t2: 1
NumPoints: 101
0 108.21 0 0 
0.01 107.104 10.9424 0 
0.02 104.885 21.7711 0 
0.03 101.561 32.3704 0 
0.04 97.1505 42.6234 0 
0.05 91.6859 52.4139 0 
0.06 85.2128 61.6278 0 
0.07 77.7904 70.1552 0 
0.08 69.4912 77.8917 0 
0.09 60.4004 84.741 0 
0.1 50.6151 90.6159 0 
0.11 40.2435 95.4409 0 
0.12 29.4026 99.153 0 
0.13 18.2174 101.704 0 
0.14 6.81827 103.06 0 
0.15 -4.66101 103.204 0 
0.16 -16.0855 102.135 0 
0.17 -27.3213 99.8696 0 
0.18 -38.2382 96.4381 0 
0.19 -48.7113 91.8875 0 
0.2 -58.6233 86.2786 0 
0.21 -67.866 79.6849 0 
0.22 -76.3419 72.1908 0 
0.23 -83.9651 63.8905 0 
0.24 -90.6621 54.8855 0 
0.25 -96.3723 45.2831 0 
0.26 -101.048 35.1949 0 
0.27 -104.656 24.7346 0 
0.28 -107.173 14.0166 0 
0.29 -108.591 3.15491 0 
0.3 -108.912 -7.73869 0 
0.31 -108.149 -18.5553 0 
0.32 -106.325 -29.19 0 
0.33 -103.474 -39.5426 0 
0.34 -99.6363 -49.5183 0 
0.35 -94.8619 -59.0284 0 
0.36 -89.2063 -67.9904 0 
0.37 -82.7318 -76.3282 0 
0.38 -75.5058 -83.9728 0 
0.39 -67.6005 -90.8622 0 
0.4 -59.0922 -96.9413 0 
0.41 -50.0607 -102.162 0 
0.42 -40.5886 -106.485 0 
0.43 -30.7611 -109.875 0 
0.44 -20.665 -112.307 0 
0.45 -10.389 -113.762 0 
0.46 -0.0225418 -114.228 0 
0.47 10.3444 -113.701 0 
0.48 20.6215 -112.185 0 
0.49 30.7188 -109.688 0 
0.5 40.547 -106.23 0 
0.51 50.0181 -101.836 0 
0.52 59.0456 -96.5379 0 
0.53 67.5453 -90.3763 0 
0.54 75.4357 -83.399 0 
0.55 82.6388 -75.6615 0 
0.56 89.0805 -67.2265 0 
0.57 94.6916 -58.1644 0 
0.58 99.4084 -48.5527 0 
0.59 103.174 -38.476 0 
0.6 105.937 -28.0255 0 
0.61 107.657 -17.2987 0 
0.62 108.3 -6.39874 0 
0.63 107.843 4.56626 0 
0.64 106.274 15.4842 0 
0.65 103.592 26.2401 0 
0.66 99.8103 36.717 0 
0.67 94.9522 46.798 0 
0.68 89.0562 56.3672 0 
0.69 82.1738 65.3119 0 
0.7 74.3703 73.524 0 
0.71 65.724 80.9022 0 
0.72 56.3255 87.3539 0 
0.73 46.2771 92.7966 0 
0.74 35.6911 97.1601 0 
0.75 24.6885 100.388 0 
0.76 13.397 102.437 0 
0.77 1.94881 103.283 0 
0.78 -9.52153 102.914 0 
0.79 -20.8793 101.337 0 
0.8 -31.992 98.5754 0 
0.81 -42.7317 94.6668 0 
0.82 -52.9766 89.6643 0 
0.83 -62.6135 83.6344 0 
0.84 -71.5389 76.6553 0 
0.85 -79.6604 68.816 0 
0.86 -86.8975 60.2135 0 
0.87 -93.1825 50.9521 0 
0.88 -98.4606 41.1408 0 
0.89 -102.69 30.8919 0 
0.9 -105.842 20.3192 0 
0.91 -107.9 9.53695 0 
0.92 -108.86 -1.34217 0 
0.93 -108.729 -12.2077 0 
0.94 -107.525 -22.9527 0 
0.95 -105.273 -33.4743 0 
0.96 -102.012 -43.6749 0 
0.97 -97.7855 -53.4624 0 
0.98 -92.6448 -62.7506 0 
0.99 -86.6486 -71.4598 0 
1 -79.861 -79.517 0 
