PARAMETRIC_CURVE_CARTESIAN_3D
solar_system_4
t1: 0
t2: 1
NumPoints: 101
0 227.92 0 0 
0.01 227.671 7.53969 0 
0.02 227.172 15.0711 0 
0.03 226.423 22.586 0 
0.04 225.426 30.0761 0 
0.05 224.181 37.533 0 
0.06 222.688 44.9485 0 
0.07 220.949 52.3143 0 
0.08 218.966 59.6222 0 
0.09 216.74 66.8641 0 
0.1 214.273 74.0316 0 
0.11 211.568 81.1169 0 
0.12 208.628 88.1118 0 
0.13 205.454 95.0084 0 
0.14 202.052 101.799 0 
0.15 198.423 108.475 0 
0.16 194.572 115.03 0 
0.17 190.503 121.456 0 
0.18 186.22 127.746 0 
0.19 181.727 133.892 0 
0.2 177.029 139.887 0 
0.21 172.132 145.724 0 
0.22 167.041 151.396 0 
0.23 161.761 156.898 0 
0.24 156.297 162.221 0 
0.25 150.657 167.361 0 
0.26 144.845 172.311 0 
0.27 138.869 177.065 0 
0.28 132.735 181.618 0 
0.29 126.451 185.964 0 
0.3 120.022 190.098 0 
0.31 113.456 194.015 0 
0.32 106.761 197.711 0 
0.33 99.9436 201.181 0 
0.34 93.0123 204.421 0 
0.35 85.9747 207.428 0 
0.36 78.8387 210.196 0 
0.37 71.6124 212.725 0 
0.38 64.3042 215.009 0 
0.39 56.9223 217.047 0 
0.4 49.4751 218.836 0 
0.41 41.9712 220.374 0 
0.42 34.4192 221.659 0 
0.43 26.8277 222.689 0 
0.44 19.2055 223.464 0 
0.45 11.5613 223.982 0 
0.46 3.90382 224.243 0 
0.47 -3.75807 224.246 0 
0.48 -11.4156 223.992 0 
0.49 -19.06 223.481 0 
0.5 -26.6824 222.713 0 
0.51 -34.2741 221.689 0 
0.52 -41.8264 220.411 0 
0.53 -49.3307 218.88 0 
0.54 -56.7784 217.097 0 
0.55 -64.1609 215.066 0 
0.56 -71.4698 212.789 0 
0.57 -78.6967 210.268 0 
0.58 -85.8336 207.506 0 
0.59 -92.8721 204.506 0 
0.6 -99.8044 201.273 0 
0.61 -106.623 197.81 0 
0.62 -113.319 194.121 0 
0.63 -119.886 190.211 0 
0.64 -126.317 186.084 0 
0.65 -132.603 181.745 0 
0.66 -138.739 177.199 0 
0.67 -144.717 172.452 0 
0.68 -150.53 167.51 0 
0.69 -156.173 162.377 0 
0.7 -161.639 157.06 0 
0.71 -166.922 151.566 0 
0.72 -172.016 145.901 0 
0.73 -176.916 140.071 0 
0.74 -181.617 134.083 0 
0.75 -186.113 127.944 0 
0.76 -190.4 121.661 0 
0.77 -194.473 115.242 0 
0.78 -198.328 108.694 0 
0.79 -201.961 102.024 0 
0.8 -205.368 95.2399 0 
0.81 -208.546 88.3497 0 
0.82 -211.491 81.361 0 
0.83 -214.201 74.2818 0 
0.84 -216.673 67.1202 0 
0.85 -218.904 59.8841 0 
0.86 -220.893 52.5817 0 
0.87 -222.638 45.2212 0 
0.88 -224.137 37.8107 0 
0.89 -225.389 30.3587 0 
0.9 -226.392 22.8732 0 
0.91 -227.147 15.3627 0 
0.92 -227.652 7.8353 0 
0.93 -227.909 0.299358 0 
0.94 -227.916 -7.23689 0 
0.95 -227.674 -14.7652 0 
0.96 -227.184 -22.2774 0 
0.97 -226.446 -29.7654 0 
0.98 -225.463 -37.221 0 
0.99 -224.235 -44.6362 0 
1 -222.764 -52.0031 0 
