MULTI_REAL_FUNCTION
Damped Forced Pendulum - both cases
2
Angle1
Angle2
x1: 0
x2: 10
NumPoints: 1000
0 0.2 0.21 
0.01001 0.199927 0.209923 
0.02002 0.19971 0.209691 
0.03003 0.199347 0.209304 
0.04004 0.19884 0.208764 
0.0500501 0.198189 0.208069 
0.0600601 0.197393 0.207221 
0.0700701 0.196454 0.20622 
0.0800801 0.195371 0.205066 
0.0900901 0.194145 0.203759 
0.1001 0.192777 0.202301 
0.11011 0.191266 0.200691 
0.12012 0.189614 0.198931 
0.13013 0.18782 0.197021 
0.14014 0.185885 0.194961 
0.15015 0.183811 0.192752 
0.16016 0.181597 0.190395 
0.17017 0.179244 0.187892 
0.18018 0.176753 0.185242 
0.19019 0.174125 0.182447 
0.2002 0.171361 0.179508 
0.21021 0.168461 0.176425 
0.22022 0.165427 0.173201 
0.23023 0.16226 0.169836 
0.24024 0.15896 0.166332 
0.25025 0.15553 0.16269 
0.26026 0.15197 0.158911 
0.27027 0.148282 0.154998 
0.28028 0.144467 0.150952 
0.29029 0.140526 0.146774 
0.3003 0.136462 0.142467 
0.31031 0.132277 0.138033 
0.32032 0.127971 0.133473 
0.33033 0.123548 0.12879 
0.34034 0.119008 0.123987 
0.35035 0.114355 0.119065 
0.36036 0.10959 0.114027 
0.37037 0.104716 0.108876 
0.38038 0.0997357 0.103615 
0.39039 0.0946516 0.0982468 
0.4004 0.0894664 0.092774 
0.41041 0.0841831 0.0872002 
0.42042 0.0788045 0.0815285 
0.43043 0.0733342 0.0757627 
0.44044 0.0677751 0.069906 
0.45045 0.062131 0.0639625 
0.46046 0.0564052 0.0579358 
0.47047 0.0506015 0.05183 
0.48048 0.0447238 0.0456493 
0.49049 0.0387761 0.039398 
0.500501 0.0327624 0.0330804 
0.510511 0.0266872 0.0267012 
0.520521 0.0205546 0.0202651 
0.530531 0.0143694 0.0137768 
0.540541 0.0081361 0.00724137 
0.550551 0.00185961 0.000663904 
0.560561 -0.00445522 -0.00595041 
0.570571 -0.0108033 -0.0125962 
0.580581 -0.0171794 -0.019268 
0.590591 -0.0235782 -0.0259601 
0.600601 -0.0299944 -0.032667 
0.610611 -0.0364223 -0.0393827 
0.620621 -0.0428564 -0.0461013 
0.630631 -0.0492908 -0.0528169 
0.640641 -0.0557197 -0.0595231 
0.650651 -0.0621372 -0.066214 
0.660661 -0.0685372 -0.072883 
0.670671 -0.0749135 -0.0795239 
0.680681 -0.0812599 -0.0861301 
0.690691 -0.0875703 -0.0926952 
0.700701 -0.0938381 -0.0992126 
0.710711 -0.100057 -0.105675 
0.720721 -0.106221 -0.112077 
0.730731 -0.112322 -0.118411 
0.740741 -0.118356 -0.124671 
0.750751 -0.124314 -0.130849 
0.760761 -0.130191 -0.136939 
0.770771 -0.135979 -0.142933 
0.780781 -0.141673 -0.148826 
0.790791 -0.147265 -0.154611 
0.800801 -0.152749 -0.16028 
0.810811 -0.158119 -0.165827 
0.820821 -0.163368 -0.171246 
0.830831 -0.168489 -0.176528 
0.840841 -0.173476 -0.181669 
0.850851 -0.178322 -0.186662 
0.860861 -0.183022 -0.191499 
0.870871 -0.187569 -0.196176 
0.880881 -0.191956 -0.200684 
0.890891 -0.196179 -0.205019 
0.900901 -0.20023 -0.209174 
0.910911 -0.204105 -0.213144 
0.920921 -0.207796 -0.216922 
0.930931 -0.2113 -0.220503 
0.940941 -0.21461 -0.223882 
0.950951 -0.217722 -0.227053 
0.960961 -0.22063 -0.230012 
0.970971 -0.223328 -0.232752 
0.980981 -0.225814 -0.23527 
0.990991 -0.228081 -0.237561 
1.001 -0.230126 -0.23962 
1.01101 -0.231945 -0.241445 
1.02102 -0.233534 -0.243029 
1.03103 -0.234888 -0.244371 
1.04104 -0.236006 -0.245467 
1.05105 -0.236883 -0.246313 
1.06106 -0.237516 -0.246906 
1.07107 -0.237904 -0.247245 
1.08108 -0.238043 -0.247327 
1.09109 -0.237932 -0.247149 
1.1011 -0.237569 -0.246711 
1.11111 -0.236951 -0.24601 
1.12112 -0.236079 -0.245045 
1.13113 -0.234951 -0.243816 
1.14114 -0.233566 -0.242322 
1.15115 -0.231924 -0.240563 
1.16116 -0.230026 -0.238539 
1.17117 -0.227871 -0.23625 
1.18118 -0.22546 -0.233698 
1.19119 -0.222794 -0.230882 
1.2012 -0.219874 -0.227806 
1.21121 -0.216702 -0.22447 
1.22122 -0.213281 -0.220877 
1.23123 -0.209611 -0.217029 
1.24124 -0.205697 -0.212929 
1.25125 -0.20154 -0.20858 
1.26126 -0.197144 -0.203985 
1.27127 -0.192513 -0.199149 
1.28128 -0.187651 -0.194075 
1.29129 -0.182562 -0.188769 
1.3013 -0.177251 -0.183234 
1.31131 -0.171722 -0.177477 
1.32132 -0.165981 -0.171502 
1.33133 -0.160034 -0.165315 
1.34134 -0.153886 -0.158923 
1.35135 -0.147543 -0.152331 
1.36136 -0.141013 -0.145548 
1.37137 -0.134301 -0.138579 
1.38138 -0.127415 -0.131432 
1.39139 -0.120363 -0.124114 
1.4014 -0.113151 -0.116635 
1.41141 -0.105788 -0.109 
1.42142 -0.0982825 -0.10122 
1.43143 -0.090642 -0.0933028 
1.44144 -0.0828752 -0.0852568 
1.45145 -0.0749914 -0.0770917 
1.46146 -0.0669992 -0.0688165 
1.47147 -0.0589081 -0.0604409 
1.48148 -0.0507274 -0.0519744 
1.49149 -0.0424668 -0.0434271 
1.5015 -0.0341358 -0.0348089 
1.51151 -0.0257446 -0.0261299 
1.52152 -0.017303 -0.0174005 
1.53153 -0.0088213 -0.00863121 
1.54154 -0.000309598 0.000167626 
1.55155 0.00822172 0.00898533 
1.56156 0.0167623 0.0178112 
1.57157 0.0253016 0.0266346 
1.58158 0.0338292 0.0354446 
1.59159 0.0423346 0.0442306 
1.6016 0.0508073 0.0529817 
1.61161 0.0592367 0.0616871 
1.62162 0.0676124 0.0703361 
1.63163 0.0759238 0.0789179 
1.64164 0.0841607 0.087422 
1.65165 0.0923126 0.0958376 
1.66166 0.100369 0.104154 
1.67167 0.108321 0.112362 
1.68168 0.116157 0.12045 
1.69169 0.123868 0.128408 
1.7017 0.131444 0.136227 
1.71171 0.138875 0.143896 
1.72172 0.146152 0.151406 
1.73173 0.153266 0.158747 
1.74174 0.160208 0.165911 
1.75175 0.166969 0.172888 
1.76176 0.17354 0.17967 
1.77177 0.179914 0.186247 
1.78178 0.186081 0.192612 
1.79179 0.192035 0.198757 
1.8018 0.197768 0.204674 
1.81181 0.203271 0.210356 
1.82182 0.20854 0.215795 
1.83183 0.213566 0.220985 
1.84184 0.218344 0.225919 
1.85185 0.222868 0.230592 
1.86186 0.227131 0.234996 
1.87187 0.23113 0.239129 
1.88188 0.234858 0.242982 
1.89189 0.238311 0.246554 
1.9019 0.241485 0.249838 
1.91191 0.244376 0.252831 
1.92192 0.246981 0.255529 
1.93193 0.249297 0.25793 
1.94194 0.25132 0.260031 
1.95195 0.253048 0.261828 
1.96196 0.25448 0.263321 
1.97197 0.255615 0.264507 
1.98198 0.25645 0.265386 
1.99199 0.256985 0.265956 
2.002 0.257219 0.266217 
2.01201 0.257154 0.26617 
2.02202 0.256789 0.265814 
2.03203 0.256125 0.26515 
2.04204 0.255163 0.264181 
2.05205 0.253905 0.262907 
2.06206 0.252353 0.26133 
2.07207 0.25051 0.259453 
2.08208 0.248377 0.257278 
2.09209 0.245959 0.25481 
2.1021 0.243258 0.252051 
2.11211 0.24028 0.249005 
2.12212 0.237027 0.245677 
2.13213 0.233505 0.242072 
2.14214 0.229718 0.238193 
2.15215 0.225672 0.234048 
2.16216 0.221373 0.229641 
2.17217 0.216826 0.224979 
2.18218 0.212038 0.220068 
2.19219 0.207015 0.214915 
2.2022 0.201765 0.209526 
2.21221 0.196293 0.20391 
2.22222 0.190609 0.198073 
2.23223 0.184719 0.192024 
2.24224 0.178632 0.18577 
2.25225 0.172355 0.17932 
2.26226 0.165898 0.172683 
2.27227 0.159268 0.165867 
2.28228 0.152475 0.158882 
2.29229 0.145527 0.151736 
2.3023 0.138435 0.144439 
2.31231 0.131206 0.137001 
2.32232 0.123852 0.129431 
2.33233 0.116381 0.121739 
2.34234 0.108803 0.113936 
2.35235 0.101128 0.106031 
2.36236 0.0933656 0.098034 
2.37237 0.0855266 0.0899558 
2.38238 0.0776207 0.0818067 
2.39239 0.069658 0.0735969 
2.4024 0.0616486 0.0653368 
2.41241 0.0536027 0.0570369 
2.42242 0.0455305 0.0487075 
2.43243 0.037442 0.0403589 
2.44244 0.0293474 0.0320017 
2.45245 0.0212567 0.023646 
2.46246 0.0131798 0.0153021 
2.47247 0.0051267 0.00698006 
2.48248 -0.00289288 -0.00130994 
2.49249 -0.0108692 -0.00955799 
2.5025 -0.0187928 -0.0177543 
2.51251 -0.0266541 -0.0258891 
2.52252 -0.034444 -0.033953 
2.53253 -0.0421533 -0.0419365 
2.54254 -0.0497731 -0.0498303 
2.55255 -0.0572946 -0.0576257 
2.56256 -0.0647095 -0.0653137 
2.57257 -0.0720091 -0.0728856 
2.58258 -0.0791857 -0.0803333 
2.59259 -0.086231 -0.0876485 
2.6026 -0.0931378 -0.0948234 
2.61261 -0.0998983 -0.10185 
2.62262 -0.106506 -0.108722 
2.63263 -0.112953 -0.115431 
2.64264 -0.119234 -0.12197 
2.65265 -0.125342 -0.128334 
2.66266 -0.131271 -0.134516 
2.67267 -0.137015 -0.14051 
2.68268 -0.14257 -0.14631 
2.69269 -0.14793 -0.151912 
2.7027 -0.153089 -0.157309 
2.71271 -0.158045 -0.162498 
2.72272 -0.162791 -0.167474 
2.73273 -0.167326 -0.172232 
2.74274 -0.171644 -0.17677 
2.75275 -0.175744 -0.181084 
2.76276 -0.179622 -0.185171 
2.77277 -0.183276 -0.189027 
2.78278 -0.186703 -0.192651 
2.79279 -0.189901 -0.196041 
2.8028 -0.192869 -0.199194 
2.81281 -0.195606 -0.20211 
2.82282 -0.19811 -0.204787 
2.83283 -0.200382 -0.207224 
2.84284 -0.20242 -0.209422 
2.85285 -0.204225 -0.211379 
2.86286 -0.205797 -0.213096 
2.87287 -0.207136 -0.214574 
2.88288 -0.208244 -0.215812 
2.89289 -0.209122 -0.216813 
2.9029 -0.20977 -0.217577 
2.91291 -0.210191 -0.218106 
2.92292 -0.210386 -0.218402 
2.93293 -0.210359 -0.218468 
2.94294 -0.210111 -0.218304 
2.95295 -0.209645 -0.217915 
2.96296 -0.208963 -0.217303 
2.97297 -0.20807 -0.216471 
2.98298 -0.206969 -0.215422 
2.99299 -0.205663 -0.214161 
3.003 -0.204156 -0.21269 
3.01301 -0.202452 -0.211014 
3.02302 -0.200555 -0.209137 
3.03303 -0.19847 -0.207063 
3.04304 -0.196201 -0.204798 
3.05305 -0.193753 -0.202344 
3.06306 -0.19113 -0.199709 
3.07307 -0.188338 -0.196895 
3.08308 -0.185382 -0.193909 
3.09309 -0.182267 -0.190756 
3.1031 -0.178998 -0.187441 
3.11311 -0.175581 -0.18397 
3.12312 -0.172021 -0.180348 
3.13313 -0.168324 -0.176581 
3.14314 -0.164496 -0.172674 
3.15315 -0.160542 -0.168634 
3.16316 -0.156467 -0.164466 
3.17317 -0.152279 -0.160176 
3.18318 -0.147982 -0.15577 
3.19319 -0.143583 -0.151254 
3.2032 -0.139087 -0.146635 
3.21321 -0.1345 -0.141917 
3.22322 -0.129829 -0.137107 
3.23323 -0.125078 -0.132212 
3.24324 -0.120254 -0.127236 
3.25325 -0.115363 -0.122186 
3.26326 -0.11041 -0.117068 
3.27327 -0.105401 -0.111888 
3.28328 -0.100342 -0.106652 
3.29329 -0.0952384 -0.101364 
3.3033 -0.0900955 -0.0960321 
3.31331 -0.0849189 -0.0906607 
3.32332 -0.079714 -0.0852554 
3.33333 -0.0744861 -0.079822 
3.34334 -0.0692404 -0.0743656 
3.35335 -0.063982 -0.0688918 
3.36336 -0.0587158 -0.0634057 
3.37337 -0.0534468 -0.0579123 
3.38338 -0.0481798 -0.0524168 
3.39339 -0.0429195 -0.046924 
3.4034 -0.0376702 -0.0414386 
3.41341 -0.0324367 -0.0359655 
3.42342 -0.027223 -0.0305089 
3.43343 -0.0220335 -0.0250736 
3.44344 -0.016872 -0.0196636 
3.45345 -0.0117427 -0.0142832 
3.46346 -0.00664912 -0.00893632 
3.47347 -0.00159511 -0.00362704 
3.48348 0.00341588 0.00164099 
3.49349 0.00838045 0.00686409 
3.5035 0.0132954 0.0120387 
3.51351 0.0181575 0.0171616 
3.52352 0.0229638 0.0222294 
3.53353 0.0277115 0.027239 
3.54354 0.0323979 0.0321874 
3.55355 0.0370203 0.0370719 
3.56356 0.0415762 0.0418896 
3.57357 0.0460634 0.046638 
3.58358 0.0504797 0.0513145 
3.59359 0.0548228 0.0559169 
3.6036 0.0590908 0.0604428 
3.61361 0.0632819 0.0648903 
3.62362 0.0673943 0.0692572 
3.63363 0.0714264 0.0735417 
3.64364 0.0753765 0.0777419 
3.65365 0.0792433 0.0818563 
3.66366 0.0830254 0.085883 
3.67367 0.0867215 0.0898209 
3.68368 0.0903305 0.0936683 
3.69369 0.0938513 0.097424 
3.7037 0.0972828 0.101087 
3.71371 0.100624 0.104655 
3.72372 0.103875 0.108129 
3.73373 0.107033 0.111506 
3.74374 0.110099 0.114786 
3.75375 0.113072 0.117968 
3.76376 0.115951 0.121051 
3.77377 0.118735 0.124035 
3.78378 0.121425 0.126918 
3.79379 0.124019 0.129701 
3.8038 0.126517 0.132381 
3.81381 0.128919 0.13496 
3.82382 0.131224 0.137436 
3.83383 0.133433 0.139808 
3.84384 0.135543 0.142077 
3.85385 0.137556 0.144241 
3.86386 0.139471 0.146301 
3.87387 0.141288 0.148256 
3.88388 0.143006 0.150105 
3.89389 0.144624 0.151847 
3.9039 0.146144 0.153484 
3.91391 0.147564 0.155014 
3.92392 0.148884 0.156436 
3.93393 0.150104 0.157751 
3.94394 0.151224 0.158958 
3.95395 0.152243 0.160057 
3.96396 0.15316 0.161046 
3.97397 0.153976 0.161927 
3.98398 0.154691 0.162698 
3.99399 0.155303 0.163359 
4.004 0.155813 0.163909 
4.01401 0.156219 0.164349 
4.02402 0.156523 0.164678 
4.03403 0.156723 0.164895 
4.04404 0.156818 0.165 
4.05405 0.156809 0.164992 
4.06406 0.156696 0.164872 
4.07407 0.156476 0.164638 
4.08408 0.156151 0.16429 
4.09409 0.15572 0.163829 
4.1041 0.155182 0.163253 
4.11411 0.154537 0.162561 
4.12412 0.153784 0.161755 
4.13413 0.152923 0.160833 
4.14414 0.151954 0.159795 
4.15415 0.150876 0.15864 
4.16416 0.149689 0.157369 
4.17417 0.148393 0.155981 
4.18418 0.146986 0.154476 
4.19419 0.14547 0.152854 
4.2042 0.143843 0.151114 
4.21421 0.142105 0.149257 
4.22422 0.140257 0.147282 
4.23423 0.138298 0.14519 
4.24424 0.136228 0.14298 
4.25425 0.134047 0.140652 
4.26426 0.131755 0.138208 
4.27427 0.129353 0.135646 
4.28428 0.126839 0.132968 
4.29429 0.124216 0.130175 
4.3043 0.121483 0.127265 
4.31431 0.11864 0.12424 
4.32432 0.115688 0.121102 
4.33433 0.112628 0.117849 
4.34434 0.10946 0.114485 
4.35435 0.106185 0.111009 
4.36436 0.102805 0.107422 
4.37437 0.0993202 0.103727 
4.38438 0.0957317 0.0999238 
4.39439 0.0920409 0.0960146 
4.4044 0.0882493 0.0920009 
4.41441 0.0843585 0.0878845 
4.42442 0.0803701 0.0836674 
4.43443 0.0762861 0.0793515 
4.44444 0.0721081 0.0749392 
4.45445 0.0678387 0.0704326 
4.46446 0.0634798 0.0658344 
4.47447 0.059034 0.0611471 
4.48448 0.0545039 0.0563737 
4.49449 0.0498919 0.0515168 
4.5045 0.0452012 0.0465799 
4.51451 0.0404346 0.0415659 
4.52452 0.0355953 0.0364785 
4.53453 0.0306866 0.031321 
4.54454 0.0257121 0.0260973 
4.55455 0.0206753 0.0208112 
4.56456 0.01558 0.0154667 
4.57457 0.0104301 0.0100679 
4.58458 0.00522965 0.00461929 
4.59459 -1.70693e-05 -0.000874826 
4.6046 -0.00530573 -0.00640978 
4.61461 -0.0106318 -0.0119808 
4.62462 -0.0159907 -0.0175831 
4.63463 -0.0213776 -0.0232116 
4.64464 -0.0267876 -0.0288611 
4.65465 -0.0322157 -0.0345265 
4.66466 -0.0376567 -0.0402022 
4.67467 -0.0431052 -0.0458828 
4.68468 -0.0485561 -0.0515627 
4.69469 -0.0540037 -0.0572362 
4.7047 -0.0594424 -0.0628974 
4.71471 -0.0648666 -0.0685405 
4.72472 -0.0702705 -0.0741595 
4.73473 -0.0756482 -0.0797482 
4.74474 -0.0809938 -0.0853006 
4.75475 -0.0863012 -0.0908104 
4.76476 -0.0915645 -0.0962714 
4.77477 -0.0967775 -0.101677 
4.78478 -0.101934 -0.107022 
4.79479 -0.107028 -0.112299 
4.8048 -0.112053 -0.117501 
4.81481 -0.117003 -0.122623 
4.82482 -0.121872 -0.127658 
4.83483 -0.126653 -0.1326 
4.84484 -0.131341 -0.137442 
4.85485 -0.135928 -0.142178 
4.86486 -0.14041 -0.146802 
4.87487 -0.144779 -0.151308 
4.88488 -0.14903 -0.155688 
4.89489 -0.153157 -0.159938 
4.9049 -0.157154 -0.16405 
4.91491 -0.161014 -0.16802 
4.92492 -0.164733 -0.171841 
4.93493 -0.168304 -0.175508 
4.94494 -0.171722 -0.179015 
4.95495 -0.174982 -0.182355 
4.96496 -0.178078 -0.185525 
4.97497 -0.181005 -0.188519 
4.98498 -0.183758 -0.191332 
4.99499 -0.186333 -0.193959 
5.00501 -0.188724 -0.196394 
5.01502 -0.190927 -0.198635 
5.02503 -0.192938 -0.200676 
5.03504 -0.194753 -0.202513 
5.04505 -0.196368 -0.204142 
5.05506 -0.197779 -0.20556 
5.06507 -0.198982 -0.206763 
5.07508 -0.199975 -0.207749 
5.08509 -0.200755 -0.208513 
5.0951 -0.201318 -0.209054 
5.10511 -0.201663 -0.209368 
5.11512 -0.201786 -0.209455 
5.12513 -0.201687 -0.209311 
5.13514 -0.201363 -0.208935 
5.14515 -0.200814 -0.208326 
5.15516 -0.200037 -0.207483 
5.16517 -0.199033 -0.206405 
5.17518 -0.1978 -0.205091 
5.18519 -0.196338 -0.203542 
5.1952 -0.194648 -0.201758 
5.20521 -0.19273 -0.199739 
5.21522 -0.190584 -0.197485 
5.22523 -0.188212 -0.194999 
5.23524 -0.185615 -0.192281 
5.24525 -0.182794 -0.189333 
5.25526 -0.179752 -0.186157 
5.26527 -0.17649 -0.182756 
5.27528 -0.173012 -0.179133 
5.28529 -0.16932 -0.17529 
5.2953 -0.165417 -0.17123 
5.30531 -0.161307 -0.166958 
5.31532 -0.156994 -0.162478 
5.32533 -0.152481 -0.157793 
5.33534 -0.147774 -0.152908 
5.34535 -0.142877 -0.147828 
5.35536 -0.137795 -0.142559 
5.36537 -0.132533 -0.137106 
5.37538 -0.127097 -0.131475 
5.38539 -0.121494 -0.125671 
5.3954 -0.115727 -0.119701 
5.40541 -0.109806 -0.113573 
5.41542 -0.103735 -0.107291 
5.42543 -0.0975229 -0.100865 
5.43544 -0.0911756 -0.0943003 
5.44545 -0.0847007 -0.0876055 
5.45546 -0.078106 -0.0807883 
5.46547 -0.0713992 -0.0738566 
5.47548 -0.0645884 -0.0668186 
5.48549 -0.0576817 -0.0596829 
5.4955 -0.0506877 -0.0524579 
5.50551 -0.0436146 -0.0451526 
5.51552 -0.0364714 -0.0377757 
5.52553 -0.0292667 -0.0303364 
5.53554 -0.0220097 -0.0228439 
5.54555 -0.0147092 -0.0153074 
5.55556 -0.0073746 -0.00773635 
5.56557 -1.50212e-05 -0.000140254 
5.57558 0.00736016 0.00747134 
5.58559 0.0147416 0.0150888 
5.5956 0.0221198 0.0227025 
5.60561 0.0294853 0.0303027 
5.61562 0.0368288 0.0378798 
5.62563 0.0441406 0.045424 
5.63564 0.0514114 0.0529257 
5.64565 0.0586317 0.0603752 
5.65566 0.0657922 0.0677629 
5.66567 0.0728835 0.0750793 
5.67568 0.0798965 0.082315 
5.68569 0.0868219 0.0894604 
5.6957 0.0936506 0.0965066 
5.70571 0.100374 0.103444 
5.71572 0.106983 0.110264 
5.72573 0.113469 0.116958 
5.73574 0.119823 0.123516 
5.74575 0.126038 0.129931 
5.75576 0.132105 0.136194 
5.76577 0.138016 0.142297 
5.77578 0.143763 0.148232 
5.78579 0.149339 0.153991 
5.7958 0.154737 0.159568 
5.80581 0.159949 0.164954 
5.81582 0.164969 0.170142 
5.82583 0.169791 0.175127 
5.83584 0.174407 0.179902 
5.84585 0.178813 0.18446 
5.85586 0.183002 0.188796 
5.86587 0.186969 0.192904 
5.87588 0.190709 0.19678 
5.88589 0.194217 0.200418 
5.8959 0.19749 0.203813 
5.90591 0.200522 0.206963 
5.91592 0.20331 0.209861 
5.92593 0.205851 0.212507 
5.93594 0.208141 0.214895 
5.94595 0.210179 0.217024 
5.95596 0.211961 0.21889 
5.96597 0.213485 0.220493 
5.97598 0.214751 0.221829 
5.98599 0.215756 0.222899 
5.996 0.2165 0.2237 
6.00601 0.216982 0.224232 
6.01602 0.217202 0.224495 
6.02603 0.21716 0.22449 
6.03604 0.216857 0.224216 
6.04605 0.216293 0.223674 
6.05606 0.21547 0.222867 
6.06607 0.21439 0.221794 
6.07608 0.213054 0.220459 
6.08609 0.211465 0.218864 
6.0961 0.209625 0.217011 
6.10611 0.207538 0.214903 
6.11612 0.205206 0.212544 
6.12613 0.202634 0.209937 
6.13614 0.199825 0.207087 
6.14615 0.196784 0.203997 
6.15616 0.193515 0.200673 
6.16617 0.190023 0.197119 
6.17618 0.186314 0.193341 
6.18619 0.182393 0.189344 
6.1962 0.178265 0.185134 
6.20621 0.173938 0.180718 
6.21622 0.169416 0.176101 
6.22623 0.164707 0.17129 
6.23624 0.159818 0.166293 
6.24625 0.154755 0.161116 
6.25626 0.149525 0.155766 
6.26627 0.144137 0.150252 
6.27628 0.138597 0.14458 
6.28629 0.132914 0.138759 
6.2963 0.127096 0.132798 
6.30631 0.12115 0.126703 
6.31632 0.115085 0.120484 
6.32633 0.108909 0.114149 
6.33634 0.102631 0.107707 
6.34635 0.0962591 0.101167 
6.35636 0.0898023 0.0945368 
6.36637 0.0832694 0.087826 
6.37638 0.076669 0.0810436 
6.38639 0.0700101 0.0741985 
6.3964 0.0633015 0.0672998 
6.40641 0.0565522 0.0603565 
6.41642 0.0497709 0.0533779 
6.42643 0.0429667 0.046373 
6.43644 0.0361483 0.0393507 
6.44645 0.0293247 0.0323203 
6.45646 0.0225045 0.0252905 
6.46647 0.0156964 0.0182704 
6.47648 0.0089092 0.0112688 
6.48649 0.00215123 0.00429433 
6.4965 -0.00456899 -0.00264429 
6.50651 -0.0112432 -0.00953855 
6.51652 -0.0178632 -0.0163801 
6.52653 -0.024421 -0.0231606 
6.53654 -0.0309087 -0.0298721 
6.54655 -0.0373187 -0.0365066 
6.55656 -0.0436432 -0.0430563 
6.56657 -0.0498752 -0.0495137 
6.57658 -0.0560073 -0.0558714 
6.58659 -0.0620327 -0.0621224 
6.5966 -0.0679446 -0.0682594 
6.60661 -0.0737366 -0.0742761 
6.61662 -0.0794023 -0.0801656 
6.62663 -0.0849357 -0.0859221 
6.63664 -0.0903311 -0.0915392 
6.64665 -0.0955829 -0.0970114 
6.65666 -0.100686 -0.102333 
6.66667 -0.105635 -0.107499 
6.67668 -0.110425 -0.112504 
6.68669 -0.115053 -0.117345 
6.6967 -0.119513 -0.122015 
6.70671 -0.123802 -0.126511 
6.71672 -0.127916 -0.13083 
6.72673 -0.131853 -0.134968 
6.73674 -0.135608 -0.138922 
6.74675 -0.139179 -0.142688 
6.75676 -0.142564 -0.146264 
6.76677 -0.145759 -0.149647 
6.77678 -0.148765 -0.152837 
6.78679 -0.151579 -0.15583 
6.7968 -0.154199 -0.158625 
6.80681 -0.156625 -0.161221 
6.81682 -0.158855 -0.163618 
6.82683 -0.16089 -0.165814 
6.83684 -0.162729 -0.167809 
6.84685 -0.164372 -0.169604 
6.85686 -0.165819 -0.171197 
6.86687 -0.167072 -0.172591 
6.87688 -0.168131 -0.173785 
6.88689 -0.168997 -0.17478 
6.8969 -0.169671 -0.175578 
6.90691 -0.170156 -0.176181 
6.91692 -0.170452 -0.176589 
6.92693 -0.170562 -0.176805 
6.93694 -0.170489 -0.176832 
6.94695 -0.170234 -0.176671 
6.95696 -0.169801 -0.176325 
6.96697 -0.169192 -0.175797 
6.97698 -0.16841 -0.175089 
6.98699 -0.167459 -0.174206 
6.997 -0.166342 -0.173151 
7.00701 -0.165063 -0.171927 
7.01702 -0.163626 -0.170537 
7.02703 -0.162034 -0.168986 
7.03704 -0.160291 -0.167278 
7.04705 -0.158402 -0.165417 
7.05706 -0.156371 -0.163407 
7.06707 -0.154203 -0.161252 
7.07708 -0.151901 -0.158957 
7.08709 -0.14947 -0.156527 
7.0971 -0.146916 -0.153966 
7.10711 -0.144243 -0.151279 
7.11712 -0.141455 -0.148471 
7.12713 -0.138558 -0.145547 
7.13714 -0.135556 -0.142511 
7.14715 -0.132455 -0.139369 
7.15716 -0.129259 -0.136126 
7.16717 -0.125973 -0.132787 
7.17718 -0.122603 -0.129356 
7.18719 -0.119153 -0.125839 
7.1972 -0.115628 -0.122241 
7.20721 -0.112034 -0.118566 
7.21722 -0.108374 -0.114821 
7.22723 -0.104655 -0.11101 
7.23724 -0.100881 -0.107137 
7.24725 -0.0970574 -0.103209 
7.25726 -0.0931879 -0.099229 
7.26727 -0.0892777 -0.0952027 
7.27728 -0.0853316 -0.0911347 
7.28729 -0.081354 -0.0870297 
7.2973 -0.0773494 -0.0828922 
7.30731 -0.0733223 -0.078727 
7.31732 -0.0692769 -0.0745383 
7.32733 -0.0652175 -0.0703306 
7.33734 -0.0611481 -0.0661081 
7.34735 -0.0570729 -0.0618749 
7.35736 -0.0529956 -0.0576352 
7.36737 -0.0489201 -0.0533929 
7.37738 -0.0448501 -0.0491519 
7.38739 -0.0407891 -0.0449157 
7.3974 -0.0367405 -0.0406883 
7.40741 -0.0327077 -0.0364728 
7.41742 -0.0286939 -0.0322728 
7.42743 -0.024702 -0.0280914 
7.43744 -0.0207351 -0.0239319 
7.44745 -0.016796 -0.0197972 
7.45746 -0.0128873 -0.0156902 
7.46747 -0.00901164 -0.0116136 
7.47748 -0.00517133 -0.00757003 
7.48749 -0.00136877 -0.00356205 
7.4975 0.00239393 0.000407999 
7.50751 0.00611469 0.00433785 
7.51752 0.00979159 0.00822539 
7.52753 0.0134228 0.0120686 
7.53754 0.0170067 0.0158656 
7.54755 0.0205417 0.0196146 
7.55756 0.0240264 0.0233139 
7.56757 0.0274593 0.0269619 
7.57758 0.0308393 0.0305574 
7.58759 0.0341652 0.0340988 
7.5976 0.037436 0.0375849 
7.60761 0.0406507 0.0410146 
7.61762 0.0438086 0.0443869 
7.62763 0.0469088 0.0477007 
7.63764 0.0499506 0.0509553 
7.64765 0.0529336 0.0541496 
7.65766 0.0558571 0.0572832 
7.66767 0.0587207 0.0603552 
7.67768 0.061524 0.0633652 
7.68769 0.0642668 0.0663125 
7.6977 0.0669486 0.0691968 
7.70771 0.0695693 0.0720175 
7.71772 0.0721288 0.0747743 
7.72773 0.0746268 0.0774669 
7.73774 0.0770633 0.080095 
7.74775 0.0794381 0.0826584 
7.75776 0.0817513 0.0851567 
7.76777 0.0840028 0.0875898 
7.77778 0.0861926 0.0899574 
7.78779 0.0883206 0.0922595 
7.7978 0.0903869 0.0944959 
7.80781 0.0923915 0.0966663 
7.81782 0.0943343 0.0987706 
7.82783 0.0962154 0.100809 
7.83784 0.0980347 0.10278 
7.84785 0.0997921 0.104685 
7.85786 0.101488 0.106523 
7.86787 0.103121 0.108295 
7.87788 0.104693 0.109998 
7.88789 0.106202 0.111635 
7.8979 0.107649 0.113203 
7.90791 0.109033 0.114703 
7.91792 0.110354 0.116135 
7.92793 0.111612 0.117498 
7.93794 0.112807 0.118791 
7.94795 0.113938 0.120015 
7.95796 0.115005 0.121169 
7.96797 0.116007 0.122251 
7.97798 0.116943 0.123263 
7.98799 0.117814 0.124202 
7.998 0.118619 0.125068 
8.00801 0.119356 0.125862 
8.01802 0.120026 0.126581 
8.02803 0.120628 0.127225 
8.03804 0.12116 0.127794 
8.04805 0.121622 0.128286 
8.05806 0.122013 0.128701 
8.06807 0.122333 0.129037 
8.07808 0.12258 0.129294 
8.08809 0.122753 0.129471 
8.0981 0.122852 0.129567 
8.10811 0.122875 0.129581 
8.11812 0.122821 0.129511 
8.12813 0.122689 0.129357 
8.13814 0.122479 0.129117 
8.14815 0.122188 0.128792 
8.15816 0.121817 0.128378 
8.16817 0.121363 0.127877 
8.17818 0.120826 0.127285 
8.18819 0.120204 0.126603 
8.1982 0.119497 0.125829 
8.20821 0.118704 0.124962 
8.21822 0.117822 0.124002 
8.22823 0.116852 0.122947 
8.23824 0.115792 0.121796 
8.24825 0.114641 0.120549 
8.25826 0.113399 0.119204 
8.26827 0.112064 0.117762 
8.27828 0.110635 0.11622 
8.28829 0.109113 0.114579 
8.2983 0.107495 0.112838 
8.30831 0.105782 0.110996 
8.31832 0.103973 0.109053 
8.32833 0.102067 0.107008 
8.33834 0.100064 0.104862 
8.34835 0.0979644 0.102614 
8.35836 0.0957667 0.100264 
8.36837 0.0934715 0.0978124 
8.37838 0.0910786 0.095259 
8.38839 0.0885882 0.092604 
8.3984 0.0860006 0.0898481 
8.40841 0.0833159 0.0869917 
8.41842 0.080535 0.0840353 
8.42843 0.0776582 0.08098 
8.43844 0.0746864 0.0778266 
8.44845 0.0716206 0.0745761 
8.45846 0.0684615 0.0712299 
8.46847 0.0652108 0.0677892 
8.47848 0.0618693 0.0642558 
8.48849 0.0584389 0.060631 
8.4985 0.054921 0.0569171 
8.50851 0.0513177 0.0531157 
8.51852 0.0476308 0.0492292 
8.52853 0.0438624 0.04526 
8.53854 0.0400149 0.0412104 
8.54855 0.0360907 0.0370832 
8.55856 0.0320926 0.0328811 
8.56857 0.0280231 0.0286074 
8.57858 0.0238855 0.0242649 
8.58859 0.0196826 0.0198572 
8.5986 0.015418 0.0153876 
8.60861 0.011095 0.0108599 
8.61862 0.00671716 0.00627791 
8.62863 0.00228834 0.00164551 
8.63864 -0.00218755 -0.00303313 
8.64865 -0.00670643 -0.00775375 
8.65866 -0.0112641 -0.0125119 
8.66867 -0.0158562 -0.017303 
8.67868 -0.0204781 -0.0221224 
8.68869 -0.0251253 -0.0269653 
8.6987 -0.029793 -0.0318265 
8.70871 -0.0344762 -0.0367012 
8.71872 -0.03917 -0.041584 
8.72873 -0.0438691 -0.0464697 
8.73874 -0.0485684 -0.0513527 
8.74875 -0.0532625 -0.0562277 
8.75876 -0.057946 -0.0610889 
8.76877 -0.0626133 -0.0659307 
8.77878 -0.0672588 -0.0707473 
8.78879 -0.0718769 -0.0755329 
8.7988 -0.0764619 -0.0802816 
8.80881 -0.0810078 -0.0849874 
8.81882 -0.085509 -0.0896444 
8.82883 -0.0899595 -0.0942464 
8.83884 -0.0943535 -0.0987876 
8.84885 -0.0986849 -0.103262 
8.85886 -0.102948 -0.107663 
8.86887 -0.107137 -0.111985 
8.87888 -0.111245 -0.116222 
8.88889 -0.115268 -0.120368 
8.8989 -0.119198 -0.124417 
8.90891 -0.123031 -0.128363 
8.91892 -0.12676 -0.1322 
8.92893 -0.130379 -0.135922 
8.93894 -0.133884 -0.139524 
8.94895 -0.137269 -0.143 
8.95896 -0.140527 -0.146344 
8.96897 -0.143655 -0.149551 
8.97898 -0.146645 -0.152616 
8.98899 -0.149495 -0.155534 
8.999 -0.152197 -0.158299 
9.00901 -0.154749 -0.160907 
9.01902 -0.157144 -0.163352 
9.02903 -0.159378 -0.165631 
9.03904 -0.161448 -0.167739 
9.04905 -0.163348 -0.169671 
9.05906 -0.165076 -0.171425 
9.06907 -0.166626 -0.172995 
9.07908 -0.167996 -0.174378 
9.08909 -0.169182 -0.175572 
9.0991 -0.170181 -0.176572 
9.10911 -0.17099 -0.177376 
9.11912 -0.171607 -0.177981 
9.12913 -0.172028 -0.178385 
9.13914 -0.172253 -0.178586 
9.14915 -0.172278 -0.178582 
9.15916 -0.172102 -0.178371 
9.16917 -0.171724 -0.177951 
9.17918 -0.171143 -0.177322 
9.18919 -0.170358 -0.176483 
9.1992 -0.169368 -0.175434 
9.20921 -0.168173 -0.174174 
9.21922 -0.166773 -0.172703 
9.22923 -0.165168 -0.171021 
9.23924 -0.16336 -0.16913 
9.24925 -0.161348 -0.167031 
9.25926 -0.159134 -0.164723 
9.26927 -0.156719 -0.162211 
9.27928 -0.154106 -0.159494 
9.28929 -0.151297 -0.156575 
9.2993 -0.148293 -0.153457 
9.30931 -0.145097 -0.150143 
9.31932 -0.141713 -0.146635 
9.32933 -0.138144 -0.142937 
9.33934 -0.134392 -0.139054 
9.34935 -0.130463 -0.134987 
9.35936 -0.12636 -0.130743 
9.36937 -0.122088 -0.126325 
9.37938 -0.117651 -0.121738 
9.38939 -0.113054 -0.116988 
9.3994 -0.108303 -0.11208 
9.40941 -0.103403 -0.107019 
9.41942 -0.098359 -0.101811 
9.42943 -0.0931777 -0.0964627 
9.43944 -0.0878653 -0.0909799 
9.44945 -0.082428 -0.0853695 
9.45946 -0.0768726 -0.0796383 
9.46947 -0.0712058 -0.0737931 
9.47948 -0.0654346 -0.0678413 
9.48949 -0.0595664 -0.06179 
9.4995 -0.0536084 -0.0556472 
9.50951 -0.0475683 -0.0494203 
9.51952 -0.0414536 -0.0431174 
9.52953 -0.0352725 -0.0367464 
9.53954 -0.0290327 -0.0303156 
9.54955 -0.0227424 -0.0238331 
9.55956 -0.0164098 -0.0173076 
9.56957 -0.0100432 -0.0107473 
9.57958 -0.00365103 -0.00416093 
9.58959 0.00275832 0.00244293 
9.5996 0.00917635 0.00905555 
9.60961 0.0155945 0.0156682 
9.61962 0.0220042 0.0222722 
9.62963 0.0283969 0.0288587 
9.63964 0.034764 0.0354189 
9.64965 0.0410969 0.0419442 
9.65966 0.0473871 0.0484257 
9.66967 0.0536262 0.0548549 
9.67968 0.0598057 0.061223 
9.68969 0.0659171 0.0675216 
9.6997 0.0719524 0.0737422 
9.70971 0.0779032 0.0798765 
9.71972 0.0837616 0.0859161 
9.72973 0.0895194 0.091853 
9.73974 0.0951691 0.0976791 
9.74975 0.100703 0.103387 
9.75976 0.106113 0.108968 
9.76977 0.111393 0.114416 
9.77978 0.116534 0.119723 
9.78979 0.121531 0.124881 
9.7998 0.126377 0.129885 
9.80981 0.131064 0.134727 
9.81982 0.135587 0.139401 
9.82983 0.13994 0.143901 
9.83984 0.144116 0.148221 
9.84985 0.148111 0.152354 
9.85986 0.151919 0.156297 
9.86987 0.155534 0.160043 
9.87988 0.158953 0.163588 
9.88989 0.162171 0.166927 
9.8999 0.165183 0.170056 
9.90991 0.167987 0.172971 
9.91992 0.170577 0.175668 
9.92993 0.172952 0.178144 
9.93994 0.175108 0.180397 
9.94995 0.177042 0.182423 
9.95996 0.178753 0.18422 
9.96997 0.180239 0.185786 
9.97998 0.181497 0.18712 
9.98999 0.182527 0.188219 
10 0.183327 0.189084 
