MULTI_REAL_FUNCTION
Damped Pendulum
5
Crit * 0.3
Crit * 0.5
Crit * 0.7
Critical
Over critical
x1: 0
x2: 5
NumPoints: 1000
0 0.5 0.5 0.5 0.5 0.5 
0.00500501 0.499941 0.499941 0.499942 0.499942 0.499942 
0.01001 0.499766 0.499767 0.499768 0.499769 0.49977 
0.015015 0.499475 0.499478 0.499481 0.499486 0.499489 
0.02002 0.499069 0.499077 0.499085 0.499096 0.499103 
0.025025 0.498551 0.498566 0.49858 0.498602 0.498616 
0.03003 0.49792 0.497946 0.497971 0.498008 0.498032 
0.035035 0.497178 0.497219 0.497258 0.497316 0.497353 
0.04004 0.496327 0.496387 0.496445 0.49653 0.496585 
0.045045 0.495367 0.495452 0.495534 0.495654 0.49573 
0.0500501 0.4943 0.494415 0.494527 0.494689 0.494793 
0.0550551 0.493127 0.493279 0.493427 0.493639 0.493775 
0.0600601 0.491849 0.492046 0.492235 0.492507 0.49268 
0.0650651 0.490467 0.490716 0.490955 0.491296 0.491512 
0.0700701 0.488983 0.489292 0.489587 0.490007 0.490273 
0.0750751 0.487398 0.487775 0.488135 0.488645 0.488967 
0.0800801 0.485714 0.486168 0.486601 0.487211 0.487595 
0.0850851 0.483931 0.484472 0.484986 0.485709 0.486161 
0.0900901 0.482051 0.482689 0.483293 0.484139 0.484667 
0.0950951 0.480075 0.48082 0.481523 0.482506 0.483116 
0.1001 0.478005 0.478868 0.47968 0.48081 0.48151 
0.105105 0.475841 0.476833 0.477764 0.479055 0.479852 
0.11011 0.473586 0.474719 0.475778 0.477243 0.478144 
0.115115 0.47124 0.472526 0.473724 0.475376 0.476388 
0.12012 0.468806 0.470255 0.471604 0.473455 0.474586 
0.125125 0.466283 0.46791 0.469419 0.471484 0.47274 
0.13013 0.463674 0.465492 0.467172 0.469463 0.470853 
0.135135 0.460981 0.463001 0.464864 0.467395 0.468926 
0.14014 0.458203 0.46044 0.462497 0.465282 0.466961 
0.145145 0.455344 0.457811 0.460073 0.463126 0.46496 
0.15015 0.452404 0.455115 0.457594 0.460929 0.462925 
0.155155 0.449384 0.452354 0.455061 0.458691 0.460858 
0.16016 0.446286 0.449529 0.452477 0.456416 0.458759 
0.165165 0.443112 0.446642 0.449842 0.454104 0.456631 
0.17017 0.439862 0.443695 0.447159 0.451757 0.454476 
0.175175 0.436539 0.440688 0.444429 0.449377 0.452294 
0.18018 0.433144 0.437625 0.441653 0.446966 0.450087 
0.185185 0.429678 0.434506 0.438834 0.444524 0.447857 
0.19019 0.426142 0.431333 0.435973 0.442054 0.445605 
0.195195 0.422538 0.428107 0.433072 0.439556 0.443331 
0.2002 0.418868 0.42483 0.430131 0.437033 0.441039 
0.205205 0.415132 0.421503 0.427153 0.434485 0.438728 
0.21021 0.411333 0.418129 0.424139 0.431914 0.4364 
0.215215 0.407472 0.414708 0.42109 0.429321 0.434056 
0.22022 0.40355 0.411242 0.418008 0.426707 0.431697 
0.225225 0.399568 0.407733 0.414894 0.424074 0.429325 
0.23023 0.395529 0.404181 0.41175 0.421422 0.426939 
0.235235 0.391433 0.400589 0.408577 0.418754 0.424542 
0.24024 0.387283 0.396957 0.405376 0.416069 0.422134 
0.245245 0.383078 0.393288 0.402149 0.41337 0.419716 
0.25025 0.378822 0.389583 0.398897 0.410657 0.417289 
0.255255 0.374515 0.385842 0.395621 0.40793 0.414854 
0.26026 0.370159 0.382068 0.392322 0.405192 0.412411 
0.265265 0.365755 0.378261 0.389002 0.402444 0.409963 
0.27027 0.361305 0.374424 0.385662 0.399685 0.407508 
0.275275 0.356811 0.370558 0.382303 0.396917 0.405048 
0.28028 0.352272 0.366663 0.378926 0.394141 0.402585 
0.285285 0.347692 0.362741 0.375533 0.391358 0.400117 
0.29029 0.343072 0.358794 0.372124 0.388569 0.397647 
0.295295 0.338412 0.354822 0.368701 0.385774 0.395175 
0.3003 0.333715 0.350828 0.365264 0.382974 0.392701 
0.305305 0.328982 0.346812 0.361816 0.38017 0.390226 
0.31031 0.324214 0.342776 0.358356 0.377363 0.387751 
0.315315 0.319413 0.33872 0.354886 0.374554 0.385276 
0.32032 0.31458 0.334647 0.351406 0.371743 0.382802 
0.325325 0.309716 0.330556 0.347919 0.36893 0.380329 
0.33033 0.304824 0.326451 0.344425 0.366117 0.377858 
0.335335 0.299903 0.32233 0.340924 0.363305 0.375389 
0.34034 0.294957 0.318197 0.337418 0.360493 0.372923 
0.345345 0.289986 0.314052 0.333908 0.357683 0.37046 
0.35035 0.284991 0.309896 0.330394 0.354875 0.368001 
0.355355 0.279975 0.30573 0.326877 0.352069 0.365545 
0.36036 0.274938 0.301556 0.323359 0.349266 0.363095 
0.365365 0.269881 0.297374 0.31984 0.346468 0.360649 
0.37037 0.264807 0.293185 0.316321 0.343673 0.358208 
0.375375 0.259716 0.288992 0.312803 0.340883 0.355773 
0.38038 0.25461 0.284794 0.309286 0.338099 0.353343 
0.385385 0.24949 0.280593 0.305772 0.33532 0.35092 
0.39039 0.244358 0.27639 0.302261 0.332547 0.348504 
0.395395 0.239215 0.272185 0.298754 0.329781 0.346094 
0.4004 0.234062 0.267981 0.295251 0.327022 0.343692 
0.405405 0.2289 0.263777 0.291754 0.324271 0.341297 
0.41041 0.223731 0.259575 0.288262 0.321527 0.338909 
0.415415 0.218557 0.255376 0.284778 0.318791 0.33653 
0.42042 0.213377 0.251181 0.2813 0.316064 0.334159 
0.425425 0.208195 0.24699 0.277831 0.313347 0.331796 
0.43043 0.20301 0.242805 0.27437 0.310638 0.329442 
0.435435 0.197825 0.238626 0.270919 0.307939 0.327097 
0.44044 0.19264 0.234455 0.267477 0.30525 0.324761 
0.445445 0.187457 0.230292 0.264046 0.302571 0.322435 
0.45045 0.182276 0.226138 0.260626 0.299903 0.320117 
0.455455 0.1771 0.221993 0.257218 0.297246 0.31781 
0.46046 0.171929 0.21786 0.253821 0.2946 0.315512 
0.465465 0.166765 0.213738 0.250438 0.291965 0.313224 
0.47047 0.161609 0.209629 0.247068 0.289342 0.310947 
0.475475 0.156461 0.205533 0.243711 0.286731 0.30868 
0.48048 0.151324 0.201451 0.240368 0.284133 0.306423 
0.485485 0.146198 0.197383 0.237041 0.281546 0.304177 
0.49049 0.141084 0.193331 0.233728 0.278972 0.301941 
0.495495 0.135983 0.189296 0.230431 0.276411 0.299716 
0.500501 0.130898 0.185277 0.22715 0.273863 0.297503 
0.505506 0.125828 0.181275 0.223886 0.271329 0.2953 
0.510511 0.120774 0.177292 0.220638 0.268807 0.293109 
0.515516 0.115739 0.173328 0.217408 0.2663 0.290928 
0.520521 0.110722 0.169384 0.214196 0.263805 0.288759 
0.525526 0.105725 0.165459 0.211001 0.261325 0.286602 
0.530531 0.10075 0.161556 0.207825 0.258859 0.284456 
0.535536 0.0957961 0.157674 0.204668 0.256407 0.282321 
0.540541 0.0908654 0.153814 0.20153 0.25397 0.280198 
0.545546 0.0859586 0.149977 0.198411 0.251547 0.278087 
0.550551 0.0810768 0.146163 0.195312 0.249138 0.275988 
0.555556 0.0762209 0.142373 0.192234 0.246744 0.2739 
0.560561 0.0713918 0.138607 0.189175 0.244365 0.271824 
0.565566 0.0665904 0.134867 0.186138 0.242001 0.26976 
0.570571 0.0618178 0.131151 0.183121 0.239652 0.267708 
0.575576 0.0570747 0.127462 0.180125 0.237318 0.265668 
0.580581 0.0523621 0.123799 0.177151 0.234999 0.26364 
0.585586 0.0476807 0.120162 0.174199 0.232695 0.261624 
0.590591 0.0430316 0.116553 0.171269 0.230407 0.25962 
0.595596 0.0384154 0.112972 0.168361 0.228134 0.257628 
0.600601 0.0338331 0.109419 0.165475 0.225876 0.255649 
0.605606 0.0292854 0.105895 0.162612 0.223634 0.253681 
0.610611 0.0247731 0.1024 0.159771 0.221408 0.251726 
0.615616 0.020297 0.098934 0.156954 0.219197 0.249782 
0.620621 0.0158578 0.095498 0.15416 0.217002 0.247851 
0.625626 0.0114563 0.0920922 0.151389 0.214822 0.245932 
0.630631 0.00709322 0.088717 0.148642 0.212658 0.244025 
0.635636 0.00276924 0.0853726 0.145918 0.21051 0.24213 
0.640641 -0.00151494 0.0820595 0.143218 0.208378 0.240248 
0.645646 -0.00575864 0.0787779 0.140542 0.206261 0.238377 
0.650651 -0.0099612 0.0755282 0.13789 0.20416 0.236519 
0.655656 -0.014122 0.0723106 0.135262 0.202075 0.234672 
0.660661 -0.0182404 0.0691255 0.132659 0.200006 0.232838 
0.665666 -0.0223157 0.0659731 0.13008 0.197953 0.231016 
0.670671 -0.0263475 0.0628536 0.127525 0.195915 0.229206 
0.675676 -0.0303351 0.0597673 0.124995 0.193893 0.227408 
0.680681 -0.0342779 0.0567145 0.122489 0.191887 0.225622 
0.685686 -0.0381754 0.0536953 0.120008 0.189897 0.223848 
0.690691 -0.0420271 0.05071 0.117552 0.187922 0.222086 
0.695696 -0.0458325 0.0477588 0.115121 0.185964 0.220336 
0.700701 -0.049591 0.0448419 0.112715 0.184021 0.218598 
0.705706 -0.0533022 0.0419593 0.110333 0.182093 0.216871 
0.710711 -0.0569657 0.0391114 0.107976 0.180182 0.215157 
0.715716 -0.0605809 0.0362983 0.105645 0.178286 0.213454 
0.720721 -0.0641475 0.03352 0.103338 0.176405 0.211763 
0.725726 -0.067665 0.0307768 0.101056 0.174541 0.210084 
0.730731 -0.0711331 0.0280688 0.0987998 0.172691 0.208417 
0.735736 -0.0745513 0.025396 0.0965681 0.170858 0.206761 
0.740741 -0.0779193 0.0227587 0.0943615 0.169039 0.205117 
0.745746 -0.0812367 0.0201568 0.0921799 0.167237 0.203484 
0.750751 -0.0845032 0.0175904 0.0900232 0.165449 0.201863 
0.755756 -0.0877185 0.0150597 0.0878916 0.163677 0.200254 
0.760761 -0.0908822 0.0125647 0.0857848 0.16192 0.198656 
0.765766 -0.0939942 0.0101054 0.083703 0.160179 0.197069 
0.770771 -0.097054 0.00768188 0.081646 0.158452 0.195494 
0.775776 -0.100062 0.00529421 0.0796139 0.156741 0.19393 
0.780781 -0.103016 0.00294238 0.0776065 0.155044 0.192377 
0.785786 -0.105919 0.000626412 0.0756239 0.153363 0.190836 
0.790791 -0.108768 -0.00165368 0.0736659 0.151697 0.189306 
0.795796 -0.111564 -0.00389791 0.0717326 0.150045 0.187786 
0.800801 -0.114306 -0.00610629 0.0698238 0.148409 0.186278 
0.805806 -0.116995 -0.00827882 0.0679395 0.146787 0.184781 
0.810811 -0.11963 -0.0104155 0.0660796 0.145179 0.183295 
0.815816 -0.122211 -0.0125165 0.064244 0.143587 0.18182 
0.820821 -0.124739 -0.0145817 0.0624327 0.142009 0.180356 
0.825826 -0.127212 -0.0166113 0.0606455 0.140445 0.178902 
0.830831 -0.129631 -0.0186052 0.0588824 0.138896 0.177459 
0.835836 -0.131996 -0.0205636 0.0571432 0.137361 0.176027 
0.840841 -0.134306 -0.0224865 0.0554279 0.13584 0.174606 
0.845846 -0.136562 -0.024374 0.0537364 0.134334 0.173195 
0.850851 -0.138764 -0.0262262 0.0520686 0.132842 0.171795 
0.855856 -0.140911 -0.0280432 0.0504243 0.131363 0.170405 
0.860861 -0.143004 -0.0298251 0.0488034 0.129899 0.169025 
0.865866 -0.145042 -0.031572 0.0472059 0.128448 0.167656 
0.870871 -0.147026 -0.0332841 0.0456316 0.127011 0.166298 
0.875876 -0.148956 -0.0349614 0.0440803 0.125588 0.164949 
0.880881 -0.150831 -0.0366041 0.0425521 0.124179 0.163611 
0.885886 -0.152652 -0.0382123 0.0410466 0.122783 0.162283 
0.890891 -0.154418 -0.0397862 0.0395639 0.121401 0.160964 
0.895896 -0.156131 -0.041326 0.0381038 0.120031 0.159656 
0.900901 -0.157789 -0.0428317 0.036666 0.118676 0.158358 
0.905906 -0.159393 -0.0443035 0.0352506 0.117333 0.15707 
0.910911 -0.160944 -0.0457416 0.0338574 0.116004 0.155792 
0.915916 -0.162441 -0.0471463 0.0324861 0.114687 0.154523 
0.920921 -0.163884 -0.0485176 0.0311368 0.113384 0.153264 
0.925926 -0.165274 -0.0498557 0.0298091 0.112093 0.152015 
0.930931 -0.16661 -0.0511609 0.028503 0.110815 0.150775 
0.935936 -0.167894 -0.0524333 0.0272184 0.10955 0.149545 
0.940941 -0.169125 -0.0536731 0.025955 0.108298 0.148325 
0.945946 -0.170303 -0.0548806 0.0247128 0.107057 0.147114 
0.950951 -0.171428 -0.0560559 0.0234915 0.10583 0.145912 
0.955956 -0.172501 -0.0571993 0.022291 0.104615 0.144719 
0.960961 -0.173523 -0.0583109 0.0211111 0.103412 0.143536 
0.965966 -0.174492 -0.0593911 0.0199517 0.102221 0.142362 
0.970971 -0.17541 -0.06044 0.0188127 0.101042 0.141197 
0.975976 -0.176276 -0.0614578 0.0176938 0.099875 0.140041 
0.980981 -0.177092 -0.0624448 0.0165949 0.0987201 0.138894 
0.985986 -0.177857 -0.0634013 0.0155158 0.097577 0.137757 
0.990991 -0.178571 -0.0643274 0.0144564 0.0964456 0.136628 
0.995996 -0.179236 -0.0652235 0.0134164 0.0953258 0.135508 
1.001 -0.17985 -0.0660897 0.0123958 0.0942175 0.134396 
1.00601 -0.180415 -0.0669264 0.0113943 0.0931207 0.133294 
1.01101 -0.180931 -0.0677337 0.0104117 0.0920353 0.1322 
1.01602 -0.181398 -0.068512 0.00944801 0.0909611 0.131114 
1.02102 -0.181816 -0.0692615 0.0085029 0.0898981 0.130037 
1.02603 -0.182187 -0.0699824 0.00757625 0.0888462 0.128969 
1.03103 -0.182509 -0.0706751 0.00666786 0.0878053 0.127909 
1.03604 -0.182784 -0.0713398 0.00577758 0.0867753 0.126858 
1.04104 -0.183012 -0.0719768 0.00490522 0.0857562 0.125814 
1.04605 -0.183194 -0.0725863 0.0040506 0.0847477 0.12478 
1.05105 -0.183329 -0.0731687 0.00321355 0.08375 0.123753 
1.05606 -0.183418 -0.0737242 0.00239389 0.0827627 0.122734 
1.06106 -0.183462 -0.0742531 0.00159144 0.081786 0.121724 
1.06607 -0.183461 -0.0747557 0.000806019 0.0808196 0.120721 
1.07107 -0.183415 -0.0752322 3.74544e-05 0.0798636 0.119727 
1.07608 -0.183325 -0.075683 -0.000714436 0.0789177 0.11874 
1.08108 -0.183192 -0.0761084 -0.00144983 0.077982 0.117761 
1.08609 -0.183015 -0.0765086 -0.00216891 0.0770563 0.11679 
1.09109 -0.182795 -0.0768839 -0.00287185 0.0761405 0.115827 
1.0961 -0.182533 -0.0772347 -0.00355884 0.0752346 0.114872 
1.1011 -0.182228 -0.0775612 -0.00423004 0.0743385 0.113924 
1.10611 -0.181883 -0.0778638 -0.00488565 0.0734521 0.112983 
1.11111 -0.181496 -0.0781427 -0.00552584 0.0725753 0.112051 
1.11612 -0.181069 -0.0783982 -0.00615079 0.071708 0.111125 
1.12112 -0.180602 -0.0786306 -0.00676068 0.0708502 0.110208 
1.12613 -0.180095 -0.0788403 -0.00735569 0.0700017 0.109297 
1.13113 -0.179549 -0.0790275 -0.00793599 0.0691624 0.108394 
1.13614 -0.178965 -0.0791925 -0.00850176 0.0683324 0.107498 
1.14114 -0.178342 -0.0793357 -0.00905319 0.0675114 0.106609 
1.14615 -0.177682 -0.0794573 -0.00959045 0.0666995 0.105728 
1.15115 -0.176985 -0.0795577 -0.0101137 0.0658965 0.104853 
1.15616 -0.176251 -0.0796372 -0.0106232 0.0651024 0.103986 
1.16116 -0.175482 -0.079696 -0.011119 0.064317 0.103125 
1.16617 -0.174677 -0.0797345 -0.0116013 0.0635403 0.102272 
1.17117 -0.173836 -0.0797529 -0.0120704 0.0627723 0.101425 
1.17618 -0.172962 -0.0797517 -0.0125263 0.0620128 0.100585 
1.18118 -0.172053 -0.0797311 -0.0129693 0.0612617 0.0997525 
1.18619 -0.171112 -0.0796913 -0.0133995 0.060519 0.0989263 
1.19119 -0.170137 -0.0796328 -0.0138171 0.0597846 0.0981068 
1.1962 -0.16913 -0.0795558 -0.0142223 0.0590584 0.0972939 
1.2012 -0.168091 -0.0794606 -0.0146153 0.0583403 0.0964876 
1.20621 -0.167021 -0.0793475 -0.0149962 0.0576303 0.0956878 
1.21121 -0.165921 -0.0792169 -0.0153651 0.0569283 0.0948945 
1.21622 -0.16479 -0.079069 -0.0157223 0.0562341 0.0941077 
1.22122 -0.16363 -0.0789041 -0.016068 0.0555478 0.0933272 
1.22623 -0.162441 -0.0787226 -0.0164022 0.0548693 0.0925531 
1.23123 -0.161223 -0.0785247 -0.0167252 0.0541984 0.0917853 
1.23624 -0.159978 -0.0783108 -0.0170371 0.0535352 0.0910237 
1.24124 -0.158705 -0.0780811 -0.0173381 0.0528794 0.0902684 
1.24625 -0.157406 -0.077836 -0.0176284 0.0522311 0.0895191 
1.25125 -0.15608 -0.0775758 -0.017908 0.0515902 0.088776 
1.25626 -0.154729 -0.0773007 -0.0181773 0.0509566 0.088039 
1.26126 -0.153352 -0.077011 -0.0184363 0.0503303 0.0873079 
1.26627 -0.151952 -0.0767071 -0.0186851 0.0497111 0.0865828 
1.27127 -0.150527 -0.0763893 -0.0189241 0.0490989 0.0858637 
1.27628 -0.149079 -0.0760577 -0.0191532 0.0484939 0.0851504 
1.28128 -0.147608 -0.0757129 -0.0193727 0.0478957 0.0844429 
1.28629 -0.146115 -0.0753549 -0.0195828 0.0473044 0.0837412 
1.29129 -0.1446 -0.0749841 -0.0197835 0.04672 0.0830452 
1.2963 -0.143065 -0.0746009 -0.0199751 0.0461423 0.082355 
1.3013 -0.141508 -0.0742054 -0.0201576 0.0455712 0.0816704 
1.30631 -0.139932 -0.073798 -0.0203313 0.0450068 0.0809914 
1.31131 -0.138337 -0.073379 -0.0204963 0.0444489 0.0803179 
1.31632 -0.136723 -0.0729486 -0.0206527 0.0438975 0.07965 
1.32132 -0.13509 -0.0725071 -0.0208007 0.0433525 0.0789875 
1.32633 -0.13344 -0.0720548 -0.0209404 0.0428138 0.0783305 
1.33133 -0.131773 -0.0715921 -0.021072 0.0422814 0.0776789 
1.33634 -0.130089 -0.071119 -0.0211957 0.0417552 0.0770326 
1.34134 -0.128389 -0.070636 -0.0213114 0.0412351 0.0763916 
1.34635 -0.126674 -0.0701433 -0.0214195 0.0407211 0.0757559 
1.35135 -0.124944 -0.0696412 -0.0215201 0.0402131 0.0751253 
1.35636 -0.1232 -0.0691299 -0.0216132 0.0397111 0.0745 
1.36136 -0.121442 -0.0686098 -0.0216991 0.039215 0.0738798 
1.36637 -0.11967 -0.068081 -0.0217778 0.0387247 0.0732647 
1.37137 -0.117887 -0.0675438 -0.0218495 0.0382402 0.0726547 
1.37638 -0.116091 -0.0669986 -0.0219144 0.0377614 0.0720497 
1.38138 -0.114283 -0.0664455 -0.0219725 0.0372882 0.0714497 
1.38639 -0.112465 -0.0658848 -0.022024 0.0368206 0.0708546 
1.39139 -0.110636 -0.0653168 -0.0220691 0.0363585 0.0702644 
1.3964 -0.108798 -0.0647417 -0.0221078 0.0359019 0.069679 
1.4014 -0.10695 -0.0641598 -0.0221403 0.0354508 0.0690985 
1.40641 -0.105093 -0.0635713 -0.0221667 0.0350049 0.0685228 
1.41141 -0.103228 -0.0629765 -0.0221871 0.0345644 0.0679518 
1.41642 -0.101355 -0.0623755 -0.0222017 0.0341291 0.0673855 
1.42142 -0.0994749 -0.0617688 -0.0222106 0.033699 0.0668239 
1.42643 -0.0975881 -0.0611564 -0.0222139 0.033274 0.0662669 
1.43143 -0.0956952 -0.0605386 -0.0222118 0.032854 0.0657146 
1.43644 -0.0937967 -0.0599157 -0.0222042 0.0324391 0.0651667 
1.44144 -0.091893 -0.0592879 -0.0221915 0.0320292 0.0646234 
1.44645 -0.0899847 -0.0586553 -0.0221736 0.0316241 0.0640846 
1.45145 -0.0880722 -0.0580184 -0.0221508 0.0312239 0.0635503 
1.45646 -0.0861562 -0.0573772 -0.022123 0.0308285 0.0630203 
1.46146 -0.0842371 -0.056732 -0.0220905 0.0304379 0.0624947 
1.46647 -0.0823153 -0.056083 -0.0220533 0.0300519 0.0619735 
1.47147 -0.0803914 -0.0554304 -0.0220115 0.0296706 0.0614566 
1.47648 -0.0784659 -0.0547745 -0.0219654 0.0292939 0.060944 
1.48148 -0.0765393 -0.0541154 -0.0219148 0.0289218 0.0604356 
1.48649 -0.0746119 -0.0534534 -0.0218601 0.0285541 0.0599314 
1.49149 -0.0726844 -0.0527887 -0.0218012 0.0281908 0.0594313 
1.4965 -0.0707572 -0.0521214 -0.0217383 0.027832 0.0589354 
1.5015 -0.0688307 -0.0514519 -0.0216715 0.0274775 0.0584437 
1.50651 -0.0669055 -0.0507801 -0.0216008 0.0271273 0.057956 
1.51151 -0.0649819 -0.0501065 -0.0215265 0.0267813 0.0574723 
1.51652 -0.0630604 -0.0494311 -0.0214485 0.0264396 0.0569926 
1.52152 -0.0611415 -0.0487542 -0.021367 0.0261019 0.0565169 
1.52653 -0.0592257 -0.0480759 -0.0212821 0.0257684 0.0560452 
1.53153 -0.0573132 -0.0473965 -0.0211939 0.025439 0.0555773 
1.53654 -0.0554047 -0.0467161 -0.0211024 0.0251136 0.0551134 
1.54154 -0.0535005 -0.0460349 -0.0210078 0.0247921 0.0546533 
1.54655 -0.0516011 -0.045353 -0.0209101 0.0244746 0.054197 
1.55155 -0.0497068 -0.0446707 -0.0208095 0.0241609 0.0537444 
1.55656 -0.0478181 -0.0439881 -0.020706 0.0238511 0.0532957 
1.56156 -0.0459354 -0.0433055 -0.0205997 0.0235451 0.0528506 
1.56657 -0.0440591 -0.0426229 -0.0204907 0.0232428 0.0524093 
1.57157 -0.0421895 -0.0419405 -0.0203791 0.0229443 0.0519716 
1.57658 -0.0403272 -0.0412585 -0.020265 0.0226494 0.0515375 
1.58158 -0.0384724 -0.040577 -0.0201484 0.0223581 0.0511071 
1.58659 -0.0366256 -0.0398963 -0.0200294 0.0220704 0.0506802 
1.59159 -0.0347872 -0.0392164 -0.0199082 0.0217863 0.0502569 
1.5966 -0.0329574 -0.0385376 -0.0197847 0.0215056 0.0498371 
1.6016 -0.0311367 -0.0378599 -0.0196592 0.0212284 0.0494207 
1.60661 -0.0293254 -0.0371835 -0.0195316 0.0209546 0.0490079 
1.61161 -0.0275239 -0.0365086 -0.019402 0.0206843 0.0485984 
1.61662 -0.0257326 -0.0358352 -0.0192705 0.0204172 0.0481924 
1.62162 -0.0239517 -0.0351636 -0.0191371 0.0201535 0.0477897 
1.62663 -0.0221816 -0.0344939 -0.019002 0.019893 0.0473904 
1.63163 -0.0204227 -0.0338262 -0.0188653 0.0196357 0.0469944 
1.63664 -0.0186753 -0.0331606 -0.0187269 0.0193817 0.0466017 
1.64164 -0.0169396 -0.0324973 -0.0185869 0.0191308 0.0462122 
1.64665 -0.0152161 -0.0318364 -0.0184455 0.018883 0.045826 
1.65165 -0.0135049 -0.0311781 -0.0183027 0.0186383 0.0454431 
1.65666 -0.0118065 -0.0305223 -0.0181585 0.0183966 0.0450632 
1.66166 -0.0101211 -0.0298693 -0.018013 0.0181579 0.0446866 
1.66667 -0.00844901 -0.0292192 -0.0178664 0.0179223 0.0443131 
1.67167 -0.0067905 -0.0285721 -0.0177185 0.0176895 0.0439427 
1.67668 -0.00514585 -0.0279281 -0.0175696 0.0174597 0.0435754 
1.68168 -0.00351533 -0.0272872 -0.0174196 0.0172327 0.0432111 
1.68669 -0.00189923 -0.0266497 -0.0172687 0.0170086 0.0428499 
1.69169 -0.000297783 -0.0260157 -0.0171168 0.0167872 0.0424916 
1.6967 0.00128874 -0.0253851 -0.016964 0.0165687 0.0421364 
1.7017 0.0028601 -0.0247582 -0.0168105 0.0163529 0.0417841 
1.70671 0.00441604 -0.0241349 -0.0166562 0.0161398 0.0414348 
1.71171 0.00595634 -0.0235155 -0.0165012 0.0159293 0.0410883 
1.71672 0.00748077 -0.0229 -0.0163456 0.0157215 0.0407448 
1.72172 0.00898909 -0.0222885 -0.0161893 0.0155163 0.0404041 
1.72673 0.0104811 -0.021681 -0.0160326 0.0153137 0.0400662 
1.73173 0.0119566 -0.0210777 -0.0158753 0.0151137 0.0397312 
1.73674 0.0134153 -0.0204787 -0.0157176 0.0149161 0.0393989 
1.74174 0.0148571 -0.019884 -0.0155594 0.0147211 0.0390694 
1.74675 0.0162818 -0.0192937 -0.015401 0.0145285 0.0387427 
1.75175 0.0176891 -0.0187078 -0.0152422 0.0143383 0.0384187 
1.75676 0.019079 -0.0181265 -0.0150832 0.0141505 0.0380974 
1.76176 0.0204511 -0.0175499 -0.014924 0.0139651 0.0377787 
1.76677 0.0218055 -0.0169779 -0.0147645 0.0137821 0.0374628 
1.77177 0.0231418 -0.0164107 -0.014605 0.0136014 0.0371494 
1.77678 0.0244599 -0.0158483 -0.0144454 0.0134229 0.0368387 
1.78178 0.0257597 -0.0152908 -0.0142857 0.0132467 0.0365305 
1.78679 0.0270411 -0.0147382 -0.014126 0.0130728 0.036225 
1.79179 0.0283038 -0.0141906 -0.0139664 0.0129011 0.035922 
1.7968 0.0295478 -0.0136481 -0.0138068 0.0127315 0.0356215 
1.8018 0.030773 -0.0131107 -0.0136474 0.0125641 0.0353235 
1.80681 0.0319791 -0.0125785 -0.013488 0.0123988 0.035028 
1.81181 0.0331661 -0.0120515 -0.0133289 0.0122356 0.0347349 
1.81682 0.0343339 -0.0115297 -0.01317 0.0120745 0.0344443 
1.82182 0.0354824 -0.0110132 -0.0130113 0.0119155 0.0341562 
1.82683 0.0366114 -0.0105021 -0.0128529 0.0117584 0.0338704 
1.83183 0.0377209 -0.00999641 -0.0126948 0.0116034 0.033587 
1.83684 0.0388109 -0.00949611 -0.0125371 0.0114504 0.033306 
1.84184 0.0398811 -0.00900128 -0.0123797 0.0112993 0.0330273 
1.84685 0.0409315 -0.00851195 -0.0122228 0.0111501 0.032751 
1.85185 0.0419621 -0.00802816 -0.0120663 0.0110029 0.032477 
1.85686 0.0429728 -0.00754994 -0.0119102 0.0108575 0.0322052 
1.86186 0.0439635 -0.00707731 -0.0117547 0.010714 0.0319357 
1.86687 0.0449342 -0.00661031 -0.0115996 0.0105723 0.0316685 
1.87187 0.0458849 -0.00614896 -0.0114451 0.0104325 0.0314035 
1.87688 0.0468154 -0.00569328 -0.0112912 0.0102944 0.0311407 
1.88188 0.0477257 -0.00524331 -0.0111379 0.0101581 0.0308801 
1.88689 0.0486159 -0.00479905 -0.0109852 0.0100236 0.0306217 
1.89189 0.0494858 -0.00436054 -0.0108331 0.00989075 0.0303654 
1.8969 0.0503355 -0.00392778 -0.0106818 0.00975964 0.0301113 
1.9019 0.051165 -0.0035008 -0.0105311 0.00963022 0.0298593 
1.90691 0.0519742 -0.00307961 -0.0103811 0.00950246 0.0296094 
1.91191 0.052763 -0.00266421 -0.0102318 0.00937635 0.0293616 
1.91692 0.0535316 -0.00225463 -0.0100833 0.00925186 0.0291159 
1.92192 0.05428 -0.00185086 -0.00993559 0.00912897 0.0288722 
1.92693 0.055008 -0.00145293 -0.00978865 0.00900767 0.0286305 
1.93193 0.0557158 -0.00106083 -0.00964253 0.00888794 0.0283909 
1.93694 0.0564033 -0.000674573 -0.00949723 0.00876975 0.0281533 
1.94194 0.0570706 -0.000294158 -0.00935278 0.00865308 0.0279176 
1.94695 0.0577177 8.04123e-05 -0.00920919 0.00853793 0.027684 
1.95195 0.0583447 0.000449137 -0.00906648 0.00842426 0.0274522 
1.95696 0.0589515 0.000812017 -0.00892466 0.00831206 0.0272225 
1.96196 0.0595382 0.00116905 -0.00878376 0.00820132 0.0269946 
1.96697 0.0601049 0.00152025 -0.00864377 0.00809201 0.0267686 
1.97197 0.0606516 0.00186562 -0.00850473 0.00798411 0.0265446 
1.97698 0.0611783 0.00220516 -0.00836663 0.00787762 0.0263224 
1.98198 0.0616852 0.00253888 -0.0082295 0.0077725 0.026102 
1.98699 0.0621722 0.00286679 -0.00809335 0.00766875 0.0258835 
1.99199 0.0626395 0.0031889 -0.00795819 0.00756635 0.0256668 
1.997 0.0630871 0.00350523 -0.00782402 0.00746528 0.025452 
2.002 0.063515 0.00381578 -0.00769087 0.00736552 0.0252389 
2.00701 0.0639235 0.00412056 -0.00755873 0.00726706 0.0250276 
2.01201 0.0643125 0.00441961 -0.00742763 0.00716987 0.0248181 
2.01702 0.0646821 0.00471292 -0.00729757 0.00707396 0.0246103 
2.02202 0.0650325 0.00500053 -0.00716856 0.00697929 0.0244043 
2.02703 0.0653637 0.00528244 -0.0070406 0.00688586 0.0242 
2.03203 0.0656758 0.00555867 -0.00691371 0.00679364 0.0239974 
2.03704 0.065969 0.00582926 -0.0067879 0.00670263 0.0237965 
2.04204 0.0662432 0.00609422 -0.00666317 0.00661281 0.0235972 
2.04705 0.0664987 0.00635357 -0.00653952 0.00652416 0.0233997 
2.05205 0.0667356 0.00660733 -0.00641697 0.00643666 0.0232038 
2.05706 0.066954 0.00685554 -0.00629552 0.00635031 0.0230095 
2.06206 0.0671539 0.00709822 -0.00617518 0.00626509 0.0228168 
2.06707 0.0673356 0.00733539 -0.00605595 0.00618098 0.0226258 
2.07207 0.0674991 0.00756708 -0.00593783 0.00609798 0.0224364 
2.07708 0.0676445 0.00779332 -0.00582084 0.00601606 0.0222485 
2.08208 0.0677721 0.00801415 -0.00570497 0.00593521 0.0220622 
2.08709 0.0678819 0.00822959 -0.00559023 0.00585543 0.0218775 
2.09209 0.0679741 0.00843967 -0.00547662 0.00577669 0.0216943 
2.0971 0.0680489 0.00864442 -0.00536415 0.00569898 0.0215127 
2.1021 0.0681062 0.00884388 -0.00525281 0.00562229 0.0213325 
2.10711 0.0681465 0.00903808 -0.00514261 0.00554661 0.0211539 
2.11211 0.0681696 0.00922706 -0.00503356 0.00547192 0.0209768 
2.11712 0.0681759 0.00941085 -0.00492565 0.00539822 0.0208011 
2.12212 0.0681655 0.00958949 -0.00481888 0.00532548 0.020627 
2.12713 0.0681386 0.00976301 -0.00471326 0.0052537 0.0204542 
2.13213 0.0680952 0.00993145 -0.00460879 0.00518287 0.020283 
2.13714 0.0680356 0.0100948 -0.00450547 0.00511296 0.0201131 
2.14214 0.0679599 0.0102532 -0.00440329 0.00504398 0.0199447 
2.14715 0.0678683 0.0104067 -0.00430226 0.00497591 0.0197777 
2.15215 0.067761 0.0105552 -0.00420238 0.00490873 0.0196121 
2.15716 0.0676381 0.0106988 -0.00410365 0.00484245 0.0194478 
2.16216 0.0674999 0.0108376 -0.00400606 0.00477703 0.019285 
2.16717 0.0673464 0.0109716 -0.00390962 0.00471248 0.0191235 
2.17217 0.0671779 0.0111008 -0.00381432 0.00464878 0.0189634 
2.17718 0.0669946 0.0112253 -0.00372016 0.00458592 0.0188045 
2.18218 0.0667966 0.0113451 -0.00362714 0.00452389 0.0186471 
2.18719 0.0665842 0.0114603 -0.00353526 0.00446269 0.0184909 
2.19219 0.0663575 0.011571 -0.00344451 0.00440229 0.0183361 
2.1972 0.0661166 0.011677 -0.0033549 0.00434269 0.0181825 
2.2022 0.0658619 0.0117786 -0.00326641 0.00428388 0.0180302 
2.20721 0.0655935 0.0118757 -0.00317906 0.00422585 0.0178793 
2.21221 0.0653115 0.0119685 -0.00309282 0.00416859 0.0177295 
2.21722 0.0650162 0.0120568 -0.00300771 0.00411209 0.017581 
2.22222 0.0647078 0.0121409 -0.00292371 0.00405634 0.0174338 
2.22723 0.0643865 0.0122206 -0.00284083 0.00400132 0.0172878 
2.23223 0.0640524 0.0122962 -0.00275905 0.00394704 0.017143 
2.23724 0.0637058 0.0123676 -0.00267838 0.00389347 0.0169995 
2.24224 0.0633469 0.0124349 -0.00259881 0.00384062 0.0168571 
2.24725 0.0629758 0.012498 -0.00252034 0.00378847 0.0167159 
2.25225 0.0625929 0.0125572 -0.00244295 0.00373702 0.0165759 
2.25726 0.0621982 0.0126124 -0.00236665 0.00368624 0.0164371 
2.26226 0.061792 0.0126636 -0.00229144 0.00363615 0.0162994 
2.26727 0.0613745 0.0127109 -0.0022173 0.00358672 0.0161629 
2.27227 0.0609459 0.0127545 -0.00214423 0.00353794 0.0160276 
2.27728 0.0605064 0.0127942 -0.00207222 0.00348982 0.0158933 
2.28228 0.0600563 0.0128302 -0.00200127 0.00344234 0.0157602 
2.28729 0.0595957 0.0128625 -0.00193138 0.00339549 0.0156282 
2.29229 0.0591248 0.0128912 -0.00186254 0.00334927 0.0154973 
2.2973 0.0586439 0.0129162 -0.00179473 0.00330366 0.0153675 
2.3023 0.0581532 0.0129378 -0.00172797 0.00325866 0.0152388 
2.30731 0.0576528 0.0129558 -0.00166223 0.00321426 0.0151112 
2.31231 0.057143 0.0129704 -0.00159751 0.00317045 0.0149846 
2.31732 0.0566241 0.0129817 -0.00153381 0.00312723 0.0148591 
2.32232 0.0560961 0.0129895 -0.00147113 0.00308459 0.0147347 
2.32733 0.0555594 0.0129941 -0.00140944 0.00304252 0.0146113 
2.33233 0.0550141 0.0129955 -0.00134875 0.00300101 0.0144889 
2.33734 0.0544605 0.0129936 -0.00128905 0.00296005 0.0143675 
2.34234 0.0538987 0.0129887 -0.00123033 0.00291964 0.0142472 
2.34735 0.0533291 0.0129806 -0.00117259 0.00287978 0.0141279 
2.35235 0.0527517 0.0129695 -0.00111582 0.00284044 0.0140095 
2.35736 0.0521668 0.0129554 -0.00106001 0.00280164 0.0138922 
2.36236 0.0515747 0.0129384 -0.00100515 0.00276335 0.0137758 
2.36737 0.0509755 0.0129184 -0.00095124 0.00272558 0.0136604 
2.37237 0.0503694 0.0128957 -0.000898268 0.00268831 0.013546 
2.37738 0.0497567 0.0128701 -0.000846227 0.00265155 0.0134326 
2.38238 0.0491376 0.0128418 -0.00079511 0.00261527 0.0133201 
2.38739 0.0485122 0.0128108 -0.00074491 0.00257949 0.0132085 
2.39239 0.0478809 0.0127772 -0.000695619 0.00254418 0.0130979 
2.3974 0.0472437 0.012741 -0.000647228 0.00250935 0.0129881 
2.4024 0.046601 0.0127022 -0.00059973 0.00247499 0.0128794 
2.40741 0.0459528 0.012661 -0.000553118 0.00244108 0.0127715 
2.41241 0.0452996 0.0126173 -0.000507383 0.00240764 0.0126645 
2.41742 0.0446413 0.0125712 -0.000462518 0.00237464 0.0125584 
2.42242 0.0439783 0.0125227 -0.000418514 0.00234209 0.0124532 
2.42743 0.0433108 0.012472 -0.000375363 0.00230998 0.0123489 
2.43243 0.0426389 0.012419 -0.000333058 0.0022783 0.0122455 
2.43744 0.0419629 0.0123638 -0.000291591 0.00224704 0.0121429 
2.44244 0.0412829 0.0123064 -0.000250953 0.00221621 0.0120412 
2.44745 0.0405992 0.0122469 -0.000211135 0.00218579 0.0119403 
2.45245 0.039912 0.0121854 -0.000172131 0.00215578 0.0118403 
2.45746 0.0392215 0.0121219 -0.000133932 0.00212618 0.0117411 
2.46246 0.0385278 0.0120564 -9.65293e-05 0.00209698 0.0116428 
2.46747 0.0378313 0.0119889 -5.99151e-05 0.00206817 0.0115453 
2.47247 0.0371319 0.0119196 -2.40812e-05 0.00203975 0.0114486 
2.47748 0.0364301 0.0118485 1.09807e-05 0.00201171 0.0113527 
2.48248 0.0357259 0.0117756 4.52789e-05 0.00198405 0.0112576 
2.48749 0.0350196 0.0117009 7.88215e-05 0.00195677 0.0111633 
2.49249 0.0343113 0.0116246 0.000111617 0.00192985 0.0110698 
2.4975 0.0336013 0.0115466 0.000143673 0.0019033 0.010977 
2.5025 0.0328897 0.011467 0.000174999 0.00187711 0.0108851 
2.50751 0.0321767 0.0113859 0.000205602 0.00185127 0.0107939 
2.51251 0.0314625 0.0113032 0.00023549 0.00182578 0.0107035 
2.51752 0.0307473 0.0112191 0.000264673 0.00180063 0.0106138 
2.52252 0.0300313 0.0111335 0.000293158 0.00177583 0.0105249 
2.52753 0.0293146 0.0110466 0.000320953 0.00175136 0.0104368 
2.53253 0.0285975 0.0109583 0.000348067 0.00172723 0.0103493 
2.53754 0.0278801 0.0108687 0.000374508 0.00170342 0.0102626 
2.54254 0.0271626 0.0107779 0.000400283 0.00167993 0.0101767 
2.54755 0.0264452 0.0106858 0.000425402 0.00165677 0.0100914 
2.55255 0.025728 0.0105926 0.000449872 0.00163391 0.0100069 
2.55756 0.0250112 0.0104982 0.000473702 0.00161137 0.00992308 
2.56256 0.0242951 0.0104028 0.000496899 0.00158913 0.00983995 
2.56757 0.0235797 0.0103063 0.000519472 0.0015672 0.00975753 
2.57257 0.0228652 0.0102087 0.000541429 0.00154556 0.00967579 
2.57758 0.0221518 0.0101103 0.000562777 0.00152422 0.00959474 
2.58258 0.0214397 0.0100108 0.000583526 0.00150316 0.00951436 
2.58759 0.020729 0.00991052 0.000603682 0.0014824 0.00943466 
2.59259 0.0200199 0.00980934 0.000623253 0.00146191 0.00935563 
2.5976 0.0193126 0.00970735 0.000642249 0.0014417 0.00927726 
2.6026 0.0186071 0.00960458 0.000660676 0.00142177 0.00919955 
2.60761 0.0179037 0.00950107 0.000678542 0.00140211 0.00912248 
2.61261 0.0172025 0.00939685 0.000695856 0.00138272 0.00904607 
2.61762 0.0165036 0.00929196 0.000712624 0.00136359 0.00897029 
2.62262 0.0158073 0.00918643 0.000728856 0.00134473 0.00889514 
2.62763 0.0151136 0.00908031 0.000744558 0.00132611 0.00882063 
2.63263 0.0144227 0.00897362 0.000759738 0.00130776 0.00874674 
2.63764 0.0137348 0.00886641 0.000774404 0.00128965 0.00867347 
2.64264 0.0130499 0.0087587 0.000788563 0.00127179 0.00860081 
2.64765 0.0123682 0.00865053 0.000802223 0.00125417 0.00852876 
2.65265 0.01169 0.00854193 0.000815392 0.0012368 0.00845732 
2.65766 0.0110152 0.00843294 0.000828077 0.00121966 0.00838647 
2.66266 0.010344 0.00832359 0.000840285 0.00120275 0.00831622 
2.66767 0.00967655 0.00821391 0.000852024 0.00118608 0.00824655 
2.67267 0.009013 0.00810394 0.000863301 0.00116963 0.00817747 
2.67768 0.00835347 0.0079937 0.000874123 0.00115341 0.00810897 
2.68268 0.00769806 0.00788322 0.000884498 0.00113741 0.00804104 
2.68769 0.00704691 0.00777254 0.000894433 0.00112163 0.00797368 
2.69269 0.00640013 0.00766169 0.000903934 0.00110606 0.00790688 
2.6977 0.00575784 0.00755069 0.00091301 0.00109071 0.00784065 
2.7027 0.00512015 0.00743958 0.000921667 0.00107557 0.00777496 
2.70771 0.00448718 0.00732838 0.000929911 0.00106063 0.00770983 
2.71271 0.00385904 0.00721713 0.000937751 0.0010459 0.00764525 
2.71772 0.00323584 0.00710585 0.000945193 0.00103137 0.0075812 
2.72272 0.00261767 0.00699456 0.000952244 0.00101704 0.00751769 
2.72773 0.00200466 0.0068833 0.000958909 0.00100291 0.00745472 
2.73273 0.00139689 0.00677209 0.000965198 0.000988966 0.00739227 
2.73774 0.000794475 0.00666097 0.000971115 0.000975216 0.00733034 
2.74274 0.000197502 0.00654994 0.000976667 0.000961655 0.00726893 
2.74775 -0.000393931 0.00643905 0.000981862 0.00094828 0.00720804 
2.75275 -0.00097973 0.00632831 0.000986705 0.000935088 0.00714766 
2.75776 -0.00155981 0.00621775 0.000991204 0.000922077 0.00708778 
2.76276 -0.00213407 0.00610739 0.000995363 0.000909245 0.0070284 
2.76777 -0.00270244 0.00599726 0.000999191 0.000896589 0.00696953 
2.77277 -0.00326482 0.00588738 0.00100269 0.000884106 0.00691114 
2.77778 -0.00382114 0.00577778 0.00100587 0.000871795 0.00685324 
2.78278 -0.00437132 0.00566847 0.00100874 0.000859653 0.00679583 
2.78779 -0.00491528 0.00555948 0.0010113 0.000847678 0.0067389 
2.79279 -0.00545294 0.00545083 0.00101356 0.000835867 0.00668245 
2.7978 -0.00598424 0.00534254 0.00101553 0.000824219 0.00662647 
2.8028 -0.0065091 0.00523463 0.0010172 0.000812731 0.00657096 
2.80781 -0.00702745 0.00512712 0.00101859 0.0008014 0.00651591 
2.81281 -0.00753924 0.00502004 0.00101971 0.000790226 0.00646132 
2.81782 -0.00804438 0.0049134 0.00102055 0.000779205 0.0064072 
2.82282 -0.00854283 0.00480721 0.00102112 0.000768336 0.00635352 
2.82783 -0.00903453 0.00470151 0.00102144 0.000757617 0.0063003 
2.83283 -0.00951941 0.00459631 0.00102149 0.000747045 0.00624752 
2.83784 -0.00999743 0.00449162 0.0010213 0.000736619 0.00619518 
2.84284 -0.0104685 0.00438746 0.00102087 0.000726336 0.00614328 
2.84785 -0.0109326 0.00428386 0.0010202 0.000716195 0.00609182 
2.85285 -0.0113898 0.00418082 0.00101929 0.000706194 0.00604078 
2.85786 -0.0118398 0.00407836 0.00101816 0.000696331 0.00599018 
2.86286 -0.0122827 0.00397651 0.0010168 0.000686603 0.00593999 
2.86787 -0.0127185 0.00387527 0.00101522 0.00067701 0.00589023 
2.87287 -0.0131471 0.00377465 0.00101343 0.000667549 0.00584089 
2.87788 -0.0135685 0.00367469 0.00101144 0.000658219 0.00579196 
2.88288 -0.0139826 0.00357538 0.00100924 0.000649017 0.00574344 
2.88789 -0.0143894 0.00347674 0.00100685 0.000639943 0.00569532 
2.89289 -0.0147888 0.0033788 0.00100426 0.000630993 0.00564761 
2.8979 -0.015181 0.00328155 0.00100148 0.000622167 0.0056003 
2.9029 -0.0155657 0.00318501 0.000998523 0.000613464 0.00555338 
2.90791 -0.015943 0.0030892 0.000995385 0.00060488 0.00550686 
2.91291 -0.0163129 0.00299412 0.000992074 0.000596415 0.00546073 
2.91792 -0.0166754 0.0028998 0.000988593 0.000588067 0.00541498 
2.92292 -0.0170303 0.00280623 0.000984947 0.000579834 0.00536962 
2.92793 -0.0173778 0.00271344 0.000981142 0.000571715 0.00532463 
2.93293 -0.0177178 0.00262143 0.00097718 0.000563709 0.00528003 
2.93794 -0.0180503 0.0025302 0.000973067 0.000555813 0.00523579 
2.94294 -0.0183752 0.00243979 0.000968807 0.000548027 0.00519193 
2.94795 -0.0186926 0.00235018 0.000964403 0.000540348 0.00514843 
2.95295 -0.0190025 0.00226139 0.000959861 0.000532775 0.0051053 
2.95796 -0.0193048 0.00217343 0.000955184 0.000525308 0.00506253 
2.96296 -0.0195995 0.00208632 0.000950377 0.000517943 0.00502012 
2.96797 -0.0198867 0.00200004 0.000945443 0.000510681 0.00497807 
2.97297 -0.0201664 0.00191462 0.000940386 0.00050352 0.00493636 
2.97798 -0.0204385 0.00183007 0.00093521 0.000496457 0.00489501 
2.98298 -0.020703 0.00174638 0.000929919 0.000489493 0.004854 
2.98799 -0.0209601 0.00166357 0.000924518 0.000482625 0.00481334 
2.99299 -0.0212095 0.00158164 0.000919008 0.000475852 0.00477301 
2.998 -0.0214515 0.0015006 0.000913395 0.000469173 0.00473303 
3.003 -0.021686 0.00142045 0.000907682 0.000462587 0.00469338 
3.00801 -0.0219129 0.00134121 0.000901873 0.000456092 0.00465406 
3.01301 -0.0221324 0.00126287 0.00089597 0.000449688 0.00461507 
3.01802 -0.0223444 0.00118544 0.000889977 0.000443372 0.00457641 
3.02302 -0.0225489 0.00110892 0.000883898 0.000437144 0.00453807 
3.02803 -0.0227461 0.00103333 0.000877737 0.000431002 0.00450005 
3.03303 -0.0229358 0.000958658 0.000871496 0.000424946 0.00446235 
3.03804 -0.0231181 0.000884915 0.000865178 0.000418974 0.00442497 
3.04304 -0.0232931 0.000812103 0.000858787 0.000413084 0.0043879 
3.04805 -0.0234607 0.000740226 0.000852327 0.000407277 0.00435114 
3.05305 -0.023621 0.000669286 0.000845799 0.00040155 0.00431469 
3.05806 -0.0237741 0.000599286 0.000839207 0.000395903 0.00427854 
3.06306 -0.0239199 0.000530229 0.000832555 0.000390335 0.0042427 
3.06807 -0.0240585 0.000462117 0.000825845 0.000384844 0.00420715 
3.07307 -0.0241899 0.000394952 0.000819079 0.000379429 0.00417191 
3.07808 -0.0243141 0.000328735 0.000812262 0.00037409 0.00413696 
3.08308 -0.0244313 0.000263468 0.000805394 0.000368825 0.0041023 
3.08809 -0.0245414 0.000199151 0.000798481 0.000363633 0.00406793 
3.09309 -0.0246444 0.000135787 0.000791523 0.000358514 0.00403385 
3.0981 -0.0247405 7.33746e-05 0.000784524 0.000353465 0.00400006 
3.1031 -0.0248296 1.19154e-05 0.000777486 0.000348487 0.00396655 
3.10811 -0.0249118 -4.85907e-05 0.000770412 0.000343579 0.00393332 
3.11311 -0.0249871 -0.000108144 0.000763304 0.000338739 0.00390037 
3.11812 -0.0250556 -0.000166745 0.000756165 0.000333966 0.00386769 
3.12312 -0.0251174 -0.000224393 0.000748997 0.00032926 0.00383529 
3.12813 -0.0251724 -0.00028109 0.000741803 0.000324619 0.00380316 
3.13313 -0.0252208 -0.000336837 0.000734585 0.000320043 0.0037713 
3.13814 -0.0252625 -0.000391634 0.000727344 0.000315531 0.0037397 
3.14314 -0.0252977 -0.000445484 0.000720084 0.000311082 0.00370837 
3.14815 -0.0253263 -0.000498387 0.000712807 0.000306695 0.00367731 
3.15315 -0.0253485 -0.000550346 0.000705514 0.000302369 0.0036465 
3.15816 -0.0253643 -0.000601363 0.000698209 0.000298104 0.00361595 
3.16316 -0.0253737 -0.00065144 0.000690892 0.000293898 0.00358566 
3.16817 -0.0253769 -0.000700579 0.000683566 0.000289751 0.00355562 
3.17317 -0.0253738 -0.000748782 0.000676233 0.000285661 0.00352583 
3.17818 -0.0253645 -0.000796054 0.000668894 0.000281629 0.00349629 
3.18318 -0.0253491 -0.000842396 0.000661553 0.000277653 0.003467 
3.18819 -0.0253277 -0.000887812 0.00065421 0.000273733 0.00343796 
3.19319 -0.0253002 -0.000932305 0.000646867 0.000269867 0.00340916 
3.1982 -0.0252669 -0.000975879 0.000639527 0.000266056 0.0033806 
3.2032 -0.0252276 -0.00101854 0.00063219 0.000262297 0.00335228 
3.20821 -0.0251826 -0.00106028 0.000624859 0.000258592 0.00332419 
3.21321 -0.0251318 -0.00110112 0.000617536 0.000254938 0.00329634 
3.21822 -0.0250754 -0.00114106 0.000610221 0.000251335 0.00326873 
3.22322 -0.0250133 -0.00118009 0.000602916 0.000247783 0.00324134 
3.22823 -0.0249458 -0.00121823 0.000595624 0.00024428 0.00321419 
3.23323 -0.0248727 -0.00125548 0.000588345 0.000240826 0.00318726 
3.23824 -0.0247943 -0.00129185 0.000581081 0.000237421 0.00316056 
3.24324 -0.0247105 -0.00132733 0.000573834 0.000234063 0.00313408 
3.24825 -0.0246214 -0.00136194 0.000566605 0.000230753 0.00310783 
3.25325 -0.0245272 -0.00139568 0.000559394 0.000227489 0.00308179 
3.25826 -0.0244279 -0.00142855 0.000552204 0.00022427 0.00305597 
3.26326 -0.0243235 -0.00146056 0.000545037 0.000221097 0.00303037 
3.26827 -0.0242141 -0.00149172 0.000537892 0.000217968 0.00300498 
3.27327 -0.0240999 -0.00152203 0.000530771 0.000214882 0.00297981 
3.27828 -0.0239808 -0.0015515 0.000523677 0.00021184 0.00295484 
3.28328 -0.0238569 -0.00158013 0.000516608 0.000208841 0.00293009 
3.28829 -0.0237284 -0.00160794 0.000509568 0.000205884 0.00290554 
3.29329 -0.0235953 -0.00163491 0.000502557 0.000202968 0.0028812 
3.2983 -0.0234577 -0.00166107 0.000495576 0.000200093 0.00285706 
3.3033 -0.0233156 -0.00168642 0.000488625 0.000197259 0.00283313 
3.30831 -0.0231692 -0.00171096 0.000481707 0.000194464 0.00280939 
3.31331 -0.0230184 -0.0017347 0.000474822 0.000191708 0.00278586 
3.31832 -0.0228635 -0.00175765 0.000467972 0.000188992 0.00276252 
3.32332 -0.0227044 -0.00177982 0.000461156 0.000186313 0.00273938 
3.32833 -0.0225412 -0.0018012 0.000454375 0.000183672 0.00271643 
3.33333 -0.022374 -0.00182182 0.000447632 0.000181068 0.00269367 
3.33834 -0.022203 -0.00184167 0.000440926 0.0001785 0.0026711 
3.34334 -0.0220281 -0.00186076 0.000434259 0.000175969 0.00264872 
3.34835 -0.0218494 -0.0018791 0.000427631 0.000173473 0.00262653 
3.35335 -0.0216671 -0.0018967 0.000421043 0.000171012 0.00260453 
3.35836 -0.0214812 -0.00191356 0.000414495 0.000168586 0.00258271 
3.36336 -0.0212918 -0.00192969 0.000407989 0.000166194 0.00256107 
3.36837 -0.021099 -0.0019451 0.000401525 0.000163835 0.00253962 
3.37337 -0.0209028 -0.0019598 0.000395103 0.00016151 0.00251834 
3.37838 -0.0207033 -0.00197379 0.000388725 0.000159218 0.00249724 
3.38338 -0.0205006 -0.00198708 0.000382391 0.000156957 0.00247632 
3.38839 -0.0202948 -0.00199968 0.000376102 0.000154729 0.00245558 
3.39339 -0.020086 -0.0020116 0.000369857 0.000152531 0.00243501 
3.3984 -0.0198742 -0.00202284 0.000363659 0.000150365 0.00241461 
3.4034 -0.0196595 -0.00203341 0.000357506 0.000148229 0.00239438 
3.40841 -0.0194421 -0.00204333 0.0003514 0.000146124 0.00237432 
3.41341 -0.0192219 -0.00205259 0.000345341 0.000144048 0.00235443 
3.41842 -0.0189991 -0.0020612 0.00033933 0.000142001 0.0023347 
3.42342 -0.0187737 -0.00206918 0.000333367 0.000139983 0.00231514 
3.42843 -0.0185458 -0.00207653 0.000327452 0.000137993 0.00229575 
3.43343 -0.0183155 -0.00208326 0.000321586 0.000136031 0.00227651 
3.43844 -0.018083 -0.00208938 0.000315769 0.000134097 0.00225744 
3.44344 -0.0178481 -0.00209489 0.000310002 0.000132191 0.00223853 
3.44845 -0.0176111 -0.00209981 0.000304285 0.000130311 0.00221978 
3.45345 -0.017372 -0.00210414 0.000298617 0.000128458 0.00220118 
3.45846 -0.0171309 -0.00210789 0.000293001 0.00012663 0.00218274 
3.46346 -0.0168879 -0.00211106 0.000287435 0.000124829 0.00216445 
3.46847 -0.016643 -0.00211367 0.000281919 0.000123053 0.00214632 
3.47347 -0.0163963 -0.00211573 0.000276455 0.000121302 0.00212834 
3.47848 -0.016148 -0.00211724 0.000271043 0.000119576 0.00211051 
3.48348 -0.015898 -0.0021182 0.000265682 0.000117874 0.00209283 
3.48849 -0.0156464 -0.00211864 0.000260373 0.000116196 0.00207529 
3.49349 -0.0153934 -0.00211855 0.000255116 0.000114542 0.00205791 
3.4985 -0.015139 -0.00211795 0.000249911 0.000112911 0.00204067 
3.5035 -0.0148833 -0.00211684 0.000244758 0.000111303 0.00202357 
3.50851 -0.0146263 -0.00211523 0.000239657 0.000109718 0.00200662 
3.51351 -0.0143682 -0.00211313 0.000234609 0.000108155 0.00198981 
3.51852 -0.0141089 -0.00211055 0.000229614 0.000106614 0.00197314 
3.52352 -0.0138486 -0.0021075 0.000224671 0.000105095 0.00195661 
3.52853 -0.0135874 -0.00210398 0.000219781 0.000103598 0.00194022 
3.53353 -0.0133253 -0.00209999 0.000214944 0.000102121 0.00192396 
3.53854 -0.0130624 -0.00209556 0.000210159 0.000100666 0.00190784 
3.54354 -0.0127988 -0.00209069 0.000205427 9.92311e-05 0.00189186 
3.54855 -0.0125345 -0.00208539 0.000200748 9.78165e-05 0.00187601 
3.55355 -0.0122696 -0.00207965 0.000196122 9.64219e-05 0.00186029 
3.55856 -0.0120042 -0.0020735 0.000191548 9.5047e-05 0.00184471 
3.56356 -0.0117383 -0.00206694 0.000187027 9.36915e-05 0.00182925 
3.56857 -0.0114721 -0.00205998 0.000182559 9.23552e-05 0.00181393 
3.57357 -0.0112055 -0.00205262 0.000178144 9.10379e-05 0.00179873 
3.57858 -0.0109387 -0.00204488 0.000173781 8.97391e-05 0.00178366 
3.58358 -0.0106718 -0.00203676 0.00016947 8.84588e-05 0.00176872 
3.58859 -0.0104047 -0.00202827 0.000165212 8.71965e-05 0.0017539 
3.59359 -0.0101375 -0.00201942 0.000161006 8.59521e-05 0.00173921 
3.5986 -0.00987041 -0.00201021 0.000156853 8.47254e-05 0.00172464 
3.6036 -0.00960339 -0.00200066 0.000152751 8.3516e-05 0.00171019 
3.60861 -0.00933651 -0.00199076 0.000148701 8.23237e-05 0.00169586 
3.61361 -0.00906985 -0.00198054 0.000144703 8.11483e-05 0.00168166 
3.61862 -0.00880347 -0.00196999 0.000140757 7.99896e-05 0.00166757 
3.62362 -0.00853742 -0.00195912 0.000136862 7.88473e-05 0.0016536 
3.62863 -0.00827178 -0.00194795 0.000133019 7.77211e-05 0.00163974 
3.63363 -0.00800661 -0.00193647 0.000129226 7.66109e-05 0.00162601 
3.63864 -0.00774195 -0.0019247 0.000125485 7.55165e-05 0.00161238 
3.64364 -0.00747789 -0.00191265 0.000121794 7.44375e-05 0.00159888 
3.64865 -0.00721446 -0.00190031 0.000118153 7.33739e-05 0.00158548 
3.65365 -0.00695174 -0.00188771 0.000114563 7.23253e-05 0.0015722 
3.65866 -0.00668977 -0.00187484 0.000111023 7.12916e-05 0.00155903 
3.66366 -0.00642862 -0.00186171 0.000107533 7.02726e-05 0.00154597 
3.66867 -0.00616835 -0.00184834 0.000104093 6.9268e-05 0.00153302 
3.67367 -0.005909 -0.00183472 0.000100702 6.82777e-05 0.00152017 
3.67868 -0.00565064 -0.00182086 9.73598e-05 6.73014e-05 0.00150744 
3.68368 -0.00539331 -0.00180678 9.40667e-05 6.6339e-05 0.00149481 
3.68869 -0.00513707 -0.00179247 9.08222e-05 6.53902e-05 0.00148228 
3.69369 -0.00488197 -0.00177796 8.76262e-05 6.44549e-05 0.00146987 
3.6987 -0.00462807 -0.00176323 8.44781e-05 6.35328e-05 0.00145755 
3.7037 -0.00437541 -0.0017483 8.13779e-05 6.26239e-05 0.00144534 
3.70871 -0.00412405 -0.00173318 7.83252e-05 6.17279e-05 0.00143323 
3.71371 -0.00387403 -0.00171787 7.53198e-05 6.08445e-05 0.00142123 
3.71872 -0.00362541 -0.00170238 7.23612e-05 5.99738e-05 0.00140932 
3.72372 -0.00337823 -0.00168672 6.94493e-05 5.91154e-05 0.00139751 
3.72873 -0.00313253 -0.00167089 6.65838e-05 5.82691e-05 0.0013858 
3.73373 -0.00288837 -0.00165489 6.37642e-05 5.7435e-05 0.00137419 
3.73874 -0.00264579 -0.00163875 6.09904e-05 5.66126e-05 0.00136268 
3.74374 -0.00240483 -0.00162245 5.82619e-05 5.5802e-05 0.00135127 
3.74875 -0.00216554 -0.00160601 5.55785e-05 5.50029e-05 0.00133995 
3.75375 -0.00192795 -0.00158944 5.29399e-05 5.42151e-05 0.00132872 
3.75876 -0.00169213 -0.00157273 5.03457e-05 5.34385e-05 0.00131759 
3.76376 -0.00145809 -0.00155591 4.77955e-05 5.2673e-05 0.00130655 
3.76877 -0.00122589 -0.00153896 4.52891e-05 5.19183e-05 0.0012956 
3.77377 -0.000995566 -0.00152191 4.28261e-05 5.11744e-05 0.00128475 
3.77878 -0.000767152 -0.00150474 4.04061e-05 5.04411e-05 0.00127399 
3.78378 -0.000540689 -0.00148748 3.80289e-05 4.97182e-05 0.00126331 
3.78879 -0.000316214 -0.00147012 3.5694e-05 4.90056e-05 0.00125273 
3.79379 -9.37636e-05 -0.00145268 3.34011e-05 4.83031e-05 0.00124224 
3.7988 0.000126628 -0.00143515 3.11499e-05 4.76107e-05 0.00123183 
3.8038 0.000344925 -0.00141755 2.894e-05 4.6928e-05 0.00122151 
3.80881 0.000561094 -0.00139987 2.6771e-05 4.62551e-05 0.00121127 
3.81381 0.000775102 -0.00138213 2.46426e-05 4.55918e-05 0.00120113 
3.81882 0.000986917 -0.00136432 2.25544e-05 4.49379e-05 0.00119106 
3.82382 0.00119651 -0.00134646 2.0506e-05 4.42934e-05 0.00118109 
3.82883 0.00140384 -0.00132855 1.84971e-05 4.3658e-05 0.00117119 
3.83383 0.0016089 -0.0013106 1.65274e-05 4.30316e-05 0.00116138 
3.83884 0.00181163 -0.0012926 1.45963e-05 4.24142e-05 0.00115165 
3.84384 0.00201203 -0.00127457 1.27037e-05 4.18056e-05 0.001142 
3.84885 0.00221006 -0.00125651 1.0849e-05 4.12057e-05 0.00113243 
3.85385 0.0024057 -0.00123842 9.03202e-06 4.06143e-05 0.00112295 
3.85886 0.00259891 -0.00122031 7.25224e-06 4.00313e-05 0.00111354 
3.86386 0.00278968 -0.00120219 5.50933e-06 3.94566e-05 0.00110421 
3.86887 0.00297798 -0.00118405 3.80291e-06 3.88902e-05 0.00109496 
3.87387 0.0031638 -0.00116591 2.13262e-06 3.83318e-05 0.00108579 
3.87888 0.00334709 -0.00114777 4.98061e-07 3.77813e-05 0.00107669 
3.88388 0.00352786 -0.00112963 -1.10113e-06 3.72387e-05 0.00106767 
3.88889 0.00370607 -0.00111149 -2.66535e-06 3.67039e-05 0.00105873 
3.89389 0.0038817 -0.00109337 -4.19496e-06 3.61767e-05 0.00104986 
3.8989 0.00405474 -0.00107526 -5.69035e-06 3.5657e-05 0.00104106 
3.9039 0.00422517 -0.00105717 -7.15189e-06 3.51447e-05 0.00103234 
3.90891 0.00439297 -0.00103911 -8.57997e-06 3.46397e-05 0.00102369 
3.91391 0.00455812 -0.00102107 -9.97496e-06 3.4142e-05 0.00101511 
3.91892 0.00472061 -0.00100306 -1.13372e-05 3.36513e-05 0.00100661 
3.92392 0.00488043 -0.000985094 -1.26672e-05 3.31677e-05 0.000998177 
3.92893 0.00503756 -0.000967163 -1.39652e-05 3.26909e-05 0.000989814 
3.93393 0.00519198 -0.000949275 -1.52316e-05 3.2221e-05 0.000981522 
3.93894 0.00534369 -0.000931434 -1.64669e-05 3.17577e-05 0.000973299 
3.94394 0.00549267 -0.000913643 -1.76713e-05 3.13011e-05 0.000965145 
3.94895 0.00563892 -0.000895906 -1.88453e-05 3.0851e-05 0.000957059 
3.95395 0.00578241 -0.000878227 -1.99892e-05 3.04074e-05 0.000949041 
3.95896 0.00592315 -0.000860608 -2.11035e-05 2.997e-05 0.00094109 
3.96396 0.00606112 -0.000843054 -2.21884e-05 2.95389e-05 0.000933206 
3.96897 0.00619632 -0.000825567 -2.32444e-05 2.9114e-05 0.000925388 
3.97397 0.00632874 -0.000808151 -2.42718e-05 2.86952e-05 0.000917636 
3.97898 0.00645837 -0.000790809 -2.5271e-05 2.82823e-05 0.000909948 
3.98398 0.0065852 -0.000773544 -2.62423e-05 2.78753e-05 0.000902325 
3.98899 0.00670924 -0.000756358 -2.71862e-05 2.74742e-05 0.000894765 
3.99399 0.00683047 -0.000739256 -2.8103e-05 2.70788e-05 0.000887269 
3.999 0.0069489 -0.000722239 -2.89931e-05 2.6689e-05 0.000879836 
4.004 0.00706453 -0.000705311 -2.98568e-05 2.63048e-05 0.000872465 
4.00901 0.00717734 -0.000688474 -3.06945e-05 2.59261e-05 0.000865156 
4.01401 0.00728734 -0.000671731 -3.15066e-05 2.55529e-05 0.000857908 
4.01902 0.00739452 -0.000655085 -3.22933e-05 2.51849e-05 0.00085072 
4.02402 0.0074989 -0.000638538 -3.30552e-05 2.48223e-05 0.000843593 
4.02903 0.00760046 -0.000622092 -3.37924e-05 2.44648e-05 0.000836526 
4.03403 0.00769922 -0.000605751 -3.45055e-05 2.41124e-05 0.000829518 
4.03904 0.00779517 -0.000589516 -3.51947e-05 2.37651e-05 0.000822568 
4.04404 0.00788831 -0.00057339 -3.58603e-05 2.34228e-05 0.000815677 
4.04905 0.00797865 -0.000557375 -3.65028e-05 2.30853e-05 0.000808844 
4.05405 0.00806619 -0.000541474 -3.71225e-05 2.27527e-05 0.000802067 
4.05906 0.00815095 -0.000525687 -3.77197e-05 2.24248e-05 0.000795348 
4.06406 0.00823291 -0.000510018 -3.82948e-05 2.21017e-05 0.000788685 
4.06907 0.00831209 -0.000494468 -3.88481e-05 2.17831e-05 0.000782077 
4.07407 0.0083885 -0.00047904 -3.93799e-05 2.14692e-05 0.000775525 
4.07908 0.00846214 -0.000463735 -3.98906e-05 2.11597e-05 0.000769028 
4.08408 0.00853303 -0.000448555 -4.03806e-05 2.08546e-05 0.000762586 
4.08909 0.00860116 -0.000433501 -4.085e-05 2.0554e-05 0.000756197 
4.09409 0.00866655 -0.000418576 -4.12994e-05 2.02576e-05 0.000749862 
4.0991 0.00872921 -0.000403781 -4.1729e-05 1.99655e-05 0.00074358 
4.1041 0.00878915 -0.000389118 -4.21391e-05 1.96775e-05 0.00073735 
4.10911 0.00884638 -0.000374588 -4.253e-05 1.93937e-05 0.000731173 
4.11411 0.0089009 -0.000360192 -4.29022e-05 1.9114e-05 0.000725047 
4.11912 0.00895274 -0.000345933 -4.32558e-05 1.88383e-05 0.000718973 
4.12412 0.00900191 -0.000331811 -4.35912e-05 1.85665e-05 0.00071295 
4.12913 0.00904841 -0.000317828 -4.39088e-05 1.82986e-05 0.000706977 
4.13413 0.00909227 -0.000303984 -4.42088e-05 1.80346e-05 0.000701054 
4.13914 0.00913349 -0.000290283 -4.44915e-05 1.77743e-05 0.000695181 
4.14414 0.00917209 -0.000276723 -4.47573e-05 1.75178e-05 0.000689357 
4.14915 0.00920808 -0.000263307 -4.50065e-05 1.7265e-05 0.000683581 
4.15415 0.00924149 -0.000250035 -4.52393e-05 1.70158e-05 0.000677855 
4.15916 0.00927232 -0.000236909 -4.5456e-05 1.67701e-05 0.000672176 
4.16416 0.0093006 -0.000223929 -4.5657e-05 1.6528e-05 0.000666544 
4.16917 0.00932634 -0.000211096 -4.58425e-05 1.62894e-05 0.00066096 
4.17417 0.00934956 -0.000198412 -4.60129e-05 1.60542e-05 0.000655423 
4.17918 0.00937027 -0.000185876 -4.61683e-05 1.58224e-05 0.000649932 
4.18418 0.00938849 -0.00017349 -4.63092e-05 1.55939e-05 0.000644487 
4.18919 0.00940425 -0.000161255 -4.64358e-05 1.53686e-05 0.000639088 
4.19419 0.00941756 -0.00014917 -4.65483e-05 1.51466e-05 0.000633734 
4.1992 0.00942845 -0.000137237 -4.66471e-05 1.49278e-05 0.000628425 
4.2042 0.00943692 -0.000125457 -4.67324e-05 1.47122e-05 0.00062316 
4.20921 0.00944301 -0.000113829 -4.68045e-05 1.44996e-05 0.000617939 
4.21421 0.00944673 -0.000102353 -4.68636e-05 1.42901e-05 0.000612762 
4.21922 0.00944811 -9.1032e-05 -4.69101e-05 1.40836e-05 0.000607629 
4.22422 0.00944716 -7.98644e-05 -4.69441e-05 1.38801e-05 0.000602538 
4.22923 0.00944391 -6.8851e-05 -4.6966e-05 1.36795e-05 0.00059749 
4.23423 0.00943839 -5.79921e-05 -4.69761e-05 1.34817e-05 0.000592485 
4.23924 0.0094306 -4.7288e-05 -4.69744e-05 1.32868e-05 0.000587521 
4.24424 0.00942058 -3.67388e-05 -4.69614e-05 1.30948e-05 0.000582599 
4.24925 0.00940835 -2.63448e-05 -4.69373e-05 1.29054e-05 0.000577718 
4.25425 0.00939394 -1.6106e-05 -4.69023e-05 1.27188e-05 0.000572878 
4.25926 0.00937736 -6.02256e-06 -4.68566e-05 1.25349e-05 0.000568079 
4.26426 0.00935864 3.90552e-06 -4.68006e-05 1.23536e-05 0.00056332 
4.26927 0.00933781 1.36782e-05 -4.67344e-05 1.2175e-05 0.0005586 
4.27427 0.00931489 2.32956e-05 -4.66582e-05 1.19989e-05 0.000553921 
4.27928 0.00928991 3.27577e-05 -4.65724e-05 1.18253e-05 0.00054928 
4.28428 0.00926289 4.20647e-05 -4.64771e-05 1.16542e-05 0.000544678 
4.28929 0.00923386 5.12166e-05 -4.63726e-05 1.14856e-05 0.000540115 
4.29429 0.00920284 6.02137e-05 -4.62591e-05 1.13194e-05 0.00053559 
4.2993 0.00916985 6.90562e-05 -4.61368e-05 1.11556e-05 0.000531103 
4.3043 0.00913494 7.77443e-05 -4.60059e-05 1.09942e-05 0.000526654 
4.30931 0.00909812 8.62783e-05 -4.58668e-05 1.08351e-05 0.000522242 
4.31431 0.00905941 9.46586e-05 -4.57194e-05 1.06783e-05 0.000517866 
4.31932 0.00901886 0.000102885 -4.55642e-05 1.05237e-05 0.000513528 
4.32432 0.00897648 0.000110959 -4.54013e-05 1.03714e-05 0.000509226 
4.32933 0.0089323 0.00011888 -4.52308e-05 1.02212e-05 0.00050496 
4.33433 0.00888634 0.000126649 -4.50531e-05 1.00732e-05 0.000500729 
4.33934 0.00883865 0.000134266 -4.48683e-05 9.92736e-06 0.000496534 
4.34434 0.00878924 0.000141732 -4.46765e-05 9.78361e-06 0.000492374 
4.34935 0.00873814 0.000149048 -4.44781e-05 9.64192e-06 0.000488249 
4.35435 0.00868538 0.000156213 -4.42732e-05 9.50228e-06 0.000484159 
4.35936 0.008631 0.000163229 -4.4062e-05 9.36464e-06 0.000480103 
4.36436 0.00857501 0.000170095 -4.38446e-05 9.22899e-06 0.000476081 
4.36937 0.00851745 0.000176814 -4.36213e-05 9.0953e-06 0.000472092 
4.37437 0.00845834 0.000183385 -4.33923e-05 8.96353e-06 0.000468137 
4.37938 0.00839772 0.000189809 -4.31577e-05 8.83365e-06 0.000464215 
4.38438 0.00833561 0.000196087 -4.29176e-05 8.70565e-06 0.000460326 
4.38939 0.00827205 0.000202219 -4.26724e-05 8.5795e-06 0.00045647 
4.39439 0.00820705 0.000208206 -4.24221e-05 8.45516e-06 0.000452646 
4.3994 0.00814066 0.00021405 -4.21669e-05 8.33262e-06 0.000448853 
4.4044 0.0080729 0.000219751 -4.19071e-05 8.21184e-06 0.000445093 
4.40941 0.0080038 0.000225309 -4.16426e-05 8.0928e-06 0.000441364 
4.41441 0.00793338 0.000230726 -4.13738e-05 7.97548e-06 0.000437667 
4.41942 0.00786169 0.000236003 -4.11008e-05 7.85985e-06 0.000434 
4.42442 0.00778874 0.00024114 -4.08237e-05 7.74589e-06 0.000430364 
4.42943 0.00771458 0.000246138 -4.05427e-05 7.63358e-06 0.000426759 
4.43443 0.00763922 0.000250998 -4.0258e-05 7.52288e-06 0.000423183 
4.43944 0.00756269 0.000255722 -3.99696e-05 7.41378e-06 0.000419638 
4.44444 0.00748504 0.00026031 -3.96778e-05 7.30625e-06 0.000416122 
4.44945 0.00740628 0.000264763 -3.93827e-05 7.20028e-06 0.000412636 
4.45445 0.00732644 0.000269082 -3.90844e-05 7.09583e-06 0.000409179 
4.45946 0.00724556 0.000273268 -3.87831e-05 6.99289e-06 0.000405751 
4.46446 0.00716367 0.000277323 -3.84789e-05 6.89144e-06 0.000402352 
4.46947 0.00708079 0.000281247 -3.81719e-05 6.79145e-06 0.000398981 
4.47447 0.00699696 0.000285041 -3.78624e-05 6.6929e-06 0.000395639 
4.47948 0.0069122 0.000288707 -3.75503e-05 6.59578e-06 0.000392324 
4.48448 0.00682654 0.000292245 -3.72359e-05 6.50006e-06 0.000389037 
4.48949 0.00674001 0.000295658 -3.69193e-05 6.40572e-06 0.000385778 
4.49449 0.00665265 0.000298945 -3.66006e-05 6.31274e-06 0.000382546 
4.4995 0.00656447 0.000302107 -3.62799e-05 6.22111e-06 0.000379341 
4.5045 0.00647552 0.000305148 -3.59573e-05 6.13079e-06 0.000376163 
4.50951 0.00638581 0.000308066 -3.5633e-05 6.04179e-06 0.000373012 
4.51451 0.00629538 0.000310864 -3.53071e-05 5.95407e-06 0.000369887 
4.51952 0.00620426 0.000313542 -3.49797e-05 5.86761e-06 0.000366788 
4.52452 0.00611248 0.000316103 -3.46509e-05 5.78241e-06 0.000363715 
4.52953 0.00602006 0.000318547 -3.43208e-05 5.69843e-06 0.000360668 
4.53453 0.00592703 0.000320874 -3.39895e-05 5.61567e-06 0.000357647 
4.53954 0.00583342 0.000323088 -3.36571e-05 5.53411e-06 0.00035465 
4.54454 0.00573927 0.000325188 -3.33238e-05 5.45372e-06 0.000351679 
4.54955 0.00564459 0.000327177 -3.29896e-05 5.3745e-06 0.000348733 
4.55455 0.00554941 0.000329054 -3.26547e-05 5.29642e-06 0.000345811 
4.55956 0.00545377 0.000330822 -3.23191e-05 5.21947e-06 0.000342914 
4.56456 0.00535769 0.000332482 -3.19829e-05 5.14363e-06 0.000340042 
4.56957 0.00526121 0.000334035 -3.16462e-05 5.06889e-06 0.000337193 
4.57457 0.00516433 0.000335483 -3.13092e-05 4.99523e-06 0.000334368 
4.57958 0.0050671 0.000336826 -3.09719e-05 4.92263e-06 0.000331567 
4.58458 0.00496955 0.000338066 -3.06343e-05 4.85108e-06 0.000328789 
4.58959 0.00487168 0.000339205 -3.02967e-05 4.78057e-06 0.000326034 
4.59459 0.00477355 0.000340243 -2.9959e-05 4.71108e-06 0.000323303 
4.5996 0.00467516 0.000341182 -2.96213e-05 4.6426e-06 0.000320594 
4.6046 0.00457656 0.000342023 -2.92838e-05 4.5751e-06 0.000317909 
4.60961 0.00447775 0.000342768 -2.89465e-05 4.50858e-06 0.000315245 
4.61461 0.00437878 0.000343417 -2.86095e-05 4.44302e-06 0.000312604 
4.61962 0.00427966 0.000343973 -2.82728e-05 4.37842e-06 0.000309985 
4.62462 0.00418043 0.000344436 -2.79366e-05 4.31474e-06 0.000307388 
4.62963 0.0040811 0.000344808 -2.76009e-05 4.25199e-06 0.000304813 
4.63463 0.0039817 0.00034509 -2.72658e-05 4.19015e-06 0.00030226 
4.63964 0.00388225 0.000345284 -2.69313e-05 4.1292e-06 0.000299727 
4.64464 0.00378279 0.00034539 -2.65975e-05 4.06913e-06 0.000297216 
4.64965 0.00368334 0.000345411 -2.62645e-05 4.00994e-06 0.000294726 
4.65465 0.00358392 0.000345347 -2.59324e-05 3.9516e-06 0.000292257 
4.65966 0.00348454 0.0003452 -2.56011e-05 3.8941e-06 0.000289809 
4.66466 0.00338525 0.000344971 -2.52709e-05 3.83744e-06 0.000287381 
4.66967 0.00328606 0.000344661 -2.49416e-05 3.7816e-06 0.000284973 
4.67467 0.003187 0.000344272 -2.46135e-05 3.72657e-06 0.000282586 
4.67968 0.00308808 0.000343806 -2.42864e-05 3.67233e-06 0.000280218 
4.68468 0.00298933 0.000343262 -2.39606e-05 3.61888e-06 0.000277871 
4.68969 0.00289078 0.000342644 -2.36361e-05 3.56621e-06 0.000275543 
4.69469 0.00279244 0.000341951 -2.33128e-05 3.51429e-06 0.000273234 
4.6997 0.00269434 0.000341186 -2.29909e-05 3.46313e-06 0.000270945 
4.7047 0.0025965 0.00034035 -2.26703e-05 3.41271e-06 0.000268675 
4.70971 0.00249894 0.000339444 -2.23513e-05 3.36303e-06 0.000266425 
4.71471 0.00240168 0.000338469 -2.20337e-05 3.31406e-06 0.000264193 
4.71972 0.00230474 0.000337426 -2.17176e-05 3.2658e-06 0.000261979 
4.72472 0.00220815 0.000336318 -2.14032e-05 3.21824e-06 0.000259784 
4.72973 0.00211192 0.000335145 -2.10903e-05 3.17137e-06 0.000257608 
4.73473 0.00201608 0.000333908 -2.07792e-05 3.12518e-06 0.00025545 
4.73974 0.00192064 0.000332609 -2.04697e-05 3.07966e-06 0.00025331 
4.74474 0.00182563 0.000331249 -2.0162e-05 3.0348e-06 0.000251188 
4.74975 0.00173106 0.00032983 -1.9856e-05 2.99059e-06 0.000249083 
4.75475 0.00163695 0.000328352 -1.95519e-05 2.94702e-06 0.000246997 
4.75976 0.00154332 0.000326818 -1.92496e-05 2.90408e-06 0.000244927 
4.76476 0.00145019 0.000325227 -1.89492e-05 2.86177e-06 0.000242875 
4.76977 0.00135757 0.000323582 -1.86507e-05 2.82006e-06 0.000240841 
4.77477 0.00126549 0.000321884 -1.83542e-05 2.77897e-06 0.000238823 
4.77978 0.00117397 0.000320133 -1.80596e-05 2.73847e-06 0.000236822 
4.78478 0.00108301 0.000318332 -1.77671e-05 2.69856e-06 0.000234838 
4.78979 0.000992642 0.000316481 -1.74766e-05 2.65922e-06 0.000232871 
4.79479 0.000902876 0.000314582 -1.71881e-05 2.62046e-06 0.00023092 
4.7998 0.000813729 0.000312635 -1.69017e-05 2.58226e-06 0.000228985 
4.8048 0.000725218 0.000310643 -1.66174e-05 2.54461e-06 0.000227067 
4.80981 0.000637358 0.000308606 -1.63353e-05 2.50752e-06 0.000225165 
4.81481 0.000550164 0.000306525 -1.60553e-05 2.47095e-06 0.000223278 
4.81982 0.000463653 0.000304402 -1.57775e-05 2.43492e-06 0.000221408 
4.82482 0.000377837 0.000302237 -1.55019e-05 2.39942e-06 0.000219553 
4.82983 0.000292733 0.000300033 -1.52285e-05 2.36443e-06 0.000217713 
4.83483 0.000208354 0.00029779 -1.49573e-05 2.32994e-06 0.000215889 
4.83984 0.000124714 0.000295509 -1.46884e-05 2.29596e-06 0.000214081 
4.84484 4.18261e-05 0.000293192 -1.44217e-05 2.26247e-06 0.000212287 
4.84985 -4.02959e-05 0.000290839 -1.41574e-05 2.22947e-06 0.000210509 
4.85485 -0.000121639 0.000288451 -1.38953e-05 2.19694e-06 0.000208745 
4.85986 -0.000202191 0.000286031 -1.36356e-05 2.16489e-06 0.000206996 
4.86486 -0.00028194 0.000283578 -1.33781e-05 2.13331e-06 0.000205262 
4.86987 -0.000360873 0.000281095 -1.3123e-05 2.10218e-06 0.000203543 
4.87487 -0.000438979 0.000278582 -1.28703e-05 2.0715e-06 0.000201837 
4.87988 -0.000516246 0.000276039 -1.26199e-05 2.04128e-06 0.000200146 
4.88488 -0.000592664 0.000273469 -1.23719e-05 2.01149e-06 0.00019847 
4.88989 -0.000668221 0.000270873 -1.21262e-05 1.98213e-06 0.000196807 
4.89489 -0.000742907 0.00026825 -1.1883e-05 1.9532e-06 0.000195158 
4.8999 -0.000816713 0.000265603 -1.16421e-05 1.92469e-06 0.000193523 
4.9049 -0.000889628 0.000262933 -1.14036e-05 1.89659e-06 0.000191902 
4.90991 -0.000961643 0.000260239 -1.11676e-05 1.86891e-06 0.000190294 
4.91491 -0.00103275 0.000257525 -1.09339e-05 1.84162e-06 0.0001887 
4.91992 -0.00110294 0.000254789 -1.07027e-05 1.81473e-06 0.000187119 
4.92492 -0.0011722 0.000252035 -1.04738e-05 1.78823e-06 0.000185552 
4.92993 -0.00124052 0.000249261 -1.02474e-05 1.76212e-06 0.000183997 
4.93493 -0.0013079 0.00024647 -1.00235e-05 1.73639e-06 0.000182456 
4.93994 -0.00137433 0.000243662 -9.80192e-06 1.71103e-06 0.000180927 
4.94494 -0.00143981 0.000240839 -9.5828e-06 1.68604e-06 0.000179411 
4.94995 -0.00150432 0.000238 -9.3661e-06 1.66142e-06 0.000177908 
4.95495 -0.00156785 0.000235148 -9.15183e-06 1.63715e-06 0.000176418 
4.95996 -0.00163041 0.000232283 -8.93999e-06 1.61323e-06 0.00017494 
4.96496 -0.00169198 0.000229406 -8.73057e-06 1.58967e-06 0.000173474 
4.96997 -0.00175257 0.000226517 -8.52358e-06 1.56644e-06 0.000172021 
4.97497 -0.00181216 0.000223619 -8.31901e-06 1.54356e-06 0.00017058 
4.97998 -0.00187074 0.00022071 -8.11686e-06 1.521e-06 0.000169151 
4.98498 -0.00192832 0.000217794 -7.91712e-06 1.49878e-06 0.000167734 
4.98999 -0.00198489 0.000214869 -7.7198e-06 1.47688e-06 0.000166328 
4.99499 -0.00204045 0.000211938 -7.52488e-06 1.45529e-06 0.000164935 
5 -0.00209498 0.000209 -7.33236e-06 1.43402e-06 0.000163553 
