MULTI_REAL_FUNCTION
Damped Harmonic Oscilator - both variables
2
Angle
Ang.vel.
x1: 0
x2: 30
NumPoints: 200
0 0.5 0 
0.150754 0.497273 -0.0240973 
0.301508 0.489537 -0.0451992 
0.452261 0.477444 -0.0634201 
0.603015 0.46162 -0.0788927 
0.753769 0.442656 -0.0917636 
0.904523 0.421113 -0.102191 
1.05528 0.397514 -0.11034 
1.20603 0.372345 -0.116384 
1.35678 0.346053 -0.120496 
1.50754 0.319047 -0.122853 
1.65829 0.291697 -0.123628 
1.80905 0.264336 -0.122992 
1.9598 0.237255 -0.121114 
2.11055 0.210715 -0.118153 
2.26131 0.184936 -0.114266 
2.41206 0.160108 -0.109598 
2.56281 0.136388 -0.104288 
2.71357 0.113905 -0.0984659 
2.86432 0.0927579 -0.0922524 
3.01508 0.0730215 -0.0857583 
3.16583 0.0547465 -0.0790848 
3.31658 0.0379623 -0.0723238 
3.46734 0.022679 -0.0655574 
3.61809 0.00888953 -0.0588586 
3.76884 -0.0034283 -0.0522914 
3.9196 -0.01431 -0.0459112 
4.07035 -0.0238023 -0.0397648 
4.22111 -0.0319616 -0.0338914 
4.37186 -0.0388521 -0.0283229 
4.52261 -0.0445442 -0.0230841 
4.67337 -0.0491132 -0.0181937 
4.82412 -0.0526379 -0.0136643 
4.97487 -0.0551991 -0.00950339 
5.12563 -0.056879 -0.00571357 
5.27638 -0.0577598 -0.00229323 
5.42714 -0.0579227 0.000763047 
5.57789 -0.0574477 0.00346392 
5.72864 -0.0564123 0.0058209 
5.8794 -0.0548912 0.00784783 
6.03015 -0.0529558 0.00956055 
6.1809 -0.050674 0.0109764 
6.33166 -0.0481095 0.0121141 
6.48241 -0.0453219 0.0129929 
6.63317 -0.0423662 0.0136329 
6.78392 -0.0392933 0.0140544 
6.93467 -0.0361492 0.0142777 
7.08543 -0.0329758 0.0143229 
7.23618 -0.0298102 0.0142099 
7.38693 -0.0266855 0.0139576 
7.53769 -0.0236304 0.0135848 
7.68844 -0.0206697 0.0131091 
7.8392 -0.0178243 0.0125472 
7.98995 -0.0151116 0.0119149 
8.1407 -0.0125454 0.0112271 
8.29146 -0.0101367 0.0104973 
8.44221 -0.00789314 0.00973821 
8.59296 -0.00582011 0.00896119 
8.74372 -0.00392036 0.00817661 
8.89447 -0.00219453 0.00739373 
9.04523 -0.000641301 0.00662072 
9.19598 0.000742316 0.00586473 
9.34673 0.0019608 0.00513191 
9.49749 0.00301987 0.00442746 
9.64824 0.00392632 0.00375569 
9.79899 0.00468779 0.00312009 
9.94975 0.00531262 0.00252333 
10.1005 0.00580964 0.00196738 
10.2513 0.00618805 0.00145355 
10.402 0.0064573 0.000982562 
10.5528 0.00662689 0.000554573 
10.7035 0.00670635 0.000169278 
10.8543 0.00670505 -0.000174051 
11.005 0.0066322 -0.000476512 
11.1558 0.00649669 -0.000739513 
11.3065 0.00630709 -0.000964725 
11.4573 0.00607159 -0.00115403 
11.608 0.00579791 -0.00130949 
11.7588 0.00549331 -0.00143328 
11.9095 0.00516457 -0.00152768 
12.0603 0.00481795 -0.00159501 
12.2111 0.00445918 -0.00163764 
12.3618 0.00409348 -0.00165791 
12.5126 0.00372556 -0.00165814 
12.6633 0.00335959 -0.00164062 
12.8141 0.00299927 -0.00160754 
12.9648 0.00264781 -0.00156102 
13.1156 0.00230796 -0.0015031 
13.2663 0.00198205 -0.00143568 
13.4171 0.00167196 -0.00136057 
13.5678 0.00137922 -0.00127944 
13.7186 0.001105 -0.00119384 
13.8693 0.000850105 -0.00110521 
14.0201 0.000615083 -0.00101482 
14.1709 0.000400185 -0.000923846 
14.3216 0.000205422 -0.00083333 
14.4724 3.05901e-05 -0.000744186 
14.6231 -0.000124706 -0.00065721 
14.7739 -0.000261024 -0.000573088 
14.9246 -0.000379063 -0.000492394 
15.0754 -0.000479637 -0.000415602 
15.2261 -0.000563655 -0.00034309 
15.3769 -0.000632099 -0.000275148 
15.5276 -0.000686006 -0.000211981 
15.6784 -0.000726453 -0.000153725 
15.8291 -0.000754535 -0.000100443 
15.9799 -0.000771356 -5.21401e-05 
16.1307 -0.000778018 -8.76778e-06 
16.2814 -0.000775601 2.97706e-05 
16.4322 -0.000765165 6.36121e-05 
16.5829 -0.000747731 9.29284e-05 
16.7337 -0.000724281 0.00011792 
16.8844 -0.000695749 0.000138811 
17.0352 -0.000663018 0.000155844 
17.1859 -0.000626915 0.000169276 
17.3367 -0.000588209 0.00017937 
17.4874 -0.000547609 0.0001864 
17.6382 -0.000505766 0.000190637 
17.7889 -0.000463268 0.000192355 
17.9397 -0.000420644 0.00019182 
18.0905 -0.000378364 0.000189294 
18.2412 -0.000336841 0.000185031 
18.392 -0.000296433 0.000179273 
18.5427 -0.000257446 0.000172252 
18.6935 -0.000220135 0.000164187 
18.8442 -0.000184708 0.000155282 
18.995 -0.000151332 0.000145728 
19.1457 -0.000120128 0.000135701 
19.2965 -9.11857e-05 0.000125362 
19.4472 -6.45561e-05 0.000114857 
19.598 -4.02615e-05 0.000104317 
19.7487 -1.82966e-05 9.38587e-05 
19.8995 1.36846e-06 8.3585e-05 
20.0503 1.87847e-05 7.35846e-05 
20.201 3.40212e-05 6.39335e-05 
20.3518 4.71629e-05 5.46951e-05 
20.5025 5.8307e-05 4.59213e-05 
20.6533 6.75615e-05 3.76533e-05 
20.804 7.5042e-05 2.9922e-05 
20.9548 8.087e-05 2.2749e-05 
21.1055 8.5171e-05 1.61477e-05 
21.2563 8.80724e-05 1.01237e-05 
21.407 8.97023e-05 4.67581e-06 
21.5578 9.01877e-05 -2.03104e-07 
21.7085 8.96534e-05 -4.52553e-06 
21.8593 8.8221e-05 -8.30847e-06 
22.0101 8.60078e-05 -1.15728e-05 
22.1608 8.31263e-05 -1.43424e-05 
22.3116 7.96831e-05 -1.6644e-05 
22.4623 7.57789e-05 -1.85061e-05 
22.6131 7.15079e-05 -1.99587e-05 
22.7638 6.69573e-05 -2.10328e-05 
22.9146 6.22077e-05 -2.176e-05 
23.0653 5.73324e-05 -2.21718e-05 
23.2161 5.23979e-05 -2.22997e-05 
23.3668 4.74636e-05 -2.21746e-05 
23.5176 4.25823e-05 -2.18265e-05 
23.6683 3.78001e-05 -2.12846e-05 
23.8191 3.31571e-05 -2.05766e-05 
23.9698 2.86869e-05 -1.9729e-05 
24.1206 2.44178e-05 -1.87667e-05 
24.2714 2.03726e-05 -1.7713e-05 
24.4221 1.65692e-05 -1.65896e-05 
24.5729 1.30206e-05 -1.54164e-05 
24.7236 9.73597e-06 -1.42116e-05 
24.8744 6.72039e-06 -1.29917e-05 
25.0251 3.97555e-06 -1.17715e-05 
25.1759 1.50004e-06 -1.0564e-05 
25.3266 -7.10255e-07 -9.38072e-06 
25.4774 -2.66183e-06 -8.23155e-06 
25.6281 -4.36322e-06 -7.12491e-06 
25.7789 -5.82464e-06 -6.0678e-06 
25.9296 -7.05772e-06 -5.0659e-06 
26.0804 -8.07524e-06 -4.12366e-06 
26.2312 -8.89078e-06 -3.24436e-06 
26.3819 -9.51858e-06 -2.43027e-06 
26.5327 -9.97326e-06 -1.68267e-06 
26.6834 -1.02696e-05 -1.00202e-06 
26.8342 -1.04225e-05 -3.87987e-07 
26.9849 -1.04465e-05 1.60434e-07 
27.1357 -1.03561e-05 6.44832e-07 
27.2864 -1.01652e-05 1.0673e-06 
27.4372 -9.88723e-06 1.43035e-06 
27.5879 -9.53513e-06 1.73686e-06 
27.7387 -9.12107e-06 1.98997e-06 
27.8894 -8.65649e-06 2.19304e-06 
28.0402 -8.15212e-06 2.34959e-06 
28.191 -7.61787e-06 2.46322e-06 
28.3417 -7.06285e-06 2.53759e-06 
28.4925 -6.49535e-06 2.57638e-06 
28.6432 -5.92286e-06 2.58321e-06 
28.794 -5.35207e-06 2.56164e-06 
28.9447 -4.78889e-06 2.51512e-06 
29.0955 -4.23848e-06 2.44698e-06 
29.2462 -3.70528e-06 2.36042e-06 
29.397 -3.19302e-06 2.25845e-06 
29.5477 -2.70482e-06 2.14391e-06 
29.6985 -2.24316e-06 2.01946e-06 
29.8492 -1.80996e-06 1.88754e-06 
30 -1.40662e-06 1.75043e-06 
