MULTI_REAL_FUNCTION
Interpolation comparison
4
Linear
Poly 3
Poly 4
Spline
x1: 0
x2: 10
NumPoints: 100
0 0 0 0 0 
0.10101 0.10101 0.010203 -0.30594 0.00410897 
0.20202 0.20202 0.0408122 -0.490577 0.0142112 
0.30303 0.30303 0.0918274 -0.565248 0.0363 
0.40404 0.40404 0.163249 -0.54129 0.0763685 
0.505051 0.505051 0.255076 -0.430039 0.14041 
0.606061 0.606061 0.367309 -0.242832 0.234418 
0.707071 0.707071 0.499949 0.00899379 0.364386 
0.808081 0.808081 0.652995 0.314102 0.536306 
0.909091 0.909091 0.826446 0.661157 0.756173 
1.0101 1.0303 1.0753 1.03882 1.02997 
1.11111 1.33333 1.77778 1.43576 1.35848 
1.21212 1.63636 2.38843 1.84063 1.72697 
1.31313 1.93939 2.90725 2.2421 2.11783 
1.41414 2.24242 3.33425 2.62883 2.51346 
1.51515 2.54545 3.66942 2.98949 2.89627 
1.61616 2.84848 3.91276 3.31274 3.24867 
1.71717 3.15152 4.06428 3.58724 3.55304 
1.81818 3.45455 4.12397 3.80165 3.79179 
1.91919 3.75758 4.09183 3.94465 3.94732 
2.0202 3.87879 3.95796 3.96449 4.00205 
2.12121 3.27273 3.69881 3.73216 3.94236 
2.22222 2.66667 3.35802 3.40924 3.76343 
2.32323 2.06061 2.93562 2.99675 3.46164 
2.42424 1.45455 2.43159 2.49574 3.03338 
2.52525 0.848485 1.84593 1.90723 2.47503 
2.62626 0.242424 1.17866 1.23224 1.78297 
2.72727 -0.363636 0.429752 0.471826 0.953585 
2.82828 -0.969697 -0.400775 -0.373 -0.0167419 
2.92929 -1.57576 -1.31293 -1.3012 -1.13163 
3.0303 -2.42424 -2.67401 -2.43285 -2.3945 
3.13131 -3.83838 -4.80798 -3.91981 -3.79422 
3.23232 -5.25253 -6.76849 -5.45489 -5.29492 
3.33333 -6.66667 -8.55556 -7.01235 -6.85835 
3.43434 -8.08081 -10.1692 -8.5664 -8.44625 
3.53535 -9.49495 -11.6093 -10.0913 -10.0204 
3.63636 -10.9091 -12.876 -11.5612 -11.5425 
3.73737 -12.3232 -13.9693 -12.9505 -12.9743 
3.83838 -13.7374 -14.8891 -14.2333 -14.2776 
3.93939 -15.1515 -15.6354 -15.3838 -15.4141 
4.0404 -15.8788 -16.189 -16.2016 -16.3459 
4.14141 -15.5758 -16.5471 -16.5847 -17.0488 
4.24242 -15.2727 -16.742 -16.7958 -17.5165 
4.34343 -14.9697 -16.7736 -16.8359 -17.7437 
4.44444 -14.6667 -16.642 -16.706 -17.7252 
4.54545 -14.3636 -16.3471 -16.4072 -17.4559 
4.64646 -14.0606 -15.889 -15.9405 -16.9305 
4.74747 -13.7576 -15.2676 -15.307 -16.1438 
4.84848 -13.4545 -14.483 -14.5077 -15.0907 
4.94949 -13.1515 -13.5351 -13.5435 -13.7659 
5.05051 -12.0404 -11.5896 -12.1319 -12.1657 
5.15152 -10.1212 -8.91276 -10.2911 -10.3202 
5.25253 -8.20202 -6.42771 -8.34082 -8.29302 
5.35354 -6.28283 -4.13448 -6.317 -6.14948 
5.45455 -4.36364 -2.03306 -4.25545 -3.9548 
5.55556 -2.44444 -0.123457 -2.19204 -1.77419 
5.65657 -0.525253 1.59433 -0.162651 0.327102 
5.75758 1.39394 3.12029 1.79687 2.28386 
5.85859 3.31313 4.45444 3.65064 4.03084 
5.9596 5.23232 5.59678 5.36281 5.50282 
6.06061 6.01212 6.03774 6.36715 6.63838 
6.16162 6.03232 6.0933 6.83643 7.43306 
6.26263 6.05253 6.13967 7.14341 7.92626 
6.36364 6.07273 6.17686 7.30654 8.15853 
6.46465 6.09293 6.20487 7.34426 8.17038 
6.56566 6.11313 6.22369 7.27503 8.00235 
6.66667 6.13333 6.23333 7.11728 7.69498 
6.76768 6.15354 6.23379 6.88948 7.28878 
6.86869 6.17374 6.22507 6.61006 6.8243 
6.9697 6.19394 6.20716 6.29748 6.34207 
7.07071 6.15051 5.91396 6.0851 5.88109 
7.17172 6.0798 5.56777 5.91882 5.46458 
7.27273 6.00909 5.29504 5.75755 5.10645 
7.37374 5.93838 5.09578 5.60964 4.82049 
7.47475 5.86768 4.96997 5.48343 4.62051 
7.57576 5.79697 4.91763 5.38728 4.52028 
7.67677 5.72626 4.93875 5.32952 4.53361 
7.77778 5.65556 5.03333 5.31852 4.67429 
7.87879 5.58485 5.20138 5.36261 4.9561 
7.9798 5.51414 5.44288 5.47014 5.39285 
8.08081 6.02525 6.60091 6.06158 5.99324 
8.18182 6.68182 7.83471 6.81142 6.72855 
8.28283 7.33838 8.91037 7.59261 7.55324 
8.38384 7.99495 9.82787 8.38176 8.42169 
8.48485 8.65152 10.5872 9.15547 9.28829 
8.58586 9.30808 11.1885 9.89035 10.1074 
8.68687 9.96465 11.6315 10.563 10.8335 
8.78788 10.6212 11.9164 11.15 11.4209 
8.88889 11.2778 12.0432 11.628 11.8239 
8.9899 11.9343 12.0118 11.9736 11.9971 
9.09091 11.1818 11.8223 12.1634 11.9037 
9.19192 10.2727 11.4746 12.174 11.5557 
9.29293 9.36364 10.9688 11.982 10.9813 
9.39394 8.45455 10.3049 11.564 10.2089 
9.49495 7.54545 9.48276 10.8966 9.26679 
9.59596 6.63636 8.5025 9.95641 8.18318 
9.69697 5.72727 7.3641 8.72006 6.98641 
9.79798 4.81818 6.06754 7.16414 5.70476 
9.89899 3.90909 4.61285 5.26525 4.36653 
10 3 3 3 3 
