MULTI_REAL_FUNCTION
Lorentz system
3
x
y
z
x1: 0
x2: 50
NumPoints: 477
0 2 1 1 
0.108108 3.65659 7.54213 1.7794 
0.209965 10.8358 21.4095 10.6551 
0.314271 19.4985 17.8098 44.4869 
0.416696 6.86177 -7.84692 38.1623 
0.517103 -2.91685 -8.29004 28.4874 
0.620594 -6.26595 -8.2665 25.2455 
0.7206 -7.99355 -9.59986 24.9859 
0.826665 -9.46352 -10.4353 27.1411 
0.927736 -9.68723 -9.09779 29.2484 
1.02855 -8.53485 -7.10503 28.842 
1.14048 -7.25158 -6.60035 26.4216 
1.25197 -7.25889 -7.90701 24.5615 
1.36226 -8.48062 -9.88038 25.023 
1.46331 -9.70987 -10.4795 27.5541 
1.57516 -9.55207 -8.51335 29.5641 
1.68864 -7.95452 -6.55706 28.1466 
1.80619 -6.98519 -6.85532 25.3893 
1.91974 -7.60573 -8.74899 24.2385 
2.02322 -9.05492 -10.4883 25.7604 
2.12364 -9.98377 -10.1553 28.6686 
2.22652 -9.23288 -7.78058 29.6567 
2.34124 -7.49015 -6.27311 27.4171 
2.44366 -6.87979 -6.95161 24.9701 
2.55723 -7.73696 -9.07241 24.1099 
2.65736 -9.26 -10.7231 26.0003 
2.77185 -10.0618 -9.72541 29.3777 
2.88181 -8.72657 -6.98982 29.3995 
2.98528 -7.16449 -6.13168 26.8279 
3.08792 -6.81963 -7.19066 24.4438 
3.20039 -7.97863 -9.53607 24.0871 
3.31348 -9.76697 -10.9895 27.0301 
3.42223 -9.98956 -9.06295 29.9681 
3.5282 -8.30138 -6.4609 29.0469 
3.63468 -6.83057 -6.10457 26.0539 
3.73918 -6.86523 -7.63099 23.8762 
3.84697 -8.31974 -10.0874 24.2304 
3.95802 -10.0806 -11.0586 27.7803 
4.06098 -9.92221 -8.63627 30.288 
4.16475 -8.03641 -6.13142 28.8341 
4.27167 -6.62733 -6.05642 25.6146 
4.37619 -6.85801 -7.8284 23.5318 
4.48125 -8.46587 -10.3761 24.212 
4.59042 -10.2538 -11.1675 28.0977 
4.70252 -9.76745 -8.08767 30.5346 
4.80492 -7.69778 -5.78665 28.4811 
4.91233 -6.42034 -6.06528 25.0734 
5.01751 -6.9085 -8.13433 23.169 
5.11888 -8.67402 -10.7324 24.277 
5.22601 -10.451 -11.2329 28.5308 
5.33394 -9.76212 -7.86872 30.7583 
5.4343 -7.57164 -5.56194 28.4645 
5.54 -6.26573 -5.90353 24.9115 
5.64341 -6.76287 -8.03021 22.8999 
5.7441 -8.60249 -10.7973 23.9537 
5.84929 -10.5405 -11.5262 28.3965 
5.95559 -9.97641 -8.04671 31.0488 
6.06589 -7.41741 -5.31262 28.4165 
6.1699 -6.09309 -5.73379 24.7155 
6.27139 -6.6051 -7.9183 22.603 
6.38605 -8.86842 -11.2316 24.0763 
6.48906 -10.7749 -11.5798 28.9419 
6.59092 -9.96645 -7.769 31.3178 
6.69884 -7.25601 -5.04591 28.3754 
6.80093 -5.9047 -5.53303 24.5264 
6.91908 -6.69113 -8.31396 22.162 
7.02656 -9.07639 -11.6096 24.1156 
7.12714 -10.9873 -11.6916 29.3539 
7.23643 -9.73923 -7.11604 31.4938 
7.34336 -6.86553 -4.7012 27.9316 
7.44419 -5.6654 -5.47066 23.9839 
7.5605 -6.65447 -8.47149 21.7438 
7.66582 -9.20197 -11.9266 23.9983 
7.77751 -11.2541 -11.4628 30.2994 
7.8808 -9.55346 -6.56498 31.654 
7.98634 -6.53939 -4.37344 27.615 
8.09906 -5.42249 -5.58366 23.1147 
8.19918 -6.49661 -8.4274 21.2846 
8.30234 -9.15938 -12.1118 23.5575 
8.41133 -11.4616 -11.9217 30.2904 
8.51225 -9.85154 -6.68201 32.1677 
8.61255 -6.65773 -4.075 28.225 
8.72102 -5.15144 -4.94848 23.4249 
8.83163 -6.10781 -7.98049 20.8034 
8.93379 -8.8001 -11.9822 22.5863 
9.04059 -11.5965 -12.7638 29.6411 
9.14085 -10.431 -7.25043 32.8409 
9.24667 -6.72145 -3.74325 28.7382 
9.35096 -4.88877 -4.35268 23.6956 
9.45145 -5.38434 -6.84853 20.5588 
9.56006 -8.01453 -11.277 21.1212 
9.66512 -11.4153 -13.7816 27.8607 
9.76695 -11.3081 -8.58733 33.4449 
9.87652 -7.16375 -3.52172 29.8716 
9.98707 -4.62288 -3.71793 24.0244 
10.094 -4.88551 -6.19789 20.1366 
10.2016 -7.39582 -10.7035 19.9335 
10.3044 -11.1521 -14.4193 26.2075 
10.4064 -12.0321 -9.89568 33.7887 
10.5101 -7.9375 -3.51432 31.39 
10.6111 -4.66253 -2.80336 25.494 
10.7204 -4.08533 -4.73479 20.4771 
10.8286 -5.92314 -8.69335 18.4191 
10.9315 -9.71838 -13.9949 22.1938 
11.0373 -12.8384 -13.0775 32.4481 
11.1388 -9.78729 -4.67597 33.8991 
11.2444 -5.06257 -1.96263 27.4424 
11.3478 -3.40778 -3.11219 21.6766 
11.4523 -4.16176 -5.86468 17.8788 
11.5636 -7.35453 -11.4417 18.05 
11.6701 -12.1983 -16.0775 27.021 
11.7774 -12.3017 -8.14041 35.9793 
11.8855 -6.36325 -1.38597 30.5262 
11.9879 -3.08215 -1.5283 23.7041 
12.0949 -2.68875 -3.30838 18.4105 
12.198 -4.2299 -6.69347 15.4905 
12.3093 -8.49019 -13.7143 17.791 
12.4173 -13.8598 -16.5241 31.241 
12.5175 -11.4857 -4.936 36.9704 
12.6213 -4.77524 0.13447 29.2613 
12.7259 -1.73437 -0.437629 22.1367 
12.8343 -1.31655 -1.6191 16.7058 
12.9394 -2.21622 -3.70314 13.0349 
13.042 -4.75556 -8.50732 11.7747 
13.1505 -10.8305 -17.9916 18.8224 
13.2578 -15.6303 -13.9478 38.3413 
13.3594 -8.30448 0.852706 35.7 
13.4663 -1.33973 2.40941 26.0498 
13.567 0.938035 2.29471 19.9241 
13.669 2.23728 3.71935 15.6059 
13.7735 4.57201 7.84068 13.5628 
13.8755 9.4013 15.5562 17.7307 
13.9759 14.7777 16.906 33.2994 
14.0813 10.537 2.38026 37.146 
14.186 3.29386 -1.33045 28.0384 
14.2891 0.518526 -0.779419 21.1356 
14.3954 -0.256273 -0.684686 15.9153 
14.5051 -0.757979 -1.36203 11.9276 
14.6107 -1.80994 -3.3735 9.27015 
14.7155 -4.6224 -8.83382 8.74448 
14.8178 -11.1951 -19.6397 16.9677 
14.9233 -16.842 -14.4957 40.739 
15.027 -7.41882 3.32634 36.0815 
15.1311 0.211556 4.37061 26.2584 
15.2385 3.05561 4.9864 20.5278 
15.348 5.54725 8.5028 18.0565 
15.4566 9.74465 14.2365 21.9524 
15.5605 13.0172 13.3864 32.5762 
15.6688 9.51305 4.09354 33.8824 
15.7728 4.75587 1.68211 27.1703 
15.8736 3.1513 2.82422 21.459 
15.9738 3.77955 5.31936 17.6053 
16.0762 6.43299 10.1786 16.8949 
16.1826 11.4107 16.2465 24.244 
16.2844 13.3895 11.0992 35.7188 
16.3896 7.85715 1.78877 32.8281 
16.4998 3.18687 0.908507 24.932 
16.6007 2.1862 2.21749 19.3763 
16.7013 2.98827 4.56203 15.5537 
16.8083 5.84745 9.84196 14.5941 
16.9095 11.2136 17.2524 21.8204 
17.0144 14.4484 12.3039 37.0453 
17.116 8.16572 0.646599 34.321 
17.2227 2.4126 -0.686328 25.6347 
17.3261 0.696676 0.0402567 19.4132 
17.4298 0.484913 0.601009 14.736 
17.5403 0.902327 1.58305 11.0431 
17.6441 2.13153 4.0126 8.74303 
17.7474 5.43886 10.4032 9.02847 
17.8552 13.2515 21.7705 21.7007 
17.9599 15.8222 8.93882 42.7519 
18.0685 4.59154 -4.43295 32.8772 
18.1725 -1.30108 -4.41448 24.4958 
18.2784 -3.68008 -5.68662 19.6736 
18.3818 -6.32438 -9.66271 18.3808 
18.4908 -10.7638 -14.9799 24.186 
18.5914 -12.8423 -11.6429 33.9494 
18.6981 -8.50712 -3.24668 32.7258 
18.7988 -4.41368 -1.88303 26.2089 
18.8998 -3.25057 -3.27586 20.8015 
19.0088 -4.38827 -6.45805 17.2329 
19.1151 -7.82293 -12.2369 18.2587 
19.2196 -12.6582 -16.1873 28.2478 
19.3231 -12.1159 -7.40887 36.217 
19.4294 -6.05493 -1.10232 30.2526 
19.5304 -2.87164 -1.3535 23.4732 
19.6352 -2.46929 -3.02094 18.2335 
19.7492 -4.16192 -6.70754 14.9734 
19.8587 -8.47702 -13.8588 17.3791 
19.9652 -14.0131 -16.9318 31.184 
20.0713 -11.2354 -4.18599 37.0739 
20.1723 -4.48861 0.47631 29.1275 
20.275 -1.45042 -0.0789041 22.0671 
20.3837 -0.895385 -0.994577 16.5654 
20.4932 -1.47647 -2.4775 12.5567 
20.5985 -3.30724 -6.03901 10.385 
20.6996 -7.71101 -13.9883 12.7729 
20.8047 -15.2092 -20.5972 30.1849 
20.9048 -12.9737 -3.70217 40.7004 
21.0117 -3.19306 3.39852 30.0431 
21.1125 0.898175 3.16653 22.7539 
21.2166 2.70726 4.38397 17.8776 
21.3187 5.03919 8.19813 15.7601 
21.4236 9.63137 15.0448 19.8858 
21.5299 14.0107 14.7091 33.6625 
21.6351 9.79122 2.9475 35.3564 
21.7388 3.89839 0.125493 27.4066 
21.8403 1.77503 0.998098 21.0061 
21.9413 1.76971 2.41423 16.2965 
22.0419 3.08926 5.1939 13.2485 
22.1511 6.8765 11.9943 13.8977 
22.2558 13.418 19.3026 26.2618 
22.3619 13.5696 7.00937 39.5024 
22.4631 5.38639 -1.60639 31.6712 
22.5699 0.710494 -1.55528 23.4058 
22.6757 -0.712242 -1.56811 17.6721 
22.7821 -1.71197 -2.94673 13.5574 
22.8883 -3.82145 -6.85585 11.4308 
22.9888 -8.49927 -14.9458 14.6634 
23.0945 -15.3713 -18.9887 32.597 
23.2007 -11.1989 -1.76459 38.7712 
23.3072 -2.61349 2.71311 28.4869 
23.4125 0.713 2.42946 21.3741 
23.5166 2.15753 3.58452 16.5942 
23.619 4.241 7.15401 14.1366 
23.7227 8.69686 14.4257 17.0897 
23.8263 14.3491 17.3121 31.6746 
23.929 11.4141 3.92436 37.6107 
24.0295 4.29045 -0.967406 29.3068 
24.1306 1.07484 -0.492399 22.2068 
24.235 0.266751 -0.00192048 16.7974 
24.3375 0.193227 0.258462 12.7818 
24.4455 0.387744 0.704948 9.59647 
24.5477 0.95443 1.84187 7.38098 
24.6534 2.63954 5.24342 6.12762 
24.7601 7.52749 14.6556 9.19214 
24.8635 16.491 23.4652 30.5719 
24.9639 13.3187 1.1277 42.9818 
25.0701 1.50144 -5.96579 30.2872 
25.1789 -3.31389 -5.85423 23.453 
25.2825 -5.6737 -8.11928 20.6422 
25.3946 -9.04865 -12.4707 22.8214 
25.4986 -11.7903 -12.7494 30.2014 
25.6058 -10.0363 -6.38179 32.8513 
25.7119 -6.21699 -3.43534 28.0515 
25.8154 -4.65825 -4.37198 23.0265 
25.9196 -5.45337 -7.21777 20.0032 
26.0222 -8.20154 -11.6737 21.0329 
26.1253 -11.6607 -13.9885 28.2788 
26.2339 -11.0736 -7.69998 33.7792 
26.3419 -6.692 -3.10682 29.3789 
26.4517 -4.33953 -3.6089 23.4565 
26.5581 -4.76294 -6.21353 19.6203 
26.6647 -7.40716 -10.8924 19.5654 
26.7657 -11.2977 -14.7566 26.1608 
26.8749 -12.0147 -9.24483 34.3698 
26.9758 -7.61854 -3.03854 31.24 
27.0871 -4.16306 -2.65234 24.5465 
27.1945 -3.88707 -4.7382 19.7124 
27.3004 -5.87334 -8.82462 17.8439 
27.401 -9.80494 -14.3445 21.8703 
27.5043 -13.1008 -13.4717 32.6794 
27.6115 -9.56467 -4.03731 34.0264 
27.7137 -4.76276 -1.55511 27.3381 
27.8246 -3.02283 -2.82318 21.0351 
27.9269 -3.78377 -5.44783 17.214 
28.0372 -6.90749 -11.0217 16.9826 
28.1419 -12.0065 -16.6467 25.5908 
28.2482 -12.9986 -9.21388 36.5363 
28.351 -6.98957 -1.14512 31.8669 
28.4515 -2.96685 -0.77212 24.6489 
28.5597 -2.01889 -2.16582 18.7661 
28.6632 -2.93836 -4.60586 14.9666 
28.7686 -5.86944 -9.99674 14.1949 
28.8687 -11.346 -17.5799 21.7316 
28.9719 -14.6417 -12.4569 37.3545 
29.0776 -7.80625 -0.1348 34.1238 
29.18 -2.20226 0.986409 25.6485 
29.2859 -0.375951 0.367577 19.2688 
29.3863 0.0166092 0.205994 14.7424 
29.4957 0.184212 0.353147 11.0144 
29.6064 0.490952 0.934571 8.21835 
29.7134 1.34122 2.64506 6.32386 
29.8161 3.71704 7.44933 5.90825 
29.9169 9.90283 18.7146 12.3854 
30.0201 17.9415 19.3766 39.1648 
30.1236 9.05775 -3.94033 38.9417 
30.2288 -0.675962 -6.00923 27.8024 
30.334 -4.17249 -6.423 22.5384 
30.4343 -6.50917 -9.18788 20.9204 
30.5365 -9.65965 -12.8531 24.1419 
30.6412 -11.7148 -11.6641 31.2436 
30.747 -9.31836 -5.64894 32.0751 
30.8479 -6.02156 -3.66583 27.3615 
30.954 -4.84885 -4.92508 22.5949 
31.0655 -6.13523 -8.32162 20.1788 
31.1771 -9.48681 -12.9551 23.216 
31.2798 -11.9991 -12.4897 30.9959 
31.3832 -9.84684 -5.91651 32.8923 
31.4888 -5.95395 -3.21985 27.7564 
31.5907 -4.4858 -4.25746 22.7338 
31.694 -5.32572 -7.1371 19.686 
31.7953 -8.10857 -11.6843 20.6607 
31.8972 -11.7091 -14.288 28.0221 
32.0046 -11.3128 -7.92874 34.0756 
32.1098 -6.84895 -2.95952 29.8423 
32.2165 -4.23754 -3.22436 23.8265 
32.3171 -4.332 -5.43984 19.765 
32.424 -6.63215 -9.84915 18.6988 
32.5246 -10.5859 -14.6886 23.9989 
32.6271 -12.7318 -11.6889 33.6326 
32.7358 -8.52359 -3.43744 32.581 
32.8388 -4.49372 -2.10206 26.0859 
32.9416 -3.44281 -3.59925 20.7436 
33.0542 -4.81972 -7.13152 17.4272 
33.1592 -8.43899 -12.9516 19.3124 
33.2637 -12.9119 -15.5017 29.8509 
33.3659 -11.4436 -6.37057 35.7217 
33.4671 -5.88061 -1.30736 29.7303 
33.5722 -2.95711 -1.77355 22.9502 
33.6826 -2.90262 -3.82925 17.8186 
33.7845 -4.77908 -7.65531 15.4908 
33.8929 -9.35874 -14.8018 19.198 
33.9992 -14.0757 -15.3304 33.1615 
34.1043 -10.162 -3.1963 35.8389 
34.2066 -4.0413 0.0630186 27.8893 
34.3119 -1.63501 -0.755008 21.1132 
34.4193 -1.545 -2.1064 16.0463 
34.531 -2.93494 -5.02082 12.6524 
34.6392 -6.66183 -11.7845 13.2054 
34.7429 -13.334 -19.6888 25.4024 
34.8482 -14.0173 -7.58414 39.9834 
34.9556 -5.06368 2.04707 31.5618 
35.0603 -0.395606 1.96155 23.4341 
35.1617 1.12002 2.18428 17.9721 
35.2625 2.36004 3.98498 14.2021 
35.3687 5.08936 8.91899 12.8699 
35.4782 11.1248 17.8756 20.3104 
35.5794 15.2191 13.8009 37.4987 
35.6812 8.51265 -0.0589528 35.4527 
35.7829 2.07276 -1.76931 26.4763 
35.8876 -0.236644 -1.3815 19.9303 
35.9912 -1.15542 -2.03496 15.2322 
36.1028 -2.63338 -4.65049 11.901 
36.2079 -6.07808 -10.9762 12.047 
36.3112 -12.8362 -19.9641 23.1953 
36.4169 -14.8293 -9.13621 40.5045 
36.522 -5.69164 2.37739 32.7941 
36.6255 -0.294594 2.55383 24.2981 
36.7308 1.61366 2.93501 18.5543 
36.8351 3.26546 5.39819 14.9584 
36.9412 6.72238 11.3606 15.096 
37.0503 12.8825 18.1891 26.1474 
37.155 13.3912 8.0811 38.308 
37.2557 6.17952 -0.430794 31.904 
37.3599 1.70283 -0.554541 23.9296 
37.4606 0.525134 0.0936867 18.2751 
37.5637 0.429956 0.586575 13.8963 
37.6666 0.814746 1.44786 10.6141 
37.769 1.93555 3.66924 8.38054 
37.8725 5.02225 9.69331 8.39309 
37.981 12.7158 21.5329 19.937 
38.0867 16.3309 10.3174 42.8464 
38.1924 5.27787 -4.53123 33.8868 
38.2977 -1.27503 -4.67769 25.0273 
38.4024 -3.77652 -5.81263 20.194 
38.5053 -6.36439 -9.58886 18.8444 
38.6155 -10.6583 -14.654 24.3732 
38.7182 -12.6093 -11.374 33.6726 
38.8186 -8.79465 -3.78804 32.7813 
38.9211 -4.71957 -2.19702 26.4432 
39.0253 -3.55445 -3.65157 21.0155 
39.1387 -4.89794 -7.18204 17.673 
39.2445 -8.50125 -12.9417 19.5941 
39.3498 -12.8596 -15.2503 30.0146 
39.4527 -11.2671 -6.24351 35.474 
39.5559 -5.76784 -1.43783 29.3875 
39.6634 -3.0269 -2.04554 22.6385 
39.7646 -3.07589 -4.03499 18.0491 
39.8689 -5.0786 -8.08053 15.8544 
39.9772 -9.73645 -15.1037 20.1402 
40.0837 -13.9738 -14.4584 33.8252 
40.189 -9.64656 -2.86578 35.1557 
40.2967 -3.72808 -0.221764 26.9688 
40.4028 -1.77701 -1.21905 20.4607 
40.5086 -1.99957 -2.89042 15.7628 
40.6101 -3.67147 -6.24522 13.1412 
40.7161 -7.95962 -13.6641 15.2301 
40.8185 -14.255 -18.81 29.568 
40.9207 -12.573 -5.05991 38.9777 
41.0264 -4.31577 1.65815 30.0414 
41.1319 -0.509013 1.30912 22.3806 
41.2356 0.630707 1.36369 16.9972 
41.343 1.53426 2.67074 12.9618 
41.4495 3.51409 6.38463 10.7821 
41.5501 8.03172 14.4011 13.507 
41.6553 15.3098 20.0118 31.2127 
41.7614 11.9208 2.29306 39.708 
41.8637 2.98169 -3.14217 29.486 
41.9639 -0.784314 -2.88454 22.3826 
42.0669 -2.45237 -4.02112 17.5255 
42.1686 -4.63944 -7.64333 15.1732 
42.2732 -9.12776 -14.6491 18.5811 
42.379 -14.1471 -15.916 32.7147 
42.4836 -10.5207 -3.41472 36.3323 
42.5857 -4.11745 0.289295 28.2827 
42.6869 -1.52372 -0.400699 21.5782 
42.7944 -1.19438 -1.50518 16.3078 
42.8993 -2.05996 -3.47804 12.6806 
43.0014 -4.47511 -8.07585 11.298 
43.11 -10.4418 -17.6958 17.7057 
43.2175 -15.8729 -15.0149 37.964 
43.3181 -8.83464 0.732982 36.4773 
43.4223 -1.49172 2.72742 26.7331 
43.5239 1.09596 2.61433 20.4074 
43.6267 2.54972 4.18415 16.0703 
43.7315 5.09799 8.61151 14.3454 
43.8335 10.0917 16.1335 19.5274 
43.9341 14.6301 15.2756 34.6401 
44.0398 9.59377 1.8283 35.877 
44.1481 2.98408 -0.798132 26.862 
44.2533 0.792803 -0.0784852 20.2135 
44.3537 0.441999 0.450717 15.4752 
44.4642 0.725375 1.24034 11.57 
44.5731 1.74392 3.26567 8.90577 
44.6783 4.52267 8.69723 8.38605 
44.7803 11.0789 19.6198 16.4515 
44.8854 17.013 15.0173 40.709 
44.9882 7.65801 -3.40509 36.4917 
45.0917 -0.230914 -4.58919 26.5366 
45.1995 -3.20272 -5.18766 20.7995 
45.3093 -5.73872 -8.70631 18.4506 
45.4187 -9.90138 -14.2132 22.5628 
45.5236 -12.8484 -12.8112 32.7719 
45.6244 -9.62553 -4.47 33.7701 
45.7309 -4.92791 -1.95234 27.1847 
45.8339 -3.38386 -3.16192 21.4977 
45.9406 -4.24468 -6.05421 17.7274 
46.0497 -7.47934 -11.6402 18.136 
46.1558 -12.3137 -16.0846 27.3608 
46.2622 -12.231 -7.93118 36.0111 
46.3702 -6.26632 -1.33301 30.4037 
46.4728 -3.03551 -1.52782 23.5879 
46.5797 -2.67626 -3.31752 18.3196 
46.6808 -4.18748 -6.62934 15.4542 
46.7921 -8.42918 -13.6462 17.6691 
46.9001 -13.849 -16.6279 31.0883 
47.0004 -11.563 -5.02587 37.0495 
47.103 -4.86383 0.15601 29.4363 
47.2079 -1.73008 -0.380909 22.2426 
47.3143 -1.26161 -1.50249 16.8611 
47.4168 -2.04343 -3.38547 13.1736 
47.5217 -4.4364 -7.94606 11.5898 
47.631 -10.3118 -17.4223 17.7092 
47.732 -15.7654 -16.2341 36.5506 
47.8324 -9.6787 -0.181648 37.2339 
47.9385 -1.92202 2.56469 27.2299 
48.0422 0.839242 2.34538 20.5994 
48.151 2.27929 3.7768 15.866 
48.2552 4.6074 7.85771 13.7974 
48.3575 9.40806 15.4841 17.9305 
48.4586 14.6995 16.6963 33.3202 
48.5647 10.4155 2.38933 36.9204 
48.6701 3.2993 -1.17541 27.8702 
48.7744 0.618026 -0.580714 20.9589 
48.8778 -0.0395234 -0.349541 15.9023 
48.9823 -0.301982 -0.570361 12.0399 
49.0929 -0.776773 -1.45552 9.01436 
49.2002 -2.06705 -4.02341 7.11889 
49.3011 -5.44594 -10.6659 7.80372 
49.4055 -13.4732 -22.6315 21.0774 
49.507 -16.4459 -9.43404 43.7281 
49.6127 -4.69337 5.25992 33.6501 
49.716 1.79142 5.25373 25.1814 
49.8257 4.48705 6.65632 20.6345 
49.9318 7.33393 10.6732 20.2926 
50 9.80716 13.5098 23.4966 
