MULTI_REAL_FUNCTION
Comparing Normal and Rough solutions
10
Normal - 30.000000
Normal - 40.000000
Normal - 45.000000
Normal - 50.000000
Normal - 55.000000
Rough - 30.000000 (Rough)
Rough - 40.000000 (Rough)
Rough - 45.000000 (Rough)
Rough - 50.000000 (Rough)
Rough - 55.000000 (Rough)
x1: 0
x2: 104.493
NumPoints: 500
0 0 0 0 0 0 0 0 0 0 0 
0.209406 0.1209 0.175712 0.209406 0.24956 0.299062 0.1209 0.175712 0.209406 0.24956 0.299062 
0.418811 0.241801 0.351424 0.418811 0.49912 0.598124 0.241801 0.351424 0.418811 0.49912 0.598124 
0.628217 0.362701 0.527136 0.628217 0.74868 0.897186 0.362701 0.527136 0.628217 0.74868 0.897186 
0.837622 0.483601 0.702849 0.837622 0.998239 1.19625 0.483601 0.702849 0.837622 0.998239 1.19625 
1.04703 0.604502 0.878561 1.04703 1.2478 1.49531 0.604502 0.878561 1.04703 1.2478 1.49531 
1.25643 0.725402 1.05427 1.25643 1.49736 1.79437 0.725402 1.05427 1.25643 1.49736 1.79437 
1.46584 0.846303 1.22998 1.46584 1.74692 2.09344 0.846303 1.22998 1.46584 1.74692 2.09344 
1.67524 0.967203 1.4057 1.67524 1.99648 2.3925 0.967203 1.4057 1.67524 1.99648 2.3925 
1.88465 1.0881 1.58141 1.88465 2.24604 2.69156 1.0881 1.58141 1.88465 2.24604 2.69156 
2.09406 1.209 1.75712 2.09406 2.4956 2.98678 1.209 1.75712 2.09406 2.4956 2.98677 
2.30346 1.3299 1.93283 2.30346 2.74324 3.27543 1.3299 1.93283 2.30346 2.74323 3.2754 
2.51287 1.4508 2.10855 2.5118 2.98351 3.56408 1.4508 2.10855 2.51179 2.98348 3.56403 
2.72227 1.5717 2.28319 2.71276 3.22377 3.85273 1.5717 2.28319 2.71274 3.22374 3.85266 
2.93168 1.69261 2.45111 2.91372 3.46404 4.14138 1.69261 2.45109 2.91368 3.46399 4.14129 
3.14108 1.81035 2.61902 3.11468 3.70431 4.43003 1.81034 2.61899 3.11462 3.70424 4.42992 
3.35049 1.92435 2.78694 3.31563 3.94458 4.71868 1.92433 2.78689 3.31557 3.94449 4.71855 
3.55989 2.03835 2.95485 3.51659 4.18485 5.00733 2.03832 2.95479 3.51651 4.18474 5.00718 
3.7693 2.15236 3.12277 3.71755 4.42512 5.29598 2.15231 3.12269 3.71745 4.42499 5.29581 
3.97871 2.26636 3.29068 3.91851 4.66539 5.58463 2.2663 3.29059 3.9184 4.66524 5.58444 
4.18811 2.38037 3.4586 4.11947 4.90565 5.86421 2.38029 3.45849 4.11934 4.90549 5.86378 
4.39752 2.49437 3.62652 4.32043 5.14592 6.14232 2.49428 3.62639 4.32028 5.14574 6.14182 
4.60692 2.60837 3.79443 4.52139 5.38101 6.42043 2.60827 3.79429 4.52123 5.3806 6.41987 
4.81633 2.72238 3.96235 4.72235 5.61188 6.69854 2.72227 3.9622 4.72217 5.61141 6.69792 
5.02573 2.83638 4.13026 4.91985 5.84274 6.97664 2.83626 4.1301 4.91945 5.84222 6.97597 
5.23514 2.95039 4.29818 5.11226 6.0736 7.25475 2.95025 4.298 5.11181 6.07302 7.25402 
5.44454 3.06439 4.46264 5.30467 6.30446 7.53286 3.06424 4.46224 5.30417 6.30383 7.53206 
5.65395 3.17839 4.62266 5.49708 6.53532 7.81097 3.17823 4.62222 5.49653 6.53464 7.81011 
5.86336 3.2924 4.78269 5.68949 6.76618 8.08908 3.29222 4.78219 5.68889 6.76545 8.08816 
6.07276 3.4057 4.94271 5.88189 6.99705 8.36219 3.40531 4.94217 5.88125 6.99626 8.36062 
6.28217 3.51272 5.10273 6.0743 7.22791 8.62963 3.51229 5.10215 6.07361 7.22707 8.62794 
6.49157 3.61974 5.26275 6.26671 7.45877 8.89707 3.61927 5.26212 6.26597 7.45787 8.89526 
6.70098 3.72676 5.42278 6.45912 7.68939 9.16451 3.72625 5.4221 6.45833 7.68787 9.16258 
6.91038 3.83378 5.5828 6.65153 7.91073 9.43195 3.83324 5.58208 6.65068 7.9091 9.4299 
7.11979 3.9408 5.74282 6.84393 8.13208 9.69939 3.94022 5.74206 6.84304 8.13034 9.69722 
7.3292 4.04783 5.90284 7.03634 8.35342 9.96683 4.0472 5.90203 7.0354 8.35157 9.96454 
7.5386 4.15485 6.06286 7.2216 8.57476 10.2343 4.15418 6.06201 7.22 8.57281 10.2319 
7.74801 4.26187 6.22289 7.40536 8.7961 10.5017 4.26116 6.22199 7.40366 8.79404 10.4992 
7.95741 4.36889 6.38291 7.58911 9.01744 10.7671 4.36814 6.38197 7.58731 9.01528 10.7633 
8.16682 4.47591 6.53579 7.77286 9.23878 11.0238 4.47513 6.53418 7.77097 9.23651 11.0198 
8.37622 4.58293 6.68782 7.95662 9.46012 11.2804 4.58211 6.68613 7.95463 9.45775 11.2762 
8.58563 4.68995 6.83985 8.14037 9.68147 11.5371 4.68909 6.83807 8.13828 9.67898 11.5327 
8.79503 4.79698 6.99188 8.32412 9.90281 11.7937 4.79607 6.99001 8.32194 9.90022 11.7891 
9.00444 4.904 7.14392 8.50788 10.1181 12.0504 4.90303 7.14196 8.5056 10.1143 12.0456 
9.21385 5.00451 7.29595 8.69163 10.3298 12.307 5.00291 7.2939 8.68925 10.3258 12.302 
9.42325 5.10446 7.44798 8.87538 10.5416 12.5637 5.10278 7.44584 8.87291 10.5373 12.5585 
9.63266 5.20441 7.60002 9.05914 10.7533 12.8203 5.20265 7.59779 9.05657 10.7489 12.8149 
9.84206 5.30437 7.75205 9.23951 10.965 13.0768 5.30253 7.74973 9.23568 10.9604 13.0694 
10.0515 5.40432 7.90408 9.41451 11.1767 13.3226 5.4024 7.90167 9.41052 11.1719 13.3148 
10.2609 5.50427 8.05611 9.58951 11.3884 13.5683 5.50228 8.05362 9.58535 11.3835 13.5602 
10.4703 5.60423 8.20815 9.7645 11.6001 13.814 5.60215 8.20556 9.76019 11.595 13.8057 
10.6797 5.70418 8.35613 9.9395 11.8118 14.0598 5.70203 8.35228 9.93503 11.8065 14.0511 
10.8891 5.80413 8.50007 10.1145 12.0235 14.3055 5.8019 8.49608 10.1099 12.0181 14.2966 
11.0985 5.90409 8.64402 10.2895 12.2319 14.5512 5.90177 8.63988 10.2847 12.2243 14.542 
11.3079 6.00404 8.78797 10.4645 12.4338 14.797 6.00165 8.78368 10.4595 12.426 14.7875 
11.5173 6.10399 8.93192 10.6395 12.6358 15.0427 6.10152 8.92748 10.6344 12.6277 15.0329 
11.7267 6.20395 9.07587 10.8145 12.8378 15.2884 6.2014 9.07128 10.8092 12.8294 15.2762 
11.9361 6.3039 9.21982 10.9895 13.0398 15.5238 6.30075 9.21508 10.984 13.0312 15.5105 
12.1455 6.39732 9.36377 11.1638 13.2417 15.7585 6.39342 9.35888 11.1563 13.2329 15.7448 
12.3549 6.49012 9.50772 11.3299 13.4437 15.9932 6.48609 9.50268 11.3222 13.4346 15.9791 
12.5643 6.58292 9.65167 11.4961 13.6457 16.2279 6.57875 9.64648 11.4881 13.6363 16.2134 
12.7737 6.67572 9.79562 11.6622 13.8476 16.4626 6.67142 9.79028 11.654 13.838 16.4477 
12.9831 6.76852 9.93957 11.8284 14.0496 16.6973 6.76409 9.93409 11.8199 14.0397 16.682 
13.1926 6.86132 10.0814 11.9945 14.2498 16.932 6.85676 10.0739 11.9858 14.2368 16.9163 
13.402 6.95412 10.2172 12.1606 14.4419 17.1667 6.94943 10.2095 12.1517 14.4286 17.1506 
13.6114 7.04693 10.353 12.3268 14.6341 17.4014 7.0421 10.345 12.3176 14.6203 17.3814 
13.8208 7.13973 10.4888 12.4929 14.8262 17.6254 7.13477 10.4806 12.4835 14.8121 17.6044 
14.0302 7.23253 10.6245 12.6591 15.0183 17.8489 7.22744 10.6161 12.6494 15.0039 17.8274 
14.2396 7.32533 10.7603 12.8252 15.2104 18.0725 7.32011 10.7517 12.8153 15.1956 18.0505 
14.449 7.41813 10.8961 12.9913 15.4026 18.2961 7.41278 10.8872 12.9793 15.3874 18.2735 
14.6584 7.51093 11.0319 13.1494 15.5947 18.5196 7.50545 11.0228 13.1362 15.5791 18.4965 
14.8678 7.60322 11.1676 13.3066 15.7868 18.7432 7.5957 11.1583 13.2931 15.7709 18.7195 
15.0772 7.68878 11.3034 13.4638 15.9789 18.9667 7.68107 11.2939 13.4499 15.9627 18.9425 
15.2866 7.77435 11.4392 13.621 16.1698 19.1903 7.76644 11.4294 13.6068 16.1493 19.1655 
15.496 7.85991 11.5749 13.7782 16.352 19.4129 7.85181 11.565 13.7636 16.331 19.3825 
15.7054 7.94548 11.7095 13.9354 16.5342 19.6252 7.93718 11.6965 13.9205 16.5127 19.5941 
15.9148 8.03104 11.837 14.0926 16.7164 19.8375 8.02254 11.8237 14.0773 16.6944 19.8057 
16.1242 8.11661 11.9645 14.2498 16.8985 20.0498 8.10791 11.9509 14.2342 16.8761 20.0173 
16.3336 8.20217 12.0921 14.407 17.0807 20.2621 8.19328 12.0781 14.391 17.0577 20.229 
16.543 8.28774 12.2196 14.5641 17.2629 20.4744 8.27865 12.2053 14.5479 17.2394 20.4406 
16.7524 8.3733 12.3471 14.7213 17.4451 20.6867 8.36402 12.3325 14.7023 17.4211 20.6522 
16.9619 8.45887 12.4746 14.8709 17.6272 20.899 8.44939 12.4597 14.85 17.6028 20.8638 
17.1713 8.54443 12.6021 15.0191 17.8094 21.1113 8.53475 12.5869 14.9977 17.7845 21.0754 
17.3807 8.63 12.7296 15.1672 17.9898 21.3203 8.62012 12.7141 15.1454 17.9593 21.2772 
17.5901 8.71556 12.8571 15.3153 18.162 21.5213 8.70549 12.8413 15.2931 18.1308 21.4773 
17.7995 8.7983 12.9846 15.4635 18.3341 21.7222 8.78517 12.9685 15.4408 18.3023 21.6773 
18.0089 8.87654 13.1121 15.6116 18.5062 21.9231 8.86314 13.0957 15.5885 18.4738 21.8774 
18.2183 8.95479 13.2382 15.7598 18.6783 22.1241 8.94111 13.2176 15.7362 18.6453 22.0775 
18.4277 9.03304 13.3573 15.9079 18.8504 22.325 9.01908 13.3363 15.8839 18.8168 22.2776 
18.6371 9.11128 13.4765 16.056 19.0226 22.5259 9.09706 13.455 16.0316 18.9883 22.4776 
18.8465 9.18953 13.5956 16.2042 19.1947 22.7268 9.17503 13.5738 16.1793 19.1598 22.6777 
19.0559 9.26778 13.7148 16.3523 19.3668 22.9278 9.253 13.6925 16.3228 19.3313 22.8747 
19.2653 9.34602 13.8339 16.4922 19.5389 23.1221 9.33097 13.8113 16.4612 19.5029 23.0631 
19.4747 9.42427 13.9531 16.6312 19.7078 23.3115 9.40894 13.93 16.5997 19.6645 23.2515 
19.6841 9.50252 14.0722 16.7702 19.8697 23.501 9.48692 14.0487 16.7381 19.8257 23.4399 
19.8935 9.58076 14.1914 16.9092 20.0317 23.6904 9.56489 14.1675 16.8765 19.9869 23.6283 
20.1029 9.65901 14.3105 17.0482 20.1937 23.8799 9.64286 14.2862 17.015 20.1481 23.8168 
20.3123 9.73725 14.4297 17.1872 20.3557 24.0693 9.72083 14.405 17.1534 20.3093 24.0052 
20.5217 9.8155 14.5488 17.3262 20.5176 24.2588 9.79594 14.5237 17.2918 20.4705 24.1936 
20.7312 9.8874 14.6653 17.4652 20.6796 24.4482 9.86642 14.6345 17.4303 20.6317 24.382 
20.9406 9.95824 14.776 17.6042 20.8416 24.6377 9.9369 14.7447 17.5687 20.7929 24.5613 
21.15 10.0291 14.8867 17.7432 21.0035 24.8162 10.0074 14.8549 17.7071 20.9541 24.7379 
21.3594 10.0999 14.9974 17.8816 21.1655 24.994 10.0779 14.9651 17.8384 21.1118 24.9146 
21.5688 10.1708 15.1081 18.0113 21.3216 25.1719 10.1483 15.0753 17.9674 21.2625 25.0912 
21.7782 10.2416 15.2188 18.1411 21.4734 25.3498 10.2188 15.1854 18.0965 21.4133 25.2679 
21.9876 10.3125 15.3295 18.2708 21.6251 25.5277 10.2893 15.2956 18.2255 21.5641 25.4445 
22.197 10.3833 15.4402 18.4006 21.7768 25.7055 10.3598 15.4058 18.3546 21.7149 25.6211 
22.4064 10.4542 15.5509 18.5304 21.9285 25.8834 10.4303 15.516 18.4837 21.8657 25.7978 
22.6158 10.525 15.6616 18.6601 22.0802 26.0613 10.5008 15.6262 18.6127 22.0165 25.97 
22.8252 10.5959 15.7723 18.7899 22.232 26.2345 10.5712 15.7363 18.7418 22.1673 26.1348 
23.0346 10.6667 15.883 18.9196 22.3837 26.4007 10.6417 15.8434 18.8708 22.3181 26.2995 
23.244 10.7376 15.9886 19.0494 22.5354 26.5669 10.711 15.945 18.9999 22.4689 26.4643 
23.4534 10.8048 16.0908 19.1792 22.6871 26.7331 10.7738 16.0465 19.127 22.6108 26.629 
23.6628 10.8682 16.193 19.3057 22.8294 26.8993 10.8367 16.148 19.2466 22.7511 26.7937 
23.8722 10.9316 16.2952 19.4261 22.9708 27.0655 10.8996 16.2495 19.3662 22.8914 26.9585 
24.0816 10.9949 16.3973 19.5465 23.1122 27.2316 10.9625 16.351 19.4858 23.0316 27.1232 
24.291 11.0583 16.4995 19.667 23.2536 27.3978 11.0254 16.4526 19.6053 23.1719 27.2874 
24.5005 11.1217 16.6017 19.7874 23.395 27.564 11.0883 16.5541 19.7249 23.3122 27.4402 
24.7099 11.185 16.7038 19.9078 23.5363 27.7193 11.1512 16.6556 19.8445 23.4524 27.5929 
24.9193 11.2484 16.806 20.0283 23.6777 27.8738 11.2141 16.7571 19.9641 23.5927 27.7456 
25.1287 11.3118 16.9082 20.1487 23.8191 28.0282 11.277 16.8586 20.0837 23.733 27.8984 
25.3381 11.3751 17.0103 20.2691 23.9605 28.1826 11.3399 16.9602 20.2033 23.8687 28.0511 
25.5475 11.4385 17.1125 20.3896 24.0983 28.337 11.4028 17.0536 20.3228 23.9983 28.2038 
25.7569 11.5018 17.2061 20.51 24.2292 28.4914 11.4657 17.1464 20.4352 24.128 28.3566 
25.9663 11.5652 17.2997 20.6235 24.3602 28.6458 11.5278 17.2391 20.5452 24.2576 28.5093 
26.1757 11.6267 17.3933 20.7346 24.4911 28.8002 11.583 17.3319 20.6552 24.3872 28.6524 
26.3851 11.6825 17.4868 20.8456 24.6221 28.9485 11.6382 17.4247 20.7652 24.5169 28.793 
26.5945 11.7384 17.5804 20.9566 24.753 29.091 11.6935 17.5174 20.8752 24.6465 28.9336 
26.8039 11.7942 17.6739 21.0676 24.8839 29.2336 11.7487 17.6102 20.9852 24.7761 29.0742 
27.0133 11.85 17.7675 21.1786 25.0149 29.3761 11.8039 17.7029 21.0952 24.9058 29.2148 
27.2227 11.9058 17.861 21.2897 25.1458 29.5186 11.8591 17.7957 21.2052 25.0342 29.3554 
27.4321 11.9616 17.9546 21.4007 25.2768 29.6612 11.9143 17.8885 21.3152 25.1531 29.496 
27.6415 12.0174 18.0481 21.5117 25.3987 29.8037 11.9696 17.9812 21.4252 25.272 29.6366 
27.8509 12.0732 18.1417 21.6227 25.5191 29.9463 12.0248 18.0685 21.5311 25.3909 29.7696 
28.0603 12.129 18.2309 21.7317 25.6395 30.0866 12.08 18.1524 21.6314 25.5098 29.8979 
28.2698 12.1848 18.3157 21.8332 25.76 30.2172 12.1352 18.2363 21.7318 25.6287 30.0263 
28.4792 12.2406 18.4006 21.9347 25.8804 30.3477 12.1905 18.3202 21.8321 25.7476 30.1547 
28.6886 12.2964 18.4854 22.0362 26.0008 30.4783 12.244 18.4041 21.9324 25.8665 30.2831 
28.898 12.3511 18.5703 22.1378 26.1212 30.6089 12.2915 18.4881 22.0327 25.9854 30.4115 
29.1074 12.3992 18.6551 22.2393 26.2416 30.7394 12.339 18.572 22.133 26.1043 30.5399 
29.3168 12.4474 18.74 22.3408 26.362 30.87 12.3864 18.6559 22.2334 26.2135 30.6682 
29.5262 12.4956 18.8248 22.4423 26.4777 31.0006 12.4339 18.7398 22.3337 26.3216 30.7901 
29.7356 12.5437 18.9097 22.5438 26.5874 31.1311 12.4813 18.8237 22.434 26.4296 30.9061 
29.945 12.5919 18.9945 22.6453 26.6972 31.2507 12.5288 18.9076 22.5325 26.5377 31.0222 
30.1544 12.6401 19.0794 22.7469 26.807 31.3692 12.5762 18.9876 22.623 26.6457 31.1382 
30.3638 12.6882 19.1631 22.8407 26.9168 31.4877 12.6237 19.0625 22.7135 26.7538 31.2543 
30.5732 12.7364 19.2392 22.9327 27.0266 31.6062 12.6711 19.1375 22.8041 26.8618 31.3703 
30.7826 12.7846 19.3153 23.0246 27.1364 31.7247 12.7186 19.2124 22.8946 26.9699 31.4864 
30.992 12.8327 19.3913 23.1165 27.2462 31.8432 12.766 19.2874 22.9852 27.078 31.6024 
31.2014 12.8809 19.4674 23.2084 27.356 31.9617 12.8135 19.3623 23.0757 27.1777 31.7122 
31.4108 12.929 19.5435 23.3004 27.4644 32.0802 12.8573 19.4373 23.1662 27.2749 31.8158 
31.6202 12.9758 19.6195 23.3923 27.5635 32.1902 12.8969 19.5123 23.2568 27.372 31.9194 
31.8296 13.0162 19.6956 23.4842 27.6626 32.2966 12.9365 19.5872 23.3473 27.4691 32.023 
32.0391 13.0566 19.7717 23.5762 27.7617 32.4029 12.9761 19.6622 23.4372 27.5662 32.1266 
32.2485 13.0971 19.8477 23.6681 27.8608 32.5093 13.0157 19.7371 23.5179 27.6633 32.2302 
32.4579 13.1375 19.9238 23.7555 27.9599 32.6156 13.0553 19.8087 23.5985 27.7605 32.3339 
32.6673 13.178 19.9999 23.8377 28.059 32.722 13.0949 19.8746 23.6792 27.8576 32.4375 
32.8767 13.2184 20.0684 23.92 28.158 32.8283 13.1345 19.9405 23.7599 27.9547 32.5343 
33.0861 13.2589 20.1356 24.0022 28.2571 32.9347 13.1741 20.0064 23.8405 28.044 32.6253 
33.2955 13.2993 20.2028 24.0845 28.3562 33.0342 13.2137 20.0723 23.9212 28.1301 32.7164 
33.5049 13.3398 20.27 24.1668 28.4459 33.1283 13.2533 20.1382 24.0019 28.2162 32.8075 
33.7143 13.3802 20.3372 24.249 28.5341 33.2225 13.2929 20.2041 24.0825 28.3022 32.8986 
33.9237 13.4207 20.4043 24.3313 28.6224 33.3166 13.3325 20.27 24.1632 28.3883 32.9896 
34.1331 13.4611 20.4715 24.4135 28.7107 33.4107 13.3652 20.3359 24.2434 28.4744 33.0807 
34.3425 13.4987 20.5387 24.4958 28.799 33.5048 13.3968 20.4018 24.3141 28.5605 33.1718 
34.5519 13.5314 20.6059 24.5757 28.8873 33.5989 13.4285 20.4677 24.3848 28.6466 33.2547 
34.7613 13.564 20.6731 24.6482 28.9756 33.693 13.4601 20.5297 24.4555 28.7326 33.3331 
34.9707 13.5967 20.7403 24.7207 29.0639 33.7814 13.4918 20.5865 24.5262 28.8105 33.4116 
35.1801 13.6293 20.8014 24.7932 29.1522 33.8632 13.5234 20.6432 24.5969 28.8855 33.49 
35.3895 13.662 20.8596 24.8657 29.2329 33.945 13.5551 20.7 24.6676 28.9604 33.5684 
35.5989 13.6946 20.9179 24.9382 29.3103 34.0268 13.5867 20.7568 24.7383 29.0353 33.6469 
35.8084 13.7273 20.9761 25.0107 29.3877 34.1086 13.6184 20.8135 24.809 29.1103 33.7253 
36.0178 13.7599 21.0344 25.0832 29.4651 34.1903 13.65 20.8703 24.8797 29.1852 33.8038 
36.2272 13.7926 21.0926 25.1557 29.5425 34.2721 13.6817 20.9271 24.9492 29.2602 33.8719 
36.4366 13.8252 21.1509 25.2282 29.62 34.3539 13.7133 20.9838 25.0098 29.3351 33.9376 
36.646 13.8579 21.2091 25.2999 29.6974 34.4303 13.7417 21.0406 25.0704 29.4101 34.0033 
36.8554 13.8905 21.2674 25.3626 29.7748 34.4997 13.7653 21.0974 25.1311 29.4755 34.069 
37.0648 13.9179 21.3256 25.4252 29.8522 34.5691 13.7889 21.1486 25.1917 29.5392 34.1347 
37.2742 13.9427 21.3839 25.4879 29.9231 34.6385 13.8125 21.1961 25.2523 29.6029 34.2004 
37.4836 13.9675 21.4365 25.5505 29.9895 34.7079 13.8361 21.2437 25.3129 29.6666 34.2661 
37.693 13.9922 21.4857 25.6132 30.056 34.7772 13.8597 21.2912 25.3736 29.7303 34.3314 
37.9024 14.017 21.5349 25.6759 30.1224 34.8466 13.8833 21.3388 25.4342 29.794 34.3842 
38.1118 14.0418 21.5842 25.7385 30.1889 34.916 13.9069 21.3863 25.4948 29.8578 34.4371 
38.3212 14.0666 21.6334 25.8012 30.2554 34.9797 13.9305 21.4338 25.5526 29.9215 34.49 
38.5306 14.0913 21.6826 25.8639 30.3218 35.0366 13.9542 21.4814 25.6031 29.9848 34.5429 
38.74 14.1161 21.7318 25.9263 30.3883 35.0935 13.9778 21.5289 25.6535 30.0372 34.5958 
38.9494 14.1409 21.7811 25.9791 30.4547 35.1504 14.0014 21.5764 25.704 30.0896 34.6486 
39.1588 14.1656 21.8303 26.0318 30.515 35.2073 14.0242 21.624 25.7544 30.142 34.7015 
39.3682 14.1904 21.8795 26.0845 30.5704 35.2642 14.0397 21.6633 25.8049 30.1944 34.7503 
39.5777 14.2145 21.9287 26.1373 30.6258 35.321 14.0552 21.7015 25.8554 30.2467 34.7903 
39.7871 14.2313 21.972 26.19 30.6812 35.3779 14.0707 21.7398 25.9058 30.2991 34.8302 
39.9965 14.2481 22.0121 26.2428 30.7366 35.4282 14.0862 21.778 25.9563 30.3515 34.8702 
40.2059 14.2649 22.0522 26.2955 30.792 35.4725 14.1016 21.8162 26.0068 30.4039 34.9101 
40.4153 14.2817 22.0923 26.3482 30.8475 35.5168 14.1171 21.8544 26.0517 30.453 34.9501 
40.6247 14.2986 22.1324 26.401 30.9029 35.5611 14.1326 21.8926 26.092 30.4939 34.9901 
40.8341 14.3154 22.1725 26.4533 30.9583 35.6055 14.1481 21.9308 26.1322 30.5349 35.03 
41.0435 14.3322 22.2126 26.4961 31.0071 35.6498 14.1636 21.969 26.1724 30.5759 35.0615 
41.2529 14.349 22.2527 26.5388 31.0514 35.6941 14.179 22.0072 26.2126 30.6168 35.0884 
41.4623 14.3658 22.2929 26.5816 31.0957 35.7384 14.1945 22.043 26.2528 30.6578 35.1154 
41.6717 14.3827 22.333 26.6243 31.14 35.7745 14.21 22.0718 26.293 30.6988 35.1423 
41.8811 14.3995 22.3731 26.6671 31.1843 35.8061 14.218 22.1006 26.3332 30.7397 35.1693 
42.0905 14.4163 22.406 26.7098 31.2286 35.8378 14.2253 22.1294 26.3734 30.7807 35.1962 
42.2999 14.428 22.4369 26.7525 31.2729 35.8695 14.2325 22.1582 26.4136 30.8145 35.2231 
42.5093 14.4368 22.4678 26.7953 31.3172 35.9011 14.2398 22.187 26.4448 30.844 35.2495 
42.7187 14.4456 22.4988 26.838 31.3614 35.9328 14.2471 22.2158 26.4746 30.8735 35.2633 
42.9281 14.4543 22.5297 26.8794 31.398 35.9644 14.2543 22.2446 26.5045 30.9029 35.2772 
43.1375 14.4631 22.5606 26.912 31.4311 35.9961 14.2616 22.2734 26.5344 30.9324 35.291 
43.347 14.4719 22.5915 26.9447 31.4642 36.0173 14.2688 22.3022 26.5642 30.9618 35.3049 
43.5564 14.4807 22.6225 26.9774 31.4972 36.0362 14.2761 22.331 26.5941 30.9913 35.3187 
43.7658 14.4895 22.6534 27.01 31.5303 36.0551 14.2834 22.3527 26.624 31.0207 35.3326 
43.9752 14.4983 22.6843 27.0427 31.5634 36.074 14.2906 22.372 26.6538 31.05 35.3464 
44.1846 14.5071 22.7151 27.0754 31.5965 36.093 14.2979 22.3913 26.6837 31.0678 35.3538 
44.394 14.5159 22.7368 27.108 31.6296 36.1119 14.298 22.4106 26.7103 31.0857 35.3544 
44.6034 14.5247 22.7585 27.1407 31.6627 36.1308 14.297 22.4299 26.7298 31.1036 35.3551 
44.8128 14.5309 22.7801 27.1734 31.6862 36.1491 14.2959 22.4492 26.7492 31.1214 35.3557 
45.0222 14.5316 22.8018 27.2028 31.708 36.1553 14.2949 22.4685 26.7686 31.1393 35.3564 
45.2316 14.5323 22.8235 27.2254 31.7298 36.1614 14.2938 22.4878 26.7881 31.1571 35.357 
45.441 14.533 22.8451 27.2479 31.7516 36.1675 14.2928 22.5071 26.8075 31.175 35.3577 
45.6504 14.5337 22.8668 27.2704 31.7734 36.1736 14.2917 22.5264 26.8269 31.1928 35.3583 
45.8598 14.5343 22.8884 27.2929 31.7952 36.1797 14.2907 22.5425 26.8464 31.205 35.3459 
46.0692 14.535 22.9101 27.3154 31.817 36.1859 14.2897 22.5522 26.8658 31.2112 35.3332 
46.2786 14.5357 22.9318 27.3379 31.8389 36.192 14.2886 22.5619 26.8852 31.2173 35.3206 
46.488 14.5364 22.9504 27.3604 31.8598 36.194 14.2876 22.5716 26.896 31.2235 35.3079 
46.6974 14.5371 22.9627 27.3829 31.8702 36.1872 14.2865 22.5813 26.9049 31.2297 35.2953 
46.9068 14.5378 22.975 27.4054 31.8807 36.1804 14.2776 22.591 26.9138 31.2358 35.2827 
47.1163 14.5384 22.9873 27.4221 31.8911 36.1737 14.2681 22.6007 26.9228 31.242 35.27 
47.3257 14.5383 22.9997 27.4344 31.9016 36.1669 14.2587 22.6104 26.9317 31.2482 35.2503 
47.5351 14.5308 23.012 27.4467 31.9121 36.1601 14.2493 22.6201 26.9406 31.2541 35.2242 
47.7445 14.5233 23.0243 27.459 31.9225 36.1534 14.2398 22.6298 26.9495 31.2485 35.1982 
47.9539 14.5158 23.0366 27.4712 31.933 36.1466 14.2304 22.6394 26.9584 31.2429 35.1722 
48.1633 14.5083 23.0489 27.4835 31.9434 36.1315 14.2209 22.6394 26.9673 31.2373 35.1462 
48.3727 14.5008 23.0613 27.4958 31.9497 36.1118 14.2115 22.6394 26.9718 31.2316 35.1202 
48.5821 14.4933 23.0736 27.508 31.9488 36.0921 14.2021 22.6394 26.9701 31.226 35.0942 
48.7915 14.4858 23.079 27.5203 31.9478 36.0723 14.1926 22.6395 26.9684 31.2204 35.0664 
49.0009 14.4783 23.0819 27.5326 31.9468 36.0526 14.1832 22.6395 26.9667 31.2148 35.0269 
49.2103 14.4708 23.0848 27.5357 31.9458 36.0329 14.1725 22.6395 26.965 31.2092 34.9874 
49.4197 14.4633 23.0877 27.5376 31.9448 36.0131 14.1546 22.6395 26.9632 31.1963 34.9479 
49.6291 14.4558 23.0906 27.5396 31.9438 35.9933 14.1366 22.6395 26.9615 31.1788 34.9084 
49.8385 14.4483 23.0935 27.5415 31.9429 35.9606 14.1187 22.6395 26.9598 31.1613 34.869 
50.0479 14.4325 23.0964 27.5435 31.9419 35.9278 14.1008 22.6395 26.9581 31.1438 34.8295 
50.2573 14.4168 23.0993 27.5454 31.9328 35.895 14.0829 22.6319 26.9555 31.1263 34.79 
50.4667 14.401 23.1022 27.5474 31.9203 35.8622 14.0649 22.6221 26.9431 31.1088 34.7399 
50.6761 14.3852 23.1051 27.5494 31.9078 35.8294 14.047 22.6123 26.9307 31.0913 34.6869 
50.8856 14.3695 23.1059 27.5513 31.8953 35.7966 14.0291 22.6026 26.9182 31.0738 34.6338 
51.095 14.3537 23.0993 27.5502 31.8828 35.7639 14.0112 22.5928 26.9058 31.053 34.5808 
51.3044 14.338 23.0927 27.5418 31.8703 35.7256 13.9932 22.583 26.8934 31.0236 34.5278 
51.5138 14.3222 23.0861 27.5334 31.8578 35.6797 13.9753 22.5733 26.881 30.9941 34.4747 
51.7232 14.3064 23.0795 27.5249 31.8453 35.6338 13.9533 22.5635 26.8686 30.9646 34.4217 
51.9326 14.2907 23.0729 27.5165 31.8316 35.5879 13.9268 22.5537 26.8562 30.9352 34.3621 
52.142 14.2749 23.0663 27.5081 31.8075 35.542 13.9003 22.544 26.8437 30.9057 34.2954 
52.3514 14.259 23.0597 27.4996 31.7834 35.4961 13.8738 22.5277 26.8223 30.8763 34.2287 
52.5608 14.2349 23.0531 27.4912 31.7593 35.4502 13.8473 22.5081 26.7991 30.8468 34.162 
52.7702 14.2108 23.0465 27.4828 31.7352 35.4043 13.8208 22.4885 26.7759 30.8173 34.0953 
52.9796 14.1867 23.0399 27.4743 31.7111 35.3469 13.7943 22.4688 26.7526 30.7758 34.0286 
53.189 14.1626 23.0257 27.4579 31.687 35.2878 13.7678 22.4492 26.7294 30.7343 33.9619 
53.3984 14.1385 23.0095 27.439 31.6629 35.2286 13.7413 22.4296 26.7062 30.6928 33.8921 
53.6078 14.1144 22.9934 27.4201 31.6388 35.1695 13.7148 22.4099 26.683 30.6513 33.8116 
53.8172 14.0903 22.9772 27.4012 31.6081 35.1104 13.6883 22.3903 26.6598 30.6098 33.7312 
54.0266 14.0662 22.961 27.3823 31.5723 35.0513 13.6618 22.3707 26.6366 30.5683 33.6508 
54.236 14.0421 22.9448 27.3634 31.5366 34.9922 13.6272 22.3511 26.6061 30.5268 33.5703 
54.4454 14.018 22.9287 27.3445 31.5008 34.9281 13.5921 22.3253 26.572 30.4852 33.4899 
54.6549 13.9939 22.9125 27.3256 31.4651 34.8557 13.5569 22.2957 26.5379 30.4342 33.4094 
54.8643 13.9686 22.8963 27.3067 31.4293 34.7833 13.5217 22.2661 26.5038 30.3805 33.3286 
55.0737 13.9361 22.8801 27.2846 31.3935 34.7109 13.4866 22.2365 26.4697 30.3269 33.2343 
55.2831 13.9035 22.8596 27.2551 31.3578 34.6385 13.4514 22.2069 26.4356 30.2732 33.14 
55.4925 13.871 22.8337 27.2257 31.321 34.5661 13.4162 22.1773 26.4015 30.2195 33.0457 
55.7019 13.8385 22.8079 27.1962 31.2735 34.4937 13.3811 22.1478 26.3674 30.1659 32.9514 
55.9113 13.806 22.7821 27.1668 31.226 34.4213 13.3459 22.1182 26.3333 30.1122 32.8572 
56.1207 13.7735 22.7562 27.1373 31.1785 34.3366 13.3107 22.0886 26.2929 30.0586 32.7629 
56.3301 13.741 22.7304 27.1079 31.1309 34.2508 13.2756 22.059 26.2479 29.9971 32.6686 
56.5395 13.7084 22.7046 27.0784 31.0834 34.165 13.236 22.0227 26.2028 29.9312 32.5621 
56.7489 13.6759 22.6787 27.049 31.0359 34.0792 13.1921 21.983 26.1577 29.8653 32.4538 
56.9583 13.6434 22.6529 27.0195 30.9884 33.9935 13.1482 21.9434 26.1126 29.7994 32.3456 
57.1677 13.6109 22.6271 26.9803 30.9409 33.9077 13.1043 21.9038 26.0676 29.7335 32.2374 
57.3771 13.5751 22.5993 26.9402 30.8856 33.8219 13.0603 21.8641 26.0225 29.6676 32.1291 
57.5865 13.5341 22.5637 26.9001 30.8262 33.7292 13.0164 21.8245 25.9774 29.6017 32.0209 
57.7959 13.4931 22.5282 26.8601 30.7669 33.63 12.9725 21.7849 25.9323 29.5358 31.9127 
58.0053 13.4521 22.4926 26.82 30.7075 33.5308 12.9286 21.7452 25.8811 29.4632 31.7935 
58.2147 13.4111 22.457 26.7799 30.6482 33.4315 12.8847 21.7056 25.825 29.3849 31.6712 
58.4242 13.3701 22.4215 26.7398 30.5888 33.3323 12.8407 21.666 25.7688 29.3067 31.549 
58.6336 13.3291 22.3859 26.6998 30.5295 33.2331 12.7968 21.6181 25.7127 29.2285 31.4267 
58.843 13.2881 22.3503 26.6597 30.4701 33.1338 12.7512 21.5683 25.6565 29.1502 31.3044 
59.0524 13.247 22.3148 26.6132 30.4073 33.0325 12.6984 21.5185 25.6004 29.072 31.1821 
59.2618 13.206 22.2792 26.5624 30.336 32.9197 12.6457 21.4688 25.5443 28.9938 31.0598 
59.4712 13.165 22.2434 26.5116 30.2648 32.8069 12.5929 21.419 25.4881 28.9155 30.9273 
59.6806 13.124 22.198 26.4608 30.1935 32.6942 12.5401 21.3692 25.432 28.8308 30.7908 
59.89 13.0768 22.1527 26.41 30.1223 32.5814 12.4874 21.3194 25.369 28.7402 30.6544 
60.0994 13.0272 22.1073 26.3593 30.051 32.4686 12.4346 21.2697 25.3017 28.6495 30.5179 
60.3088 12.9776 22.0619 26.3085 29.9797 32.3559 12.3818 21.2199 25.2344 28.5588 30.3815 
60.5182 12.928 22.0165 26.2577 29.9085 32.2431 12.3291 21.1696 25.1671 28.4681 30.2451 
60.7276 12.8784 21.9712 26.2069 29.8372 32.1188 12.2763 21.1096 25.0998 28.3775 30.1086 
60.937 12.8289 21.9258 26.1523 29.7542 31.9924 12.2235 21.0496 25.0325 28.2868 29.9618 
61.1464 12.7793 21.8804 26.0908 29.6709 31.866 12.1708 20.9896 24.9652 28.1961 29.8111 
61.3558 12.7297 21.835 26.0292 29.5877 31.7396 12.1091 20.9296 24.8978 28.0985 29.6604 
61.5652 12.6801 21.7896 25.9676 29.5044 31.6132 12.0474 20.8696 24.8305 27.9953 29.5097 
61.7746 12.6305 21.735 25.9061 29.4212 31.4868 11.9857 20.8096 24.7549 27.8921 29.359 
61.9841 12.5809 21.6798 25.8445 29.3379 31.3604 11.924 20.7496 24.6763 27.7889 29.2083 
62.1935 12.5298 21.6245 25.7829 29.2546 31.226 11.8623 20.6896 24.5978 27.6857 29.0576 
62.4029 12.4716 21.5692 25.7214 29.1714 31.0859 11.8006 20.6296 24.5192 27.5825 28.8956 
62.6123 12.4134 21.514 25.6598 29.0794 30.9457 11.7389 20.5658 24.4406 27.4793 28.7305 
62.8217 12.3551 21.4587 25.5963 28.984 30.8056 11.6772 20.4955 24.3621 27.3761 28.5655 
63.0311 12.2969 21.4034 25.5239 28.8887 30.6655 11.6155 20.4252 24.2835 27.2647 28.4004 
63.2405 12.2386 21.3482 25.4515 28.7934 30.5254 11.5537 20.3549 24.2049 27.1488 28.2353 
63.4499 12.1804 21.2929 25.379 28.698 30.3852 11.492 20.2845 24.1264 27.033 28.0703 
63.6593 12.1222 21.2376 25.3066 28.6027 30.24 11.422 20.2142 24.0371 26.9172 27.9052 
63.8687 12.0639 21.1732 25.2342 28.5073 30.0861 11.3513 20.1439 23.9471 26.8013 27.7271 
64.0781 12.0057 21.1079 25.1617 28.412 29.9322 11.2805 20.0736 23.8572 26.6855 27.5476 
64.2875 11.9475 21.0427 25.0893 28.3102 29.7782 11.2098 20.0033 23.7673 26.5697 27.368 
64.4969 11.8892 20.9774 25.0169 28.2027 29.6243 11.1391 19.9329 23.6774 26.4538 27.1885 
64.7063 11.8246 20.9122 24.9437 28.0952 29.4704 11.0683 19.8545 23.5875 26.3276 27.0089 
64.9157 11.7576 20.847 24.8604 27.9877 29.3164 10.9976 19.7738 23.4975 26.1991 26.8294 
65.1251 11.6906 20.7817 24.777 27.8802 29.1597 10.9269 19.693 23.4076 26.0705 26.6489 
65.3345 11.6237 20.7165 24.6936 27.7727 28.9918 10.8561 19.6123 23.3151 25.942 26.4548 
65.5439 11.5567 20.6513 24.6102 27.6652 28.824 10.7854 19.5316 23.2138 25.8134 26.2606 
65.7534 11.4897 20.586 24.5268 27.5577 28.6561 10.7147 19.4508 23.1124 25.6848 26.0664 
65.9628 11.4228 20.5108 24.4434 27.4454 28.4883 10.6352 19.3701 23.011 25.5563 25.8723 
66.1722 11.3558 20.4355 24.3601 27.3257 28.3204 10.5553 19.2893 22.9096 25.4272 25.6781 
66.3816 11.2888 20.3602 24.2767 27.2059 28.1526 10.4755 19.2086 22.8083 25.2858 25.484 
66.591 11.2218 20.2849 24.1931 27.0861 27.9835 10.3956 19.125 22.7069 25.1444 25.2856 
66.8004 11.1549 20.2096 24.0987 26.9664 27.8017 10.3157 19.0337 22.6055 25.003 25.0768 
67.0098 11.0844 20.1344 24.0042 26.8466 27.6198 10.2359 18.9425 22.5041 24.8616 24.8679 
67.2192 11.0086 20.0591 23.9098 26.7269 27.4379 10.156 18.8512 22.3961 24.7202 24.659 
67.4286 10.9329 19.9838 23.8154 26.6071 27.2561 10.0762 18.76 22.2832 24.5788 24.4501 
67.638 10.8571 19.9085 23.721 26.4835 27.0742 9.99631 18.6687 22.1702 24.4374 24.2412 
67.8474 10.7813 19.8317 23.6266 26.3514 26.8924 9.91645 18.5775 22.0573 24.2917 24.0323 
68.0568 10.7055 19.7463 23.5322 26.2193 26.7102 9.83557 18.4862 21.9444 24.1374 23.8151 
68.2662 10.6297 19.6609 23.4378 26.0872 26.5142 9.74649 18.395 21.8315 23.983 23.5914 
68.4756 10.5539 19.5755 23.3428 25.9551 26.3183 9.65741 18.3037 21.7185 23.8287 23.3676 
68.685 10.4782 19.49 23.2373 25.823 26.1223 9.56834 18.2034 21.6056 23.6743 23.1439 
68.8944 10.4024 19.4046 23.1318 25.6909 25.9263 9.47926 18.1015 21.4926 23.52 22.9202 
69.1038 10.3266 19.3192 23.0262 25.5588 25.7303 9.39018 17.9996 21.368 23.3656 22.6964 
69.3132 10.2494 19.2338 22.9207 25.4232 25.5343 9.3011 17.8978 21.2434 23.2113 22.4727 
69.5227 10.1647 19.1483 22.8152 25.2786 25.3383 9.21202 17.7959 21.1189 23.048 22.2355 
69.7321 10.08 19.0629 22.7096 25.1341 25.1281 9.12295 17.694 20.9943 22.8806 21.9968 
69.9415 9.99533 18.9737 22.6041 24.9896 24.9179 9.03387 17.5922 20.8697 22.7132 21.7581 
70.1509 9.91065 18.878 22.4986 24.845 24.7077 8.94479 17.4903 20.7451 22.5458 21.5194 
70.3603 9.82597 18.7824 22.3914 24.7005 24.4975 8.85224 17.3884 20.6205 22.3784 21.2806 
70.5697 9.74128 18.6867 22.2747 24.556 24.2873 8.75384 17.2809 20.496 22.211 21.0419 
70.7791 9.6566 18.5911 22.158 24.4114 24.0771 8.65545 17.1684 20.3654 22.0436 20.7988 
70.9885 9.57192 18.4954 22.0412 24.2628 23.8662 8.55705 17.0558 20.229 21.8748 20.545 
71.1979 9.48724 18.3998 21.9245 24.1057 23.6417 8.45866 16.9432 20.0927 21.6942 20.2911 
71.4073 9.40256 18.3042 21.8077 23.9487 23.4172 8.36026 16.8306 19.9564 21.5137 20.0373 
71.6167 9.31761 18.2085 21.691 23.7916 23.1926 8.26187 16.7181 19.82 21.3331 19.7834 
71.8261 9.22395 18.1129 21.5743 23.6345 22.9681 8.16347 16.6055 19.6837 21.1525 19.5296 
72.0355 9.13029 18.0102 21.4575 23.4775 22.7436 8.06507 16.4929 19.5474 20.9719 19.2757 
72.2449 9.03663 17.9042 21.3373 23.3204 22.519 7.96668 16.3803 19.411 20.7913 19.0106 
72.4543 8.94297 17.7983 21.2093 23.1633 22.2925 7.86828 16.2647 19.2736 20.6107 18.7415 
72.6637 8.84931 17.6923 21.0813 23.0009 22.0535 7.76286 16.1413 19.1254 20.4224 18.4724 
72.8731 8.75565 17.5864 20.9532 22.8312 21.8146 7.65505 16.0179 18.9772 20.2285 18.2033 
73.0825 8.66199 17.4804 20.8252 22.6615 21.5756 7.54724 15.8946 18.829 20.0346 17.9341 
73.292 8.56833 17.3745 20.6972 22.4918 21.3366 7.43942 15.7712 18.6808 19.8407 17.665 
73.5014 8.47467 17.2685 20.5691 22.3222 21.0976 7.33161 15.6478 18.5326 19.6469 17.392 
73.7108 8.38101 17.1626 20.4411 22.1525 20.8586 7.2238 15.5244 18.3844 19.453 17.1075 
73.9202 8.28731 17.0559 20.3131 21.9828 20.6155 7.11599 15.401 18.2362 19.2591 16.823 
74.1296 8.18459 16.9395 20.1789 21.8131 20.362 7.00818 15.2776 18.088 19.0634 16.5385 
74.339 8.08187 16.8232 20.0395 21.636 20.1084 6.90037 15.1529 17.9308 18.8561 16.2539 
74.5484 7.97914 16.7068 19.9001 21.4536 19.8549 6.79255 15.0185 17.7707 18.6488 15.9694 
74.7578 7.87642 16.5905 19.7606 21.2711 19.6013 6.68254 14.8842 17.6105 18.4415 15.6849 
74.9672 7.7737 16.4742 19.6212 21.0887 19.3478 6.56521 14.7499 17.4503 18.2342 15.3875 
75.1766 7.67097 16.3578 19.4818 20.9063 19.0942 6.44789 14.6156 17.2901 18.0269 15.0874 
75.386 7.56825 16.2415 19.3424 20.7239 18.8336 6.33056 14.4813 17.1299 17.8196 14.7873 
75.5954 7.46553 16.1252 19.203 20.5415 18.5653 6.21323 14.347 16.9698 17.6123 14.4873 
75.8048 7.3628 16.0088 19.0635 20.3591 18.2971 6.0959 14.2127 16.8096 17.3948 14.1872 
76.0142 7.26008 15.8867 18.9145 20.1663 18.0289 5.97857 14.0784 16.6436 17.1739 13.8871 
76.2236 7.15662 15.7599 18.7636 19.9711 17.7606 5.86125 13.9435 16.4713 16.9531 13.5797 
76.433 7.04475 15.6331 18.6127 19.7758 17.4924 5.74392 13.7982 16.2991 16.7323 13.2639 
76.6424 6.93288 15.5063 18.4618 19.5806 17.2242 5.62659 13.6528 16.1268 16.5114 12.9481 
76.8518 6.82101 15.3795 18.3109 19.3853 16.9449 5.50926 13.5075 15.9546 16.2906 12.6323 
77.0613 6.70913 15.2527 18.16 19.1901 16.6619 5.38398 13.3622 15.7823 16.0698 12.3165 
77.2707 6.59726 15.1258 18.0091 18.9948 16.3788 5.25704 13.2169 15.61 15.8428 12.0007 
77.4801 6.48539 14.999 17.8582 18.7985 16.0958 5.13009 13.0715 15.4378 15.6083 11.6823 
77.6895 6.37351 14.8722 17.7048 18.5903 15.8127 5.00314 12.9262 15.262 15.3738 11.3506 
77.8989 6.26164 14.7443 17.5423 18.3821 15.5297 4.8762 12.7809 15.0775 15.1393 11.019 
78.1083 6.14977 14.6069 17.3798 18.1739 15.2458 4.74925 12.6347 14.893 14.9048 10.6873 
78.3177 6.0379 14.4696 17.2173 17.9657 14.9478 4.6223 12.4783 14.7086 14.6703 10.3556 
78.5271 5.92363 14.3322 17.0549 17.7576 14.6498 4.49536 12.3218 14.5241 14.4358 10.0239 
78.7365 5.80252 14.1948 16.8924 17.5494 14.3518 4.36841 12.1653 14.3396 14.1985 9.69227 
78.9459 5.68141 14.0574 16.7299 17.3412 14.0538 4.24147 12.0089 14.1551 13.9501 9.34569 
79.1553 5.5603 13.92 16.5675 17.1274 13.7558 4.10934 11.8524 13.9707 13.7018 8.99797 
79.3647 5.4392 13.7826 16.405 16.9061 13.4578 3.97267 11.696 13.784 13.4535 8.65025 
79.5741 5.31809 13.6452 16.2348 16.6849 13.1533 3.836 11.5395 13.5872 13.2052 8.30253 
79.7835 5.19698 13.5079 16.0606 16.4637 12.8402 3.69933 11.383 13.3905 12.9569 7.95481 
79.9929 5.07587 13.3627 15.8865 16.2424 12.5272 3.56266 11.2246 13.1937 12.7086 7.6071 
80.2023 4.95476 13.2146 15.7123 16.0212 12.2141 3.42599 11.0569 12.9969 12.4598 7.24708 
80.4117 4.83365 13.0666 15.5382 15.8 11.901 3.28933 10.8891 12.8001 12.1975 6.88314 
80.6211 4.71254 12.9185 15.3641 15.5788 11.588 3.15266 10.7214 12.6033 11.9353 6.51921 
80.8306 4.58639 12.7705 15.1899 15.3464 11.2749 3.01599 10.5537 12.4065 11.673 6.15527 
81.04 4.45596 12.6224 15.0158 15.112 10.9487 2.87932 10.386 12.2079 11.4108 5.79134 
81.2494 4.32552 12.4744 14.8395 14.8777 10.6204 2.73922 10.2183 11.9987 11.1485 5.4274 
81.4588 4.19509 12.3263 14.6536 14.6433 10.2921 2.59272 10.0506 11.7895 10.8862 5.05276 
81.6682 4.06465 12.1783 14.4677 14.4089 9.96381 2.44622 9.88293 11.5802 10.624 4.67243 
81.8776 3.93422 12.0254 14.2817 14.1745 9.63553 2.29972 9.71098 11.371 10.3486 4.29209 
82.087 3.80378 11.8666 14.0958 13.9401 9.30725 2.15323 9.53192 11.1617 10.0722 3.91176 
82.2964 3.67334 11.7078 13.9099 13.7015 8.97345 2.00673 9.35285 10.9525 9.79588 3.53143 
82.5058 3.54291 11.549 13.724 13.4538 8.62981 1.86023 9.17379 10.7433 9.51953 3.1511 
82.7152 3.41247 11.3902 13.5381 13.2062 8.28616 1.71373 8.99473 10.5317 9.24318 2.76058 
82.9246 3.28204 11.2314 13.3522 12.9585 7.94252 1.56724 8.81567 10.3099 8.96683 2.36367 
83.134 3.14291 11.0726 13.1571 12.7109 7.59888 1.42074 8.63661 10.088 8.69048 1.96676 
83.3434 3.00306 10.9138 12.9593 12.4632 7.25524 1.2715 8.45755 9.86624 8.40126 1.56985 
83.5528 2.86321 10.755 12.7615 12.2155 6.9116 1.11506 8.27849 9.64442 8.11068 1.17293 
83.7622 2.72335 10.5935 12.5637 11.9679 6.5538 0.95863 8.09189 9.42261 7.82009 0.776023 
83.9716 2.5835 10.4239 12.3659 11.7087 6.19465 0.802195 7.90135 9.2008 7.52951 0.368334 
84.181 2.44365 10.2542 12.1681 11.4476 5.8355 0.645761 7.71081 8.97899 7.23892 0 
84.3904 2.3038 10.0845 11.9703 11.1866 5.47635 0.489326 7.52028 8.75322 6.94834 0 
84.5999 2.16394 9.91489 11.7725 10.9255 5.1172 0.332891 7.32974 8.51871 6.65775 0 
84.8093 2.02409 9.74522 11.5695 10.6645 4.75805 0.176456 7.1392 8.28419 6.35351 0 
85.0187 1.88424 9.57556 11.3598 10.4034 4.39063 0.0200216 6.94867 8.04968 6.04854 0 
85.2281 1.7405 9.4059 11.15 10.1424 4.01582 0 6.75813 7.81517 5.74357 0 
85.4375 1.59114 9.23624 10.9402 9.875 3.64101 0 6.56726 7.58065 5.43859 0 
85.6469 1.44178 9.06526 10.7304 9.60042 3.2662 0 6.36513 7.34614 5.13362 0 
85.8563 1.29242 8.88465 10.5206 9.32585 2.89139 0 6.16299 7.11162 4.82864 0 
86.0657 1.14306 8.70403 10.3109 9.05128 2.51658 0 5.96086 6.87048 4.52269 0 
86.2751 0.993694 8.52342 10.1011 8.77671 2.13852 0 5.75873 6.62313 4.20317 0 
86.4845 0.844332 8.34281 9.88924 8.50214 1.74789 0 5.55659 6.37577 3.88365 0 
86.6939 0.69497 8.16219 9.66737 8.22756 1.35726 0 5.35446 6.12842 3.56413 0 
86.9033 0.545609 7.98158 9.4455 7.95105 0.966636 0 5.15233 5.88107 3.24461 0 
87.1127 0.396247 7.80096 9.22363 7.66283 0.576008 0 4.9502 5.63372 2.92509 0 
87.3221 0.246885 7.62035 9.00176 7.37461 0.185381 0 4.74231 5.38637 2.60557 0 
87.5315 0.087954 7.43883 8.77989 7.0864 0 0 4.52846 5.13902 2.28222 0 
87.7409 0 7.24716 8.55802 6.79818 0 0 4.31461 4.88125 1.94799 0 
87.9503 0 7.05549 8.33615 6.50996 0 0 4.10076 4.62092 1.61376 0 
88.1597 0 6.86382 8.11428 6.22175 0 0 3.8869 4.36059 1.27954 0 
88.3692 0 6.67215 7.88041 5.93353 0 0 3.67305 4.10027 0.945309 0 
88.5786 0 6.48048 7.64633 5.63311 0 0 3.4592 3.83994 0.611082 0 
88.788 0 6.28881 7.41226 5.33111 0 0 3.24534 3.57962 0.276855 0 
88.9974 0 6.09714 7.17818 5.02912 0 0 3.03099 3.31929 0 0 
89.2068 0 5.90547 6.94411 4.72713 0 0 2.80529 3.05671 0 0 
89.4162 0 5.7124 6.71003 4.42514 0 0 2.57959 2.78327 0 0 
89.6256 0 5.50957 6.47595 4.12315 0 0 2.35389 2.50983 0 0 
89.835 0 5.30674 6.24188 3.82115 0 0 2.12819 2.23639 0 0 
90.0444 0 5.10391 5.99708 3.50944 0 0 1.90249 1.96295 0 0 
90.2538 0 4.90108 5.75068 3.19354 0 0 1.67679 1.6895 0 0 
90.4632 0 4.69825 5.50428 2.87763 0 0 1.45109 1.41606 0 0 
90.6726 0 4.49542 5.25789 2.56173 0 0 1.22539 1.14262 0 0 
90.882 0 4.29259 5.01149 2.24583 0 0 0.991483 0.860913 0 0 
91.0914 0 4.08976 4.7651 1.92993 0 0 0.753805 0.574209 0 0 
91.3008 0 3.88407 4.5187 1.61402 0 0 0.516127 0.287505 0 0 
91.5102 0 3.66997 4.27231 1.28995 0 0 0.278449 0.000800765 0 0 
91.7196 0 3.45588 4.01553 0.960001 0 0 0.040771 0 0 0 
91.929 0 3.24178 3.75669 0.630048 0 0 0 0 0 0 
92.1385 0 3.02768 3.49786 0.300096 0 0 0 0 0 0 
92.3479 0 2.81358 3.23902 0 0 0 0 0 0 0 
92.5573 0 2.59949 2.98019 0 0 0 0 0 0 0 
92.7667 0 2.38539 2.72135 0 0 0 0 0 0 0 
92.9761 0 2.17129 2.46252 0 0 0 0 0 0 0 
93.1855 0 1.95189 2.20368 0 0 0 0 0 0 0 
93.3949 0 1.72641 1.93385 0 0 0 0 0 0 0 
93.6043 0 1.50094 1.66246 0 0 0 0 0 0 0 
93.8137 0 1.27546 1.39106 0 0 0 0 0 0 0 
94.0231 0 1.04999 1.11966 0 0 0 0 0 0 0 
94.2325 0 0.824512 0.848266 0 0 0 0 0 0 0 
94.4419 0 0.599037 0.576869 0 0 0 0 0 0 0 
94.6513 0 0.373562 0.305471 0 0 0 0 0 0 0 
94.8607 0 0.148087 0.0340743 0 0 0 0 0 0 0 
95.0701 0 0 0 0 0 0 0 0 0 0 
95.2795 0 0 0 0 0 0 0 0 0 0 
95.4889 0 0 0 0 0 0 0 0 0 0 
95.6983 0 0 0 0 0 0 0 0 0 0 
95.9078 0 0 0 0 0 0 0 0 0 0 
96.1172 0 0 0 0 0 0 0 0 0 0 
96.3266 0 0 0 0 0 0 0 0 0 0 
96.536 0 0 0 0 0 0 0 0 0 0 
96.7454 0 0 0 0 0 0 0 0 0 0 
96.9548 0 0 0 0 0 0 0 0 0 0 
97.1642 0 0 0 0 0 0 0 0 0 0 
97.3736 0 0 0 0 0 0 0 0 0 0 
97.583 0 0 0 0 0 0 0 0 0 0 
97.7924 0 0 0 0 0 0 0 0 0 0 
98.0018 0 0 0 0 0 0 0 0 0 0 
98.2112 0 0 0 0 0 0 0 0 0 0 
98.4206 0 0 0 0 0 0 0 0 0 0 
98.63 0 0 0 0 0 0 0 0 0 0 
98.8394 0 0 0 0 0 0 0 0 0 0 
99.0488 0 0 0 0 0 0 0 0 0 0 
99.2582 0 0 0 0 0 0 0 0 0 0 
99.4676 0 0 0 0 0 0 0 0 0 0 
99.6771 0 0 0 0 0 0 0 0 0 0 
99.8865 0 0 0 0 0 0 0 0 0 0 
100.096 0 0 0 0 0 0 0 0 0 0 
100.305 0 0 0 0 0 0 0 0 0 0 
100.515 0 0 0 0 0 0 0 0 0 0 
100.724 0 0 0 0 0 0 0 0 0 0 
100.933 0 0 0 0 0 0 0 0 0 0 
101.143 0 0 0 0 0 0 0 0 0 0 
101.352 0 0 0 0 0 0 0 0 0 0 
101.562 0 0 0 0 0 0 0 0 0 0 
101.771 0 0 0 0 0 0 0 0 0 0 
101.981 0 0 0 0 0 0 0 0 0 0 
102.19 0 0 0 0 0 0 0 0 0 0 
102.399 0 0 0 0 0 0 0 0 0 0 
102.609 0 0 0 0 0 0 0 0 0 0 
102.818 0 0 0 0 0 0 0 0 0 0 
103.028 0 0 0 0 0 0 0 0 0 0 
103.237 0 0 0 0 0 0 0 0 0 0 
103.446 0 0 0 0 0 0 0 0 0 0 
103.656 0 0 0 0 0 0 0 0 0 0 
103.865 0 0 0 0 0 0 0 0 0 0 
104.075 0 0 0 0 0 0 0 0 0 0 
104.284 0 0 0 0 0 0 0 0 0 0 
104.493 0 0 0 0 0 0 0 0 0 0 
