MULTI_REAL_FUNCTION
Comparing Air resist and Drag.dep.on speed. solutions
14
Air resist, angle - 20.000000
Air resist, angle - 30.000000
Air resist, angle - 40.000000
Air resist, angle - 45.000000
Air resist, angle - 50.000000
Air resist, angle - 55.000000
Air resist, angle - 60.000000
Drag.dep.on speed., angle - 20.000000
Drag.dep.on speed., angle - 30.000000
Drag.dep.on speed., angle - 40.000000
Drag.dep.on speed., angle - 45.000000
Drag.dep.on speed., angle - 50.000000
Drag.dep.on speed., angle - 55.000000
Drag.dep.on speed., angle - 60.000000
x1: 0
x2: 138.442
NumPoints: 100
0 0 0 0 0 0 0 0 0 0 0 0 0 0 0 
1.3984 0.505972 0.80318 1.16724 1.39082 1.65712 1.98426 2.40254 0.505948 0.803147 1.16719 1.39076 1.65705 1.98407 2.40226 
2.7968 0.995036 1.58709 2.30986 2.75133 3.27654 3.92101 4.74414 0.994718 1.58671 2.30909 2.75043 3.27545 3.91909 4.74169 
4.1952 1.46719 2.35005 3.42451 4.08153 4.85824 5.81022 7.02271 1.46606 2.34816 3.42215 4.07788 4.85392 5.80351 7.01225 
5.5936 1.92131 3.09122 4.51312 5.37901 6.40221 7.65189 9.23808 1.91765 3.08698 4.50644 5.37135 6.39109 7.6357 9.21412 
6.992 2.35663 3.8131 5.57518 6.64523 7.90846 9.44602 11.3925 2.34973 3.80419 5.56264 6.62868 7.88558 9.41401 11.3406 
8.3904 2.77504 4.51237 6.60977 7.88112 9.37697 11.1926 13.4817 2.76346 4.49638 6.58665 7.8505 9.33597 11.1349 13.3921 
9.7888 3.17653 5.1915 7.61922 9.08524 10.8077 12.8916 15.5098 3.15606 5.16668 7.58014 9.03559 10.7408 12.7966 15.364 
11.1872 3.55885 5.85052 8.59977 10.2571 12.1999 14.543 17.4749 3.52814 5.81028 8.54254 10.1827 12.0986 14.3988 17.2509 
12.5856 3.92349 6.48688 9.55566 11.3987 13.5537 16.1469 19.3766 3.88087 6.43088 9.47148 11.2904 13.4078 15.9362 19.0515 
13.984 4.27122 7.10395 10.4831 12.5094 14.8698 17.7032 21.2174 4.20955 7.02386 10.3657 12.3576 14.6656 17.4088 20.7616 
15.3824 4.60163 7.69923 11.3849 13.5869 16.148 19.2119 22.9929 4.51811 7.59186 11.2257 13.3828 15.871 18.8127 22.3772 
16.7808 4.91249 8.27352 12.2597 14.634 17.3885 20.672 24.7072 4.80333 8.13214 12.0502 14.3647 17.0229 20.1467 23.8945 
18.1792 5.20643 8.82852 13.1074 15.6508 18.5912 22.0844 26.3585 5.06585 8.64456 12.8381 15.302 18.1198 21.4061 25.3095 
19.5776 5.48343 9.36002 13.9296 16.6344 19.7562 23.4493 27.9463 5.30497 9.12999 13.5881 16.1933 19.1584 22.591 26.6185 
20.976 5.74197 9.87223 14.7232 17.5871 20.8832 24.7665 29.4731 5.51952 9.58379 14.298 17.0373 20.1367 23.6965 27.8178 
22.3744 5.9821 10.3634 15.4922 18.5094 21.9711 26.0361 30.9346 5.70982 10.0089 14.9679 17.8326 21.0552 24.7201 28.9016 
23.7728 6.2053 10.8328 16.2323 19.3995 23.0212 27.2581 32.3349 5.87443 10.4042 15.5966 18.5778 21.9085 25.6603 29.8674 
25.1712 6.41157 11.2829 16.9471 20.2578 24.0334 28.4324 33.672 6.0131 10.7658 16.1828 19.2717 22.6974 26.5139 30.7124 
26.5696 6.59819 11.7103 17.6345 21.0856 25.0079 29.559 34.9458 6.12575 11.0958 16.7253 19.9127 23.4182 27.2781 31.43 
27.968 6.76756 12.1176 18.2952 21.8822 25.9445 30.638 36.1584 6.20993 11.3933 17.223 20.497 24.0702 27.9497 32.0186 
29.3664 6.92 12.5047 18.9299 22.6459 26.8434 31.6694 37.3056 6.2679 11.6567 17.6745 21.0256 24.6495 28.526 32.473 
30.7648 7.05463 12.8691 19.5365 23.3792 27.7043 32.6529 38.3916 6.29529 11.8836 18.0786 21.4971 25.1568 29.0041 32.7906 
32.1632 7.17016 13.2143 20.1183 24.0821 28.5267 33.5878 39.4143 6.2941 12.075 18.4328 21.9077 25.5861 29.3812 32.9653 
33.5616 7.26875 13.5375 20.6708 24.7514 29.3106 34.4751 40.3737 6.26401 12.2298 18.7369 22.257 25.9382 29.6544 32.9959 
34.96 7.35039 13.8398 21.1985 25.3901 30.0566 35.3147 41.2719 6.20071 12.3468 18.9896 22.5444 26.211 29.821 32.8769 
36.3584 7.41303 14.1226 21.6984 25.9984 30.7647 36.1067 42.1046 6.10663 12.425 19.1898 22.7648 26.4004 29.8784 32.6034 
37.7568 7.45776 14.3821 22.1718 26.5742 31.435 36.8509 42.8761 5.98084 12.4633 19.3361 22.921 26.5046 29.8237 32.1725 
39.1552 7.48553 14.6222 22.619 27.1183 32.0675 37.5474 43.5842 5.82126 12.4605 19.4249 23.006 26.5221 29.6537 31.5796 
40.5536 7.49612 14.8411 23.0382 27.632 32.6621 38.1962 44.229 5.62649 12.4155 19.4565 23.023 26.4504 29.3631 30.8195 
41.952 7.48697 15.0384 23.4326 28.1142 33.2188 38.7972 44.8124 5.3971 12.3271 19.4302 22.9658 26.2869 28.9516 29.8869 
43.3504 7.46086 15.2164 23.7977 28.5637 33.7362 39.3506 45.3305 5.13201 12.1943 19.3422 22.8353 26.029 28.4146 28.7761 
44.7488 7.41779 15.3714 24.138 28.9827 34.2157 39.8562 45.7874 4.83011 12.0157 19.192 22.6292 25.6738 27.7474 27.4811 
46.1472 7.35632 15.5064 24.4502 29.3712 34.6573 40.3135 46.1806 4.4903 11.7904 18.979 22.343 25.2189 26.9481 25.9953 
47.5456 7.27631 15.621 24.7363 29.726 35.0611 40.7226 46.5107 4.11089 11.5169 18.6984 21.9772 24.6612 26.0103 24.3108 
48.944 7.17933 15.7132 24.9957 30.0503 35.4269 41.084 46.7792 3.69105 11.1942 18.3523 21.5291 23.998 24.9309 22.4175 
50.3424 7.0654 15.7861 25.2275 30.3442 35.7548 41.3976 46.9824 3.23014 10.8211 17.9347 20.9956 23.2262 23.7057 20.3095 
51.7408 6.93183 15.8367 25.4342 30.6053 36.0449 41.6635 47.1245 2.72697 10.3962 17.4472 20.3735 22.3427 22.3267 17.9711 
53.1392 6.78094 15.8667 25.6117 30.8349 36.2965 41.8816 47.2026 2.18035 9.91743 16.8856 19.6613 21.3418 20.7898 15.3942 
54.5376 6.61307 15.8769 25.7645 31.034 36.5093 42.0519 47.2178 1.58906 9.38241 16.2481 18.8562 20.2215 19.0888 12.5639 
55.936 6.42737 15.8639 25.8889 31.2015 36.6842 42.1745 47.1711 0.95184 8.79146 15.534 17.9553 18.9788 17.2163 9.46409 
57.3344 6.22253 15.8317 25.9874 31.3363 36.8211 42.2492 47.0594 0.267154 8.14324 14.7387 16.9553 17.6052 15.1646 6.07702 
58.7328 6.00072 15.7778 26.059 31.4406 36.9201 42.2762 46.8864 -0.467136 7.4329 13.8602 15.853 16.1006 12.9253 2.38354 
60.1312 5.76194 15.7026 26.1032 31.5144 36.9812 42.2554 46.6493 -1.25158 6.6617 12.8969 14.6452 14.455 10.4874 -1.64277 
61.5296 5.50407 15.6081 26.122 31.5544 37.0043 42.1857 46.3494 -2.08752 5.82702 11.8457 13.3271 12.6663 7.84076 -6.02634 
62.928 5.2283 15.4902 26.1119 31.5639 36.9895 42.0683 45.9874 -2.97637 4.92556 10.7033 11.8943 10.7274 4.97451 -10.8 
64.3264 4.93555 15.3528 26.077 31.5429 36.9358 41.9031 45.5606 -3.91952 3.95742 9.46645 10.3441 8.62884 1.8735 -15.9998 
65.7248 4.62548 15.1944 26.0134 31.4892 36.8437 41.6901 45.0725 -4.92158 2.91799 8.13166 8.6717 6.36517 -1.47769 -21.6713 
67.1232 4.29573 15.014 25.9242 31.4039 36.7136 41.4292 44.5198 -5.98137 1.8067 6.69529 6.86908 3.92769 -5.09544 -27.8641 
68.5216 3.949 14.8143 25.8078 31.288 36.5456 41.1206 43.9047 -7.10034 0.62114 5.15356 4.9347 1.30711 -8.99935 -34.6403 
69.92 3.58528 14.5918 25.6643 31.1405 36.3396 40.7641 43.2271 -8.2845 -0.643629 3.5025 2.85828 -1.50911 -13.2148 -42.0749 
71.3184 3.20298 14.3491 25.4951 30.9603 36.0956 40.3598 42.485 -9.53149 -1.98778 1.73798 0.635848 -4.53051 -17.7637 -50.2586 
72.7168 2.80224 14.0862 25.2971 30.7495 35.8136 39.9077 41.6816 -10.8469 -3.41471 -0.146504 -1.74026 -7.77025 -22.6794 -59.302 
74.1152 2.38451 13.8005 25.0744 30.5082 35.4937 39.4077 40.8133 -12.2303 -4.9283 -2.15563 -4.27883 -11.2437 -27.9962 -69.3468 
75.5136 1.9498 13.4955 24.8228 30.2331 35.1345 38.8591 39.8828 -13.6876 -6.53275 -4.29378 -6.98922 -14.9682 -33.7546 -80.5698 
76.912 1.49521 13.1684 24.5456 29.9274 34.7372 38.2623 38.8894 -15.2181 -8.23044 -6.57006 -9.88137 -18.9611 -40.0021 -93.2001 
78.3104 1.02346 12.8204 24.2412 29.5912 34.3019 37.6177 37.8318 -16.8271 -10.0254 -8.98927 -12.9658 -23.2441 -46.7956 -107.541 
79.7088 0.534715 12.4528 23.9097 29.2222 33.8286 36.9253 36.7128 -18.5174 -11.9216 -11.559 -16.2538 -27.8434 -54.2048 -124.005 
81.1072 0.0278466 12.0618 23.5524 28.8216 33.3173 36.185 35.5286 -20.2912 -13.9244 -14.2884 -19.762 -32.7842 -62.3105 0 
82.5056 0 11.6514 23.1664 28.3904 32.768 35.3968 34.2825 -22.1525 -16.0391 -17.1873 -23.5026 -38.1005 -71.2149 0 
83.904 0 11.2196 22.7556 27.9276 32.1806 34.5607 32.9731 -24.1053 -18.2695 -20.2654 -27.4947 -43.8298 -81.0411 0 
85.3024 0 10.7663 22.3159 27.4319 31.5552 33.6768 31.5998 -26.1538 -20.6207 -23.5344 -31.7588 -50.0149 -91.9481 0 
86.7008 0 10.2936 21.8507 26.9057 30.8904 32.7449 30.1652 -28.3026 -23.1027 -27.0056 -36.3168 -56.7089 -104.133 0 
88.0992 0 9.79756 21.3581 26.3489 30.1876 31.7652 28.6647 -30.5561 -25.7174 -30.6936 -41.1922 -63.9733 -117.858 0 
89.4976 0 9.28183 20.8384 25.7584 29.4468 30.737 27.1028 -32.9193 -28.4772 -34.6142 -46.4174 -71.8807 -133.47 0 
90.896 0 8.74524 20.2929 25.1371 28.6679 29.6603 25.4771 -35.3971 -31.3868 -38.7864 -52.024 -80.5195 0 0 
92.2944 0 8.1865 19.7187 24.4853 27.851 28.5358 23.7879 -37.9969 -34.4558 -43.2286 -58.0513 -90.0019 0 0 
93.6928 0 7.60836 19.1197 23.8008 26.996 27.3633 22.0369 -40.7248 -37.6947 -47.9645 -64.5473 -100.462 0 0 
95.0912 0 7.00753 18.4917 23.0845 26.103 26.1429 20.2204 -43.587 -41.1144 -53.0203 -71.564 -112.071 0 0 
96.4896 0 6.38637 17.8382 22.3375 25.1716 24.8746 18.3425 -46.5919 -44.7264 -58.4249 -79.1678 -125.047 0 0 
97.888 0 5.74492 17.1573 21.5591 24.201 23.5584 16.4002 -49.7491 -48.5442 -64.213 -87.434 -139.678 0 0 
99.2864 0 5.08072 16.4493 20.7477 23.1924 22.1941 14.3948 -53.0663 -52.5844 -70.4236 -96.4559 -156.35 0 0 
100.685 0 4.39712 15.7154 19.9056 22.1458 20.782 12.3271 -56.5543 -56.8623 -77.1059 -106.351 0 0 0 
102.083 0 3.69138 14.9529 19.0329 21.061 19.3218 10.1943 -60.2244 -61.3969 -84.3119 -117.26 0 0 0 
103.482 0 2.96473 14.1655 18.1266 19.9382 17.8132 8.00003 -64.0885 -66.2102 -92.1084 -129.363 0 0 0 
104.88 0 2.21833 13.3491 17.1894 18.7772 16.256 5.74081 -68.1639 -71.3252 -100.573 -142.893 0 0 0 
106.278 0 1.44861 12.5072 16.2215 17.5782 14.6508 3.41902 -72.4615 -76.7726 -109.799 -158.153 0 0 0 
107.677 0 0.659496 11.6378 15.2212 16.3406 12.9977 1.03421 -77.0025 -82.5814 -119.905 0 0 0 0 
109.075 0 0 10.7413 14.1887 15.0639 11.2965 0 -81.805 -88.7893 -131.033 0 0 0 0 
110.474 0 0 9.81894 13.1256 13.7492 9.54735 0 -86.8911 -95.4384 -143.365 0 0 0 0 
111.872 0 0 8.86791 12.0313 12.3963 7.75016 0 -92.2881 -102.579 -157.135 0 0 0 0 
113.27 0 0 7.89192 10.9036 11.0053 5.90495 0 -98.0216 -110.272 -172.648 0 0 0 0 
114.669 0 0 6.88694 9.74518 9.57618 4.0117 0 -104.127 -118.584 0 0 0 0 0 
116.067 0 0 5.85637 8.55608 8.1089 2.07041 0 -110.642 -127.603 0 0 0 0 0 
117.466 0 0 4.79837 7.3338 6.60346 0.0803681 0 -117.61 -137.426 0 0 0 0 0 
118.864 0 0 3.7132 6.08008 5.05937 0 0 -125.084 -148.182 0 0 0 0 0 
120.262 0 0 2.60219 4.79565 3.47626 0 0 -133.126 -160.027 0 0 0 0 0 
121.661 0 0 1.4624 3.47926 1.85497 0 0 -141.807 -173.158 0 0 0 0 0 
123.059 0 0 0.297628 2.13017 0.195508 0 0 -151.215 -187.829 0 0 0 0 0 
124.458 0 0 0 0.750366 0 0 0 -161.457 0 0 0 0 0 0 
125.856 0 0 0 -0.660171 0 0 0 -172.663 0 0 0 0 0 0 
127.254 0 0 0 0 0 0 0 -184.995 0 0 0 0 0 0 
128.653 0 0 0 0 0 0 0 -198.663 0 0 0 0 0 0 
130.051 0 0 0 0 0 0 0 0 0 0 0 0 0 0 
131.45 0 0 0 0 0 0 0 0 0 0 0 0 0 0 
132.848 0 0 0 0 0 0 0 0 0 0 0 0 0 0 
134.246 0 0 0 0 0 0 0 0 0 0 0 0 0 0 
135.645 0 0 0 0 0 0 0 0 0 0 0 0 0 0 
137.043 0 0 0 0 0 0 0 0 0 0 0 0 0 0 
138.442 0 0 0 0 0 0 0 0 0 0 0 0 0 0 
