MULTI_REAL_FUNCTION
Comparing Smooth and Rough solutions
10
Smooth - 30.000000
Smooth - 40.000000
Smooth - 45.000000
Smooth - 50.000000
Smooth - 55.000000
Rough - 30.000000 (Rough)
Rough - 40.000000 (Rough)
Rough - 45.000000 (Rough)
Rough - 50.000000 (Rough)
Rough - 55.000000 (Rough)
x1: 0
x2: 100.931
NumPoints: 500
0 0 0 0 0 0 0 0 0 0 0 
0.202267 0.116779 0.169722 0.202267 0.241052 0.288867 0.116779 0.169722 0.202267 0.241052 0.288867 
0.404534 0.233558 0.339444 0.404534 0.482104 0.577734 0.233558 0.339444 0.404534 0.482104 0.577734 
0.6068 0.350336 0.509166 0.6068 0.723156 0.866601 0.350336 0.509166 0.6068 0.723156 0.866601 
0.809067 0.467115 0.678888 0.809067 0.964209 1.15547 0.467115 0.678888 0.809067 0.964209 1.15547 
1.01133 0.583894 0.84861 1.01133 1.20526 1.44433 0.583894 0.84861 1.01133 1.20526 1.44433 
1.2136 0.700673 1.01833 1.2136 1.44631 1.7332 0.700673 1.01833 1.2136 1.44631 1.7332 
1.41587 0.817451 1.18805 1.41587 1.68737 2.02207 0.817451 1.18805 1.41587 1.68737 2.02207 
1.61813 0.93423 1.35778 1.61813 1.92842 2.31094 0.93423 1.35778 1.61813 1.92842 2.31094 
1.8204 1.05101 1.5275 1.8204 2.16947 2.5998 1.05101 1.5275 1.8204 2.16947 2.5998 
2.02267 1.16779 1.69722 2.02267 2.41052 2.88838 1.16779 1.69722 2.02267 2.41052 2.88838 
2.22493 1.28457 1.86694 2.22493 2.65157 3.16715 1.28457 1.86694 2.22493 2.65157 3.16717 
2.4272 1.40135 2.03666 2.4272 2.88519 3.44592 1.40135 2.03666 2.4272 2.8852 3.44596 
2.62947 1.51812 2.20639 2.62367 3.11723 3.72469 1.51812 2.20639 2.62368 3.11726 3.72475 
2.83173 1.6349 2.37094 2.81775 3.34928 4.00346 1.6349 2.37095 2.81778 3.34932 4.00354 
3.034 1.75168 2.53311 3.01183 3.58132 4.28224 1.75168 2.53313 3.01187 3.58138 4.28233 
3.23627 1.86214 2.69527 3.20591 3.81336 4.56101 1.86215 2.69531 3.20596 3.81344 4.56112 
3.43854 1.97224 2.85743 3.39999 4.04541 4.83978 1.97226 2.85748 3.40006 4.0455 4.83991 
3.6408 2.08233 3.0196 3.59406 4.27745 5.11855 2.08236 3.01966 3.59415 4.27756 5.1187 
3.84307 2.19242 3.18176 3.78814 4.5095 5.39732 2.19247 3.18184 3.78824 4.50962 5.39749 
4.04534 2.30251 3.34393 3.98222 4.74154 5.67383 2.30257 3.34402 3.98233 4.74168 5.6742 
4.2476 2.41261 3.50609 4.1763 4.97359 5.94235 2.41268 3.50619 4.17643 4.97374 5.94277 
4.44987 2.5227 3.66825 4.37038 5.20563 6.21086 2.52278 3.66837 4.37052 5.2058 6.21134 
4.65214 2.63279 3.83042 4.56446 5.43004 6.47938 2.63289 3.83055 4.56461 5.43043 6.47991 
4.8544 2.74289 3.99258 4.75853 5.65293 6.74789 2.74299 3.99272 4.75871 5.65337 6.74848 
5.05667 2.85298 4.15474 4.94748 5.87582 7.01641 2.8531 4.1549 4.94787 5.87631 7.01704 
5.25894 2.96307 4.31691 5.13324 6.09871 7.28492 2.9632 4.31708 5.13367 6.09925 7.28561 
5.4612 3.07316 4.47458 5.319 6.32161 7.55344 3.07331 4.47496 5.31947 6.32219 7.55418 
5.66347 3.18326 4.62907 5.50476 6.5445 7.82196 3.18341 4.62949 5.50527 6.54513 7.82275 
5.86574 3.29335 4.78355 5.69052 6.76739 8.09047 3.29352 4.78401 5.69107 6.76807 8.09132 
6.068 3.40252 4.93803 5.87628 6.99028 8.35308 3.40288 4.93853 5.87688 6.99101 8.35454 
6.27027 3.50582 5.09252 6.06203 7.21317 8.61118 3.50621 5.09306 6.06268 7.21395 8.61275 
6.47254 3.60911 5.247 6.24779 7.43607 8.86928 3.60955 5.24758 6.24848 7.43689 8.87096 
6.6748 3.71241 5.40148 6.43355 7.65881 9.12738 3.71288 5.40211 6.43428 7.65983 9.12916 
6.87707 3.81571 5.55597 6.61931 7.87241 9.38548 3.81622 5.55663 6.62008 7.87391 9.38737 
7.07934 3.91901 5.71045 6.80507 8.086 9.64358 3.91955 5.71115 6.80588 8.0876 9.64558 
7.2816 4.02231 5.86493 6.99082 8.2996 9.90168 4.02289 5.86568 6.99169 8.30129 9.90379 
7.48387 4.12561 6.01942 7.17053 8.5132 10.1598 4.12622 6.0202 7.172 8.51499 10.162 
7.68614 4.22891 6.1739 7.34784 8.7268 10.4179 4.22955 6.17472 7.3494 8.72868 10.4202 
7.8884 4.33221 6.32838 7.52515 8.9404 10.6753 4.33289 6.32925 7.52679 8.94237 10.6784 
8.09067 4.43551 6.47747 7.70246 9.15399 10.9229 4.43622 6.47893 7.70419 9.15607 10.9265 
8.29294 4.53881 6.62415 7.87977 9.36759 11.1704 4.53956 6.62569 7.88158 9.36976 11.1742 
8.4952 4.6421 6.77084 8.05708 9.58119 11.4179 4.64289 6.77246 8.05898 9.58345 11.4219 
8.69747 4.7454 6.91752 8.23439 9.79479 11.6655 4.74623 6.91922 8.23637 9.79714 11.6697 
8.89974 4.8487 7.0642 8.4117 10.005 11.913 4.84956 7.06598 8.41377 10.0085 11.9174 
9.102 4.94812 7.21089 8.58901 10.2091 12.1605 4.94957 7.21275 8.59116 10.2128 12.1651 
9.30427 5.04452 7.35757 8.76632 10.4133 12.4081 5.04603 7.35951 8.76856 10.4171 12.4128 
9.50654 5.14092 7.50426 8.94362 10.6175 12.6556 5.1425 7.50628 8.94596 10.6215 12.6605 
9.70881 5.23731 7.65094 9.12093 10.8216 12.9031 5.23897 7.65304 9.12335 10.8258 12.9082 
9.91107 5.33371 7.79762 9.28969 11.0258 13.1432 5.33544 7.7998 9.2933 11.0301 13.1503 
10.1133 5.43011 7.94431 9.45842 11.23 13.3801 5.43191 7.94657 9.46217 11.2344 13.3873 
10.3156 5.52651 8.09099 9.62715 11.4341 13.6169 5.52838 8.09333 9.63105 11.4387 13.6244 
10.5179 5.62291 8.23767 9.79589 11.6383 13.8537 5.62485 8.24009 9.79993 11.6431 13.8615 
10.7201 5.71931 8.37646 9.96462 11.8425 14.0905 5.72132 8.38006 9.9688 11.8474 14.0985 
10.9224 5.8157 8.51522 10.1334 12.0466 14.3273 5.81779 8.51895 10.1377 12.0517 14.3356 
11.1247 5.9121 8.65399 10.3021 12.2425 14.5641 5.91426 8.65785 10.3066 12.2495 14.5727 
11.3269 6.0085 8.79275 10.4708 12.4371 14.8009 6.01073 8.79675 10.4754 12.4444 14.8098 
11.5292 6.1049 8.93152 10.6396 12.6317 15.0377 6.1072 8.93565 10.6443 12.6392 15.0468 
11.7315 6.2013 9.07029 10.8083 12.8263 15.2696 6.20367 9.07455 10.8132 12.834 15.2815 
11.9337 6.29619 9.20905 10.977 13.0209 15.4955 6.29969 9.21345 10.9821 13.0289 15.5078 
12.136 6.38559 9.34782 11.1418 13.2155 15.7215 6.3892 9.35235 11.1488 13.2237 15.7342 
12.3383 6.47498 9.48659 11.3019 13.4101 15.9474 6.47871 9.49125 11.309 13.4185 15.9605 
12.5405 6.56437 9.62535 11.4619 13.6047 16.1734 6.56822 9.63014 11.4693 13.6134 16.1868 
12.7428 6.65376 9.76412 11.6219 13.7993 16.3993 6.65773 9.76904 11.6295 13.8082 16.4131 
12.9451 6.74316 9.90288 11.782 13.9939 16.6253 6.74724 9.90794 11.7897 14.003 16.6394 
13.1473 6.83255 10.0377 11.942 14.1835 16.8512 6.83675 10.0446 11.95 14.1954 16.8657 
13.3496 6.92194 10.1684 12.102 14.3684 17.0772 6.92626 10.1756 12.1102 14.3806 17.092 
13.5519 7.01133 10.2992 12.2621 14.5533 17.2993 7.01577 10.3065 12.2705 14.5659 17.3181 
13.7541 7.10072 10.4299 12.4221 14.7381 17.5142 7.10529 10.4374 12.4307 14.7511 17.5335 
13.9564 7.19012 10.5606 12.5821 14.923 17.7292 7.1948 10.5684 12.591 14.9363 17.7489 
14.1587 7.27951 10.6914 12.7422 15.1079 17.9441 7.28431 10.6993 12.7512 15.1215 17.9643 
14.3609 7.3689 10.8221 12.9016 15.2928 18.159 7.37382 10.8302 12.9115 15.3068 18.1797 
14.5632 7.45829 10.9528 13.0528 15.4777 18.374 7.46333 10.9612 13.0649 15.492 18.3951 
14.7655 7.5471 11.0836 13.204 15.6626 18.5889 7.55284 11.0921 13.2164 15.6772 18.6105 
14.9677 7.62938 11.2143 13.3552 15.8475 18.8038 7.63645 11.223 13.3679 15.8624 18.8259 
15.17 7.71167 11.345 13.5064 16.0294 19.0188 7.71891 11.3539 13.5194 16.0476 19.0414 
15.3723 7.79395 11.4758 13.6576 16.2044 19.2298 7.80136 11.4849 13.6709 16.2236 19.2568 
15.5745 7.87623 11.6051 13.8088 16.3795 19.4335 7.88382 11.6158 13.8224 16.3991 19.4619 
15.7768 7.95851 11.7277 13.96 16.5546 19.6373 7.96628 11.7399 13.9739 16.5746 19.6663 
15.9791 8.0408 11.8503 14.1112 16.7296 19.8411 8.04874 11.8627 14.1255 16.7501 19.8707 
16.1813 8.12308 11.9729 14.2625 16.9047 20.0449 8.1312 11.9856 14.277 16.9256 20.0751 
16.3836 8.20536 12.0955 14.4137 17.0798 20.2487 8.21365 12.1085 14.4285 17.1011 20.2795 
16.5859 8.28764 12.2181 14.5649 17.2548 20.4524 8.29611 12.2313 14.58 17.2766 20.4839 
16.7881 8.36992 12.3407 14.7085 17.4299 20.6562 8.37857 12.3542 14.7275 17.4521 20.6882 
16.9904 8.45221 12.4632 14.8508 17.605 20.86 8.46103 12.477 14.8702 17.6276 20.8926 
17.1927 8.53449 12.5858 14.993 17.7776 21.0584 8.54349 12.5999 15.0128 17.8031 21.097 
17.3949 8.61677 12.7084 15.1353 17.9427 21.2509 8.62594 12.7228 15.1555 17.971 21.2908 
17.5972 8.69792 12.831 15.2776 18.1079 21.4434 8.7084 12.8456 15.2982 18.1367 21.4841 
17.7995 8.77299 12.9536 15.4199 18.273 21.6359 8.78517 12.9685 15.4408 18.3023 21.6773 
18.0017 8.84806 13.0761 15.5621 18.4381 21.8284 8.86048 13.0914 15.5835 18.468 21.8706 
18.204 8.92313 13.1904 15.7044 18.6032 22.0209 8.9358 13.2095 15.7261 18.6336 22.0638 
18.4063 8.9982 13.3047 15.8467 18.7683 22.2134 9.01111 13.3242 15.8688 18.7993 22.2571 
18.6085 9.07327 13.419 15.9889 18.9334 22.4059 9.08642 13.4389 16.0115 18.965 22.4504 
18.8108 9.14834 13.5334 16.1312 19.0985 22.5984 9.16174 13.5535 16.1541 19.1306 22.6436 
19.0131 9.2234 13.6477 16.2664 19.2636 22.7829 9.23705 13.6682 16.2945 19.2963 22.8361 
19.2153 9.29847 13.762 16.3997 19.4257 22.9639 9.31237 13.7829 16.4282 19.4619 23.0181 
19.4176 9.37354 13.8763 16.5329 19.5808 23.145 9.38768 13.8976 16.5619 19.6206 23.2001 
19.6199 9.44861 13.9907 16.6661 19.7358 23.3261 9.46299 14.0123 16.6956 19.7763 23.3821 
19.8221 9.52368 14.105 16.7993 19.8908 23.5072 9.53831 14.127 16.8293 19.932 23.5641 
20.0244 9.59875 14.2193 16.9325 20.0458 23.6882 9.61362 14.2417 16.9631 20.0877 23.7461 
20.2267 9.67382 14.3337 17.0657 20.2009 23.8693 9.68893 14.3564 17.0968 20.2434 23.9281 
20.4289 9.74574 14.4478 17.1989 20.3559 24.0504 9.76425 14.4711 17.2305 20.3991 24.1101 
20.6312 9.81349 14.5537 17.3321 20.5109 24.2311 9.83278 14.582 17.3642 20.5548 24.2921 
20.8335 9.88124 14.6597 17.4653 20.666 24.4006 9.90086 14.6884 17.4979 20.7105 24.471 
21.0357 9.949 14.7657 17.5986 20.821 24.5701 9.96894 14.7948 17.6316 20.8662 24.6416 
21.238 10.0168 14.8716 17.724 20.9712 24.7396 10.037 14.9012 17.7636 21.0219 24.8122 
21.4403 10.0845 14.9776 17.848 21.116 24.9092 10.1051 15.0077 17.8882 21.17 24.9828 
21.6425 10.1523 15.0835 17.9721 21.2608 25.0787 10.1732 15.1141 18.0129 21.3157 25.1534 
21.8448 10.22 15.1895 18.0961 21.4056 25.2482 10.2413 15.2205 18.1375 21.4613 25.3241 
22.0471 10.2878 15.2954 18.2202 21.5505 25.4177 10.3093 15.3269 18.2622 21.607 25.4947 
22.2493 10.3555 15.4014 18.3442 21.6953 25.5872 10.3774 15.4334 18.3869 21.7526 25.6653 
22.4516 10.4233 15.5074 18.4682 21.8401 25.7514 10.4455 15.5398 18.5115 21.8983 25.8359 
22.6539 10.491 15.6133 18.5923 21.9849 25.9092 10.5136 15.6462 18.6362 22.0439 26 
22.8561 10.5588 15.7176 18.7163 22.1298 26.0671 10.5816 15.7526 18.7608 22.1896 26.1591 
23.0584 10.6265 15.8151 18.8403 22.2746 26.2249 10.6497 15.855 18.8855 22.3352 26.3182 
23.2607 10.6876 15.9126 18.9639 22.4114 26.3828 10.716 15.953 19.0102 22.4809 26.4774 
23.4629 10.748 16.0101 19.0786 22.5459 26.5406 10.7767 16.0511 19.1325 22.6172 26.6365 
23.6652 10.8083 16.1076 19.1934 22.6804 26.6985 10.8375 16.1492 19.248 22.7527 26.7956 
23.8675 10.8687 16.205 19.3081 22.8149 26.8563 10.8982 16.2472 19.3635 22.8882 26.9547 
24.0697 10.929 16.3025 19.4229 22.9494 27.0142 10.959 16.3453 19.479 23.0237 27.1139 
24.272 10.9893 16.4 19.5376 23.084 27.1604 11.0197 16.4433 19.5945 23.1592 27.273 
24.4743 11.0497 16.4975 19.6524 23.2185 27.3065 11.0805 16.5414 19.71 23.2946 27.4211 
24.6765 11.11 16.595 19.7671 23.353 27.4525 11.1412 16.6395 19.8255 23.4301 27.5686 
24.8788 11.1704 16.6925 19.8819 23.4875 27.5986 11.202 16.7375 19.941 23.5656 27.7161 
25.0811 11.2307 16.7899 19.9966 23.6201 27.7446 11.2627 16.8356 20.0565 23.7011 27.8637 
25.2833 11.291 16.883 20.1114 23.7442 27.8906 11.3235 16.9336 20.172 23.8348 28.0112 
25.4856 11.3514 16.9719 20.2225 23.8682 28.0367 11.3842 17.0262 20.2875 23.96 28.1587 
25.6879 11.4117 17.0608 20.3278 23.9923 28.1827 11.445 17.1158 20.3989 24.0852 28.3062 
25.8901 11.4679 17.1497 20.4332 24.1164 28.3217 11.5058 17.2054 20.5052 24.2105 28.4538 
26.0924 11.5208 17.2386 20.5385 24.2404 28.4559 11.5611 17.295 20.6114 24.3357 28.5964 
26.2947 11.5736 17.3275 20.6439 24.3645 28.59 11.6144 17.3846 20.7177 24.4609 28.7323 
26.4969 11.6264 17.4164 20.7492 24.4885 28.7241 11.6677 17.4742 20.8239 24.5861 28.8681 
26.6992 11.6792 17.5053 20.8546 24.6126 28.8583 11.7211 17.5638 20.9302 24.7113 29.0039 
26.9015 11.7321 17.5942 20.9599 24.7367 28.9924 11.7744 17.6534 21.0364 24.8365 29.1397 
27.1037 11.7849 17.6831 21.0653 24.8534 29.1265 11.8277 17.743 21.1427 24.9617 29.2755 
27.306 11.8377 17.772 21.1706 24.9669 29.2606 11.8811 17.8326 21.2489 25.0815 29.4113 
27.5083 11.8905 17.8609 21.276 25.0805 29.3914 11.9344 17.9222 21.3552 25.1963 29.5472 
27.7105 11.9433 17.9413 21.3732 25.194 29.5134 11.9878 18.0118 21.4614 25.3112 29.683 
27.9128 11.9962 18.0215 21.4691 25.3075 29.6355 12.0411 18.0933 21.5608 25.426 29.8075 
28.1151 12.049 18.1017 21.5649 25.421 29.7576 12.0944 18.1744 21.6577 25.5408 29.9315 
28.3173 12.1018 18.1819 21.6608 25.5345 29.8797 12.1478 18.2554 21.7546 25.6557 30.0555 
28.5196 12.1518 18.2621 21.7566 25.648 30.0018 12.2011 18.3365 21.8515 25.7705 30.1795 
28.7219 12.197 18.3423 21.8525 25.7615 30.1239 12.2516 18.4175 21.9484 25.8854 30.3035 
28.9241 12.2422 18.4225 21.9483 25.8718 30.246 12.2974 18.4985 22.0453 26.0002 30.4275 
29.1264 12.2874 18.5027 22.0441 25.9746 30.3674 12.3433 18.5796 22.1422 26.1151 30.5515 
29.3287 12.3326 18.5829 22.14 26.0775 30.4773 12.3891 18.6606 22.2391 26.2196 30.6755 
29.5309 12.3778 18.6631 22.2358 26.1803 30.5873 12.4349 18.7417 22.336 26.324 30.7927 
29.7332 12.423 18.7434 22.3275 26.2832 30.6972 12.4808 18.8227 22.4329 26.4284 30.9048 
29.9355 12.4682 18.8184 22.4137 26.386 30.8072 12.5266 18.9038 22.5283 26.5328 31.0169 
30.1377 12.5135 18.8898 22.4999 26.4889 30.9171 12.5725 18.9816 22.6158 26.6371 31.129 
30.34 12.5587 18.9613 22.5862 26.5917 31.0271 12.6183 19.054 22.7033 26.7415 31.2411 
30.5423 12.6039 19.0327 22.6724 26.6946 31.137 12.6641 19.1264 22.7907 26.8459 31.3532 
30.7445 12.6491 19.1041 22.7586 26.7972 31.247 12.71 19.1988 22.8782 26.9503 31.4653 
30.9468 12.6943 19.1755 22.8449 26.8893 31.3458 12.7558 19.2712 22.9656 27.0546 31.5774 
31.1491 12.7366 19.2469 22.9311 26.9814 31.4435 12.8016 19.3436 23.0531 27.1535 31.6863 
31.3513 12.7741 19.3183 23.0173 27.0734 31.5411 12.8461 19.416 23.1405 27.2473 31.7864 
31.5536 12.8116 19.3898 23.1036 27.1655 31.6388 12.8843 19.4884 23.228 27.3411 31.8864 
31.7559 12.8491 19.4612 23.1884 27.2576 31.7365 12.9226 19.5608 23.3154 27.4349 31.9865 
31.9582 12.8866 19.5326 23.2649 27.3497 31.8342 12.9608 19.6332 23.4029 27.5287 32.0866 
32.1604 12.9241 19.6011 23.3415 27.4418 31.9319 12.9991 19.7056 23.484 27.6225 32.1867 
32.3627 12.9616 19.6636 23.418 27.5338 32.0296 13.0373 19.778 23.5619 27.7163 32.2868 
32.565 12.9991 19.7262 23.4945 27.6259 32.117 13.0755 19.8424 23.6398 27.8101 32.3868 
32.7672 13.0366 19.7887 23.571 27.709 32.2023 13.1138 19.906 23.7177 27.9039 32.4866 
32.9695 13.0741 19.8512 23.6475 27.7902 32.2876 13.152 19.9697 23.7956 27.9961 32.5746 
33.1718 13.1116 19.9137 23.724 27.8714 32.3729 13.1903 20.0333 23.8735 28.0792 32.6626 
33.374 13.1491 19.9762 23.8006 27.9526 32.4582 13.2285 20.097 23.9514 28.1624 32.7506 
33.5763 13.1866 20.0388 23.8771 28.0338 32.5436 13.2668 20.1607 24.0294 28.2455 32.8385 
33.7786 13.2199 20.1013 23.9536 28.115 32.6289 13.305 20.2243 24.1073 28.3287 32.9265 
33.9808 13.2496 20.1638 24.0208 28.1962 32.7142 13.3422 20.288 24.1852 28.4118 33.0145 
34.1831 13.2792 20.2263 24.0875 28.2774 32.7892 13.3728 20.3517 24.2603 28.4949 33.1024 
34.3854 13.3089 20.2871 24.1541 28.3586 32.8621 13.4033 20.4153 24.3286 28.5781 33.1904 
34.5876 13.3386 20.3406 24.2208 28.4318 32.9349 13.4339 20.479 24.3969 28.6612 33.268 
34.7899 13.3683 20.3942 24.2875 28.5021 33.0077 13.4645 20.5374 24.4651 28.7444 33.3438 
34.9922 13.398 20.4477 24.3542 28.5723 33.0806 13.495 20.5923 24.5334 28.8182 33.4196 
35.1944 13.4277 20.5012 24.4209 28.6425 33.1534 13.5256 20.6471 24.6017 28.8906 33.4953 
35.3967 13.4573 20.5548 24.4876 28.7127 33.2263 13.5562 20.7019 24.67 28.963 33.5711 
35.599 13.487 20.6083 24.5543 28.7829 33.2991 13.5867 20.7568 24.7383 29.0353 33.6469 
35.8012 13.5167 20.6618 24.621 28.8532 33.3608 13.6173 20.8116 24.8066 29.1077 33.7226 
36.0035 13.5464 20.7153 24.6791 28.9234 33.4211 13.6479 20.8664 24.8748 29.1801 33.7984 
36.2058 13.5761 20.7689 24.7358 28.9936 33.4813 13.6784 20.9213 24.943 29.2525 33.8651 
36.408 13.599 20.8224 24.7926 29.0559 33.5416 13.709 20.9761 25.0015 29.3249 33.9286 
36.6103 13.6207 20.8742 24.8494 29.1151 33.6019 13.7377 21.0309 25.0601 29.3973 33.9921 
36.8126 13.6425 20.9186 24.9061 29.1742 33.6621 13.7605 21.0858 25.1187 29.4625 34.0555 
37.0148 13.6643 20.9631 24.9629 29.2334 33.7224 13.7833 21.1373 25.1772 29.524 34.119 
37.2171 13.6861 21.0075 25.0197 29.2925 33.7825 13.8061 21.1832 25.2358 29.5855 34.1825 
37.4194 13.7078 21.0519 25.0765 29.3516 33.8301 13.8289 21.2291 25.2943 29.6471 34.2459 
37.6216 13.7296 21.0964 25.1332 29.4108 33.8776 13.8517 21.275 25.3529 29.7086 34.3094 
37.8239 13.7514 21.1408 25.19 29.4699 33.9252 13.8745 21.3209 25.4115 29.7702 34.3644 
38.0262 13.7732 21.1852 25.2378 29.529 33.9728 13.8973 21.3668 25.47 29.8317 34.4155 
38.2284 13.7949 21.2297 25.2845 29.5795 34.0204 13.9201 21.4128 25.5286 29.8932 34.4666 
38.4307 13.8167 21.2741 25.3313 29.6274 34.068 13.9429 21.4587 25.579 29.9548 34.5176 
38.633 13.8385 21.3185 25.378 29.6754 34.1156 13.9657 21.5046 25.6277 30.0104 34.5687 
38.8352 13.8575 21.3602 25.4248 29.7233 34.1605 13.9885 21.5505 25.6765 30.061 34.6198 
39.0375 13.8713 21.3954 25.4715 29.7713 34.1953 14.0113 21.5964 25.7252 30.1116 34.6709 
39.2398 13.8851 21.4306 25.5183 29.8192 34.2301 14.0302 21.6399 25.7739 30.1622 34.7219 
39.442 13.8989 21.4659 25.565 29.8672 34.265 14.0452 21.6768 25.8227 30.2128 34.7644 
39.6443 13.9126 21.5011 25.6118 29.9151 34.2998 14.0601 21.7137 25.8714 30.2634 34.803 
39.8466 13.9264 21.5363 25.6584 29.9631 34.3346 14.0751 21.7506 25.9202 30.314 34.8416 
40.0488 13.9402 21.5716 25.695 30.0005 34.3694 14.09 21.7875 25.9689 30.3646 34.8802 
40.2511 13.9539 21.6068 25.7316 30.0372 34.4042 14.105 21.8244 26.0177 30.4152 34.9188 
40.4534 13.9677 21.6421 25.7682 30.0739 34.4331 14.1199 21.8613 26.0591 30.4604 34.9574 
40.6556 13.9815 21.6773 25.8048 30.1105 34.455 14.1349 21.8982 26.0979 30.5 34.996 
40.8579 13.9952 21.7125 25.8415 30.1472 34.4769 14.1498 21.9352 26.1367 30.5396 35.0346 
41.0602 14.009 21.7428 25.8781 30.1839 34.4989 14.1648 21.9721 26.1756 30.5791 35.0636 
41.2624 14.0228 21.7687 25.9147 30.2205 34.5208 14.1797 22.009 26.2144 30.6187 35.0896 
41.4647 14.0287 21.7947 25.9513 30.2572 34.5427 14.1947 22.0434 26.2533 30.6583 35.1157 
41.667 14.0343 21.8206 25.988 30.2921 34.5647 14.2097 22.0712 26.2921 30.6978 35.1417 
41.8692 14.04 21.8466 26.0222 30.3174 34.5866 14.2176 22.099 26.3309 30.7374 35.1677 
42.0715 14.0457 21.8725 26.0486 30.3427 34.5985 14.2246 22.1268 26.3698 30.777 35.1937 
42.2738 14.0514 21.8985 26.075 30.3679 34.6075 14.2316 22.1546 26.4086 30.8109 35.2198 
42.476 14.057 21.9244 26.1014 30.3932 34.6164 14.2386 22.1824 26.44 30.8393 35.2458 
42.6783 14.0627 21.9503 26.1278 30.4185 34.6254 14.2457 22.2102 26.4689 30.8678 35.2607 
42.8806 14.0684 21.9763 26.1542 30.4438 34.6343 14.2527 22.2381 26.4977 30.8962 35.274 
43.0828 14.074 22.0022 26.1806 30.4691 34.6433 14.2597 22.2659 26.5266 30.9247 35.2874 
43.2851 14.0797 22.0199 26.207 30.4943 34.6522 14.2667 22.2937 26.5554 30.9531 35.3008 
43.4874 14.0854 22.0365 26.2334 30.5144 34.6594 14.2737 22.3215 26.5843 30.9816 35.3142 
43.6896 14.091 22.053 26.2598 30.5281 34.6552 14.2807 22.3457 26.6131 31.01 35.3275 
43.8919 14.0905 22.0696 26.2805 30.5419 34.6511 14.2877 22.3644 26.6419 31.0385 35.3409 
44.0942 14.088 22.0861 26.2966 30.5557 34.647 14.2948 22.383 26.6708 31.0601 35.3535 
44.2964 14.0855 22.1027 26.3126 30.5695 34.6429 14.2985 22.4016 26.6996 31.0774 35.3541 
44.4987 14.083 22.1192 26.3287 30.5833 34.6388 14.2975 22.4203 26.7201 31.0946 35.3548 
44.701 14.0804 22.1358 26.3448 30.5971 34.6346 14.2965 22.4389 26.7388 31.1119 35.3554 
44.9032 14.0779 22.1523 26.3609 30.6109 34.6305 14.2955 22.4575 26.7576 31.1291 35.356 
45.1055 14.0754 22.1689 26.377 30.6247 34.6189 14.2945 22.4762 26.7764 31.1464 35.3566 
45.3078 14.0728 22.1823 26.393 30.6288 34.6016 14.2934 22.4948 26.7951 31.1636 35.3573 
45.51 14.0703 22.1893 26.4091 30.631 34.5843 14.2924 22.5134 26.8139 31.1809 35.3579 
45.7123 14.0678 22.1964 26.4252 30.6333 34.567 14.2914 22.5321 26.8327 31.1981 35.3548 
45.9146 14.0652 22.2035 26.4313 30.6355 34.5497 14.2904 22.5451 26.8514 31.2066 35.3426 
46.1168 14.0627 22.2105 26.437 30.6377 34.5324 14.2894 22.5544 26.8702 31.2126 35.3303 
46.3191 14.0546 22.2176 26.4426 30.6399 34.5151 14.2884 22.5638 26.8888 31.2185 35.3181 
46.5214 14.0438 22.2246 26.4483 30.6421 34.4972 14.2874 22.5732 26.8975 31.2245 35.3059 
46.7236 14.033 22.2317 26.454 30.6443 34.4666 14.2858 22.5825 26.9061 31.2304 35.2937 
46.9259 14.0221 22.2388 26.4596 30.6432 34.436 14.2767 22.5919 26.9147 31.2364 35.2815 
47.1282 14.0113 22.2458 26.4653 30.6337 34.4055 14.2676 22.6012 26.9233 31.2423 35.2693 
47.3304 14.0005 22.2529 26.471 30.6243 34.3749 14.2585 22.6106 26.9319 31.2483 35.2497 
47.5327 13.9897 22.2513 26.4766 30.6148 34.3443 14.2494 22.62 26.9405 31.2542 35.2245 
47.735 13.9788 22.2488 26.4775 30.6054 34.3138 14.2402 22.6293 26.9491 31.2488 35.1994 
47.9372 13.968 22.2463 26.4727 30.5959 34.2832 14.2311 22.6387 26.9577 31.2433 35.1743 
48.1395 13.9572 22.2438 26.4678 30.5864 34.2447 14.222 22.6394 26.9663 31.2379 35.1491 
48.3418 13.9464 22.2413 26.463 30.577 34.2008 14.2129 22.6394 26.9721 31.2325 35.124 
48.544 13.9355 22.2387 26.4581 30.5675 34.1569 14.2038 22.6394 26.9704 31.227 35.0989 
48.7463 13.9185 22.2362 26.4532 30.5485 34.1129 14.1947 22.6394 26.9687 31.2216 35.0738 
48.9486 13.8993 22.2337 26.4484 30.5273 34.069 14.1855 22.6395 26.9671 31.2162 35.0368 
49.1508 13.8801 22.2312 26.4435 30.506 34.0251 14.1764 22.6395 26.9654 31.2108 34.9986 
49.3531 13.8609 22.2287 26.4387 30.4848 33.9811 14.1603 22.6395 26.9638 31.2018 34.9605 
49.5554 13.8417 22.2206 26.4334 30.4636 33.9347 14.1429 22.6395 26.9621 31.1849 34.9223 
49.7576 13.8225 22.2084 26.418 30.4423 33.8773 14.1256 22.6395 26.9605 31.168 34.8842 
49.9599 13.8032 22.1962 26.4025 30.4211 33.8199 14.1083 22.6395 26.9588 31.1511 34.8461 
50.1622 13.784 22.184 26.387 30.3998 33.7625 14.091 22.6363 26.9572 31.1342 34.8079 
50.3644 13.7648 22.1718 26.3716 30.3738 33.7051 14.0737 22.6269 26.9491 31.1173 34.7658 
50.5667 13.7456 22.1596 26.3561 30.3407 33.6477 14.0564 22.6174 26.9371 31.1004 34.7146 
50.769 13.7264 22.1474 26.3407 30.3076 33.5903 14.0391 22.608 26.9251 31.0835 34.6634 
50.9712 13.7072 22.1352 26.3252 30.2745 33.5329 14.0217 22.5986 26.9132 31.0666 34.6121 
51.1735 13.68 22.123 26.3097 30.2414 33.4642 14.0044 22.5891 26.9012 31.042 34.5609 
51.3758 13.6523 22.1108 26.2943 30.2083 33.3932 13.9871 22.5797 26.8892 31.0135 34.5097 
51.578 13.6246 22.0953 26.2712 30.1751 33.3222 13.9698 22.5703 26.8772 30.9851 34.4584 
51.7803 13.5969 22.0733 26.245 30.142 33.2512 13.946 22.5608 26.8652 30.9566 34.4072 
51.9826 13.5692 22.0513 26.2189 30.1082 33.1803 13.9205 22.5514 26.8532 30.9281 34.3462 
52.1848 13.5415 22.0293 26.1927 30.0631 33.1093 13.8949 22.542 26.8407 30.8997 34.2818 
52.3871 13.5138 22.0073 26.1665 30.018 33.0383 13.8693 22.5244 26.8183 30.8712 34.2173 
52.5894 13.4861 21.9853 26.1403 29.9729 32.96 13.8437 22.5054 26.7959 30.8428 34.1529 
52.7916 13.4584 21.9634 26.1142 29.9278 32.8753 13.8181 22.4865 26.7735 30.8131 34.0885 
52.9939 13.4307 21.9414 26.088 29.8827 32.7907 13.7925 22.4675 26.7511 30.773 34.0241 
53.1962 13.403 21.9194 26.0618 29.8376 32.706 13.7669 22.4485 26.7286 30.7329 33.9596 
53.3984 13.373 21.8974 26.0306 29.7926 32.6214 13.7413 22.4296 26.7062 30.6928 33.8921 
53.6007 13.3367 21.8733 25.9937 29.7475 32.5367 13.7157 22.4106 26.6838 30.6527 33.8144 
53.803 13.3004 21.8414 25.9567 29.6928 32.4521 13.6901 22.3917 26.6614 30.6126 33.7367 
54.0052 13.2641 21.8096 25.9197 29.6356 32.3633 13.6645 22.3727 26.639 30.5725 33.659 
54.2075 13.2278 21.7777 25.8827 29.5785 32.2649 13.632 22.3537 26.6108 30.5324 33.5813 
54.4098 13.1915 21.7459 25.8457 29.5213 32.1664 13.598 22.3303 26.5778 30.4923 33.5036 
54.612 13.1552 21.714 25.8088 29.4642 32.068 13.5641 22.3017 26.5449 30.4452 33.4259 
54.8143 13.1189 21.6821 25.7718 29.407 31.9696 13.5301 22.2732 26.512 30.3933 33.3482 
55.0166 13.0826 21.6503 25.7348 29.3499 31.8711 13.4962 22.2446 26.479 30.3415 33.26 
55.2188 13.0464 21.6184 25.6945 29.2927 31.7727 13.4622 22.216 26.4461 30.2897 33.169 
55.4211 13.0101 21.5866 25.6466 29.2283 31.6727 13.4282 22.1874 26.4131 30.2378 33.0779 
55.6234 12.9738 21.5528 25.5987 29.159 31.5604 13.3943 22.1588 26.3802 30.186 32.9868 
55.8256 12.9311 21.511 25.5508 29.0896 31.4481 13.3603 22.1303 26.3473 30.1342 32.8957 
56.0279 12.8861 21.4691 25.503 29.0203 31.3357 13.3263 22.1017 26.3129 30.0823 32.8046 
56.2302 12.8411 21.4273 25.4551 28.951 31.2234 13.2924 22.0731 26.2694 30.0286 32.7136 
56.4324 12.7962 21.3855 25.4072 28.8816 31.1111 13.2584 22.0429 26.2258 29.9649 32.6174 
56.6347 12.7512 21.3436 25.3593 28.8123 30.9988 13.216 22.0046 26.1823 29.9013 32.5129 
56.837 12.7062 21.3018 25.3114 28.743 30.8865 13.1736 21.9664 26.1388 29.8376 32.4083 
57.0392 12.6613 21.26 25.261 28.668 30.7603 13.1312 21.9281 26.0952 29.774 32.3038 
57.2415 12.6163 21.2181 25.2022 28.5864 30.634 13.0888 21.8898 26.0517 29.7103 32.1992 
57.4438 12.5713 21.1763 25.1433 28.5048 30.5077 13.0464 21.8515 26.0081 29.6467 32.0947 
57.646 12.5263 21.1318 25.0844 28.4232 30.3814 13.0039 21.8132 25.9646 29.583 31.9901 
57.8483 12.4814 21.0799 25.0255 28.3416 30.2551 12.9615 21.775 25.9211 29.5193 31.8852 
58.0506 12.4335 21.028 24.9666 28.2599 30.1287 12.9191 21.7367 25.869 29.4463 31.7671 
58.2528 12.3797 20.9761 24.9077 28.1783 30.0024 12.8767 21.6984 25.8148 29.3707 31.649 
58.4551 12.3259 20.9242 24.8488 28.0967 29.8632 12.8343 21.6601 25.7605 29.2951 31.5309 
58.6574 12.2722 20.8723 24.7899 28.0102 29.7228 12.7918 21.6124 25.7063 29.2196 31.4128 
58.8596 12.2184 20.8204 24.7285 27.9162 29.5823 12.747 21.5643 25.6521 29.144 31.2947 
59.0619 12.1647 20.7685 24.6584 27.8222 29.4419 12.696 21.5163 25.5978 29.0684 31.1765 
59.2642 12.1109 20.7166 24.5884 27.7282 29.3014 12.6451 21.4682 25.5436 28.9929 31.0584 
59.4664 12.0572 20.6646 24.5184 27.6342 29.161 12.5941 21.4201 25.4894 28.9173 30.9304 
59.6687 12.0034 20.6083 24.4484 27.5403 29.0206 12.5431 21.372 25.4351 28.836 30.7986 
59.871 11.9497 20.5462 24.3784 27.4463 28.8673 12.4922 21.324 25.3751 28.7484 30.6668 
60.0732 11.8959 20.4841 24.3084 27.3523 28.7127 12.4412 21.2759 25.3101 28.6608 30.535 
60.2755 11.8416 20.4221 24.2384 27.2533 28.558 12.3902 21.2278 25.2451 28.5732 30.4032 
60.4778 11.779 20.36 24.1684 27.1468 28.4033 12.3393 21.1798 25.1801 28.4857 30.2714 
60.68 11.7163 20.2979 24.0949 27.0403 28.2486 12.2883 21.1233 25.1151 28.3981 30.1396 
60.8823 11.6537 20.2358 24.0137 26.9338 28.094 12.2373 21.0653 25.0501 28.3105 30.0012 
61.0846 11.5911 20.1737 23.9325 26.8274 27.9393 12.1864 21.0074 24.985 28.2229 29.8556 
61.2868 11.5284 20.1117 23.8512 26.7209 27.7711 12.1294 20.9494 24.92 28.1325 29.7101 
61.4891 11.4658 20.0496 23.77 26.6144 27.602 12.0698 20.8915 24.855 28.0328 29.5645 
61.6914 11.4032 19.9803 23.6888 26.5079 27.433 12.0102 20.8335 24.7861 27.9332 29.4189 
61.8936 11.3405 19.9079 23.6076 26.3955 27.264 11.9506 20.7756 24.7103 27.8335 29.2734 
62.0959 11.2779 19.8355 23.5264 26.2764 27.0949 11.891 20.7176 24.6344 27.7338 29.1278 
62.2982 11.2153 19.7632 23.4452 26.1573 26.9259 11.8314 20.6596 24.5585 27.6341 28.9781 
62.5004 11.1526 19.6908 23.3585 26.0382 26.7562 11.7718 20.6017 24.4826 27.5344 28.8187 
62.7027 11.0818 19.6185 23.266 25.9191 26.5727 11.7122 20.5355 24.4067 27.4347 28.6593 
62.905 11.0102 19.5461 23.1734 25.8001 26.3892 11.6526 20.4675 24.3308 27.3344 28.4998 
63.1072 10.9385 19.4738 23.0809 25.681 26.2056 11.593 20.3996 24.2549 27.2225 28.3404 
63.3095 10.8669 19.4014 22.9884 25.5619 26.0221 11.5334 20.3317 24.179 27.1107 28.1809 
63.5118 10.7953 19.3283 22.8958 25.435 25.8386 11.4718 20.2638 24.1004 26.9988 28.0215 
63.714 10.7237 19.2456 22.8033 25.3032 25.6551 11.4035 20.1958 24.0136 26.8869 27.8598 
63.9163 10.6521 19.1629 22.7108 25.1714 25.4685 11.3352 20.1279 23.9267 26.775 27.6863 
64.1186 10.5804 19.0801 22.6182 25.0396 25.2704 11.2669 20.06 23.8398 26.6631 27.5129 
64.3208 10.5088 18.9974 22.5173 24.9078 25.0722 11.1985 19.9921 23.753 26.5512 27.3395 
64.5231 10.4372 18.9147 22.4134 24.776 24.8741 11.1302 19.9241 23.6661 26.4394 27.166 
64.7254 10.3656 18.8319 22.3094 24.6442 24.676 11.0619 19.8472 23.5793 26.316 26.9926 
64.9276 10.2859 18.7492 22.2055 24.5124 24.4778 10.9936 19.7692 23.4924 26.1918 26.8192 
65.1299 10.2052 18.6665 22.1015 24.37 24.2797 10.9253 19.6912 23.4056 26.0676 26.6445 
65.3322 10.1245 18.5837 21.9976 24.2254 24.0751 10.8569 19.6132 23.3163 25.9434 26.457 
65.5344 10.0438 18.4955 21.8936 24.0808 23.8622 10.7886 19.5352 23.2184 25.8192 26.2694 
65.7367 9.96305 18.4022 21.7897 23.9362 23.6493 10.7203 19.4572 23.1204 25.695 26.0819 
65.939 9.88234 18.309 21.685 23.7915 23.4365 10.6442 19.3792 23.0225 25.5709 25.8943 
66.1412 9.80164 18.2158 21.5695 23.6469 23.2236 10.5671 19.3013 22.9246 25.4467 25.7068 
66.3435 9.72093 18.1226 21.454 23.5023 23.0107 10.49 19.2233 22.8267 25.3115 25.5193 
66.5458 9.64023 18.0294 21.3385 23.3563 22.7978 10.4128 19.1447 22.7288 25.1749 25.3307 
66.748 9.55952 17.9362 21.223 23.1987 22.5741 10.3357 19.0565 22.6309 25.0383 25.129 
66.9503 9.47882 17.843 21.1075 23.0411 22.3463 10.2586 18.9684 22.5329 24.9018 24.9272 
67.1526 9.38898 17.7497 20.9921 22.8836 22.1186 10.1814 18.8802 22.432 24.7652 24.7254 
67.3548 9.29909 17.6556 20.8766 22.726 21.8908 10.1043 18.7921 22.3229 24.6286 24.5237 
67.5571 9.20919 17.5518 20.7611 22.5684 21.663 10.0272 18.704 22.2139 24.492 24.3219 
67.7594 9.1193 17.448 20.64 22.4108 21.4352 9.95002 18.6158 22.1048 24.3554 24.1201 
67.9616 9.02941 17.3442 20.5129 22.2533 21.2063 9.87289 18.5277 21.9957 24.2075 23.9168 
68.1639 8.93951 17.2404 20.3858 22.0897 20.9635 9.79002 18.4395 21.8866 24.0584 23.7007 
68.3662 8.84962 17.1366 20.2586 21.919 20.7207 9.70397 18.3514 21.7776 23.9094 23.4846 
68.5684 8.75972 17.0328 20.1315 21.7484 20.4779 9.61793 18.2601 21.6685 23.7603 23.2685 
68.7707 8.66983 16.929 20.0044 21.5777 20.235 9.53189 18.1617 21.5594 23.6112 23.0524 
68.973 8.57993 16.8252 19.8773 21.4071 19.9922 9.44585 18.0633 21.4459 23.4621 22.8363 
69.1752 8.48801 16.7214 19.7501 21.2364 19.7494 9.35981 17.9649 21.3255 23.313 22.6201 
69.3775 8.38882 16.6097 19.623 21.0658 19.4991 9.27377 17.8665 21.2052 23.1639 22.401 
69.5798 8.28963 16.4952 19.4844 20.8951 19.2411 9.18773 17.7681 21.0849 23.0024 22.1704 
69.782 8.19044 16.3807 19.3455 20.7128 18.9831 9.10169 17.6697 20.9645 22.8407 21.9398 
69.9843 8.09125 16.2662 19.2066 20.529 18.7251 9.01564 17.5713 20.8442 22.679 21.7092 
70.1866 7.99206 16.1517 19.0677 20.3451 18.4671 8.9296 17.4729 20.7239 22.5172 21.4787 
70.3888 7.89287 16.0372 18.9289 20.1613 18.2091 8.83882 17.3746 20.6036 22.3555 21.2481 
70.5911 7.79368 15.9227 18.79 19.9774 17.9511 8.74378 17.2694 20.4832 22.1938 21.0175 
70.7934 7.69449 15.8082 18.6511 19.7936 17.6781 8.64873 17.1607 20.3561 22.0321 20.7815 
70.9956 7.59531 15.6937 18.5122 19.6097 17.4047 8.55369 17.052 20.2244 21.8687 20.5363 
71.1979 7.49612 15.574 18.3667 19.4208 17.1314 8.45865 16.9432 20.0927 21.6942 20.2911 
71.4002 7.3916 15.4487 18.216 19.2236 16.858 8.36361 16.8345 19.961 21.5198 20.0459 
71.6024 7.28301 15.3234 18.0652 19.0264 16.5847 8.26857 16.7257 19.8293 21.3454 19.8007 
71.8047 7.17442 15.1981 17.9144 18.8292 16.3113 8.17353 16.617 19.6976 21.171 19.5555 
72.007 7.06583 15.0727 17.7637 18.6321 16.0298 8.07849 16.5083 19.5659 20.9965 19.3103 
72.2092 6.95724 14.9474 17.6129 18.4349 15.7409 7.98345 16.3995 19.4342 20.8221 19.0565 
72.4115 6.84864 14.8221 17.4622 18.2377 15.4521 7.88841 16.2899 19.3026 20.6477 18.7965 
72.6138 6.74005 14.6968 17.3114 18.0406 15.1632 7.78858 16.1708 19.1608 20.4686 18.5366 
72.816 6.63146 14.5715 17.158 17.8305 14.8744 7.68445 16.0516 19.0176 20.2814 18.2766 
73.0183 6.52287 14.4427 16.9953 17.6198 14.5855 7.58031 15.9324 18.8745 20.0941 18.0167 
73.2206 6.41428 14.3064 16.8325 17.4092 14.2944 7.47617 15.8132 18.7313 19.9068 17.7568 
73.4228 6.30534 14.1702 16.6698 17.1986 13.9899 7.37204 15.694 18.5882 19.7196 17.4968 
73.6251 6.18724 14.034 16.507 16.9879 13.6853 7.2679 15.5749 18.445 19.5323 17.2239 
73.8274 6.06914 13.8977 16.3442 16.7773 13.3808 7.16376 15.4557 18.3019 19.345 16.9491 
74.0296 5.95103 13.7615 16.1815 16.5667 13.0763 7.05963 15.3365 18.1587 19.1577 16.6742 
74.2319 5.83293 13.6253 16.0187 16.3478 12.7717 6.95549 15.2173 18.0127 18.9621 16.3994 
74.4342 5.71483 13.489 15.856 16.1236 12.4672 6.85136 15.0918 17.858 18.7619 16.1246 
74.6364 5.59673 13.3528 15.6815 15.8993 12.1495 6.74722 14.9621 17.7033 18.5616 15.8498 
74.8387 5.47862 13.2137 15.5066 15.6751 11.8291 6.6372 14.8323 17.5486 18.3614 15.5716 
75.041 5.36052 13.0664 15.3318 15.4508 11.5087 6.52388 14.7026 17.3939 18.1612 15.2818 
75.2432 5.24242 12.9192 15.1569 15.2266 11.1883 6.41055 14.5729 17.2391 17.9609 14.9919 
75.4455 5.12431 12.7719 14.982 15.0023 10.868 6.29722 14.4432 17.0844 17.7607 14.7021 
75.6478 5.00018 12.6246 14.8071 14.7736 10.5476 6.18389 14.3134 16.9297 17.5604 14.4122 
75.85 4.87245 12.4773 14.6322 14.5356 10.2178 6.07057 14.1837 16.775 17.3471 14.1224 
76.0523 4.74473 12.33 14.4574 14.2976 9.88142 5.95724 14.054 16.6123 17.1338 13.8325 
76.2546 4.617 12.1828 14.2727 14.0596 9.54499 5.84391 13.922 16.4459 16.9205 13.533 
76.4568 4.48927 12.0355 14.0856 13.8216 9.20856 5.73058 13.7816 16.2795 16.7072 13.228 
76.6591 4.36155 11.885 13.8985 13.5837 8.87214 5.61725 13.6413 16.1131 16.4938 12.923 
76.8614 4.23382 11.7266 13.7114 13.3457 8.53571 5.50393 13.5009 15.9467 16.2805 12.618 
77.0636 4.10609 11.5681 13.5242 13.1059 8.19269 5.38253 13.3605 15.7803 16.0672 12.3129 
77.2659 3.97837 11.4097 13.3371 12.854 7.84004 5.25991 13.2201 15.6139 15.8481 12.0079 
77.4682 3.85064 11.2512 13.15 12.6021 7.48739 5.1373 13.0798 15.4475 15.6216 11.7011 
77.6704 3.71962 11.0928 12.9628 12.3503 7.13474 5.01468 12.9394 15.2787 15.3951 11.3808 
77.8727 3.58216 10.9344 12.7669 12.0984 6.78209 4.89206 12.799 15.1005 15.1686 11.0604 
78.075 3.44469 10.7759 12.5674 11.8465 6.42944 4.76944 12.6587 14.9224 14.9421 10.74 
78.2772 3.30723 10.6175 12.3679 11.5946 6.07183 4.64682 12.5085 14.7442 14.7156 10.4197 
78.4795 3.16977 10.4544 12.1684 11.3427 5.70276 4.5242 12.3573 14.566 14.4891 10.0993 
78.6818 3.0323 10.2846 11.9689 11.0767 5.3337 4.40159 12.2062 14.3878 14.2625 9.77894 
78.884 2.89484 10.1149 11.7694 10.8108 4.96464 4.27897 12.0551 14.2096 14.0235 9.44841 
79.0863 2.75738 9.9452 11.5698 10.5448 4.59557 4.15437 11.904 14.0315 13.7836 9.11254 
79.2886 2.61991 9.77548 11.3703 10.2789 4.22651 4.02236 11.7528 13.8533 13.5438 8.77668 
79.4908 2.48245 9.60576 11.1619 10.013 3.85295 3.89035 11.6017 13.6655 13.3039 8.44081 
79.6931 2.34331 9.43604 10.9499 9.74702 3.46727 3.75834 11.4506 13.4754 13.0641 8.10495 
79.8954 2.19599 9.26632 10.7378 9.48108 3.08159 3.62633 11.2995 13.2853 12.8242 7.76909 
80.0976 2.04867 9.0966 10.5258 9.20154 2.69591 3.49432 11.1407 13.0953 12.5844 7.42903 
80.2999 1.90136 8.91957 10.3138 8.92139 2.31023 3.36231 10.9787 12.9052 12.3376 7.0775 
80.5022 1.75404 8.73844 10.1018 8.64123 1.92456 3.2303 10.8167 12.7151 12.0843 6.72597 
80.7044 1.60672 8.55731 9.88973 8.36108 1.53363 3.09829 10.6547 12.525 11.831 6.37445 
80.9067 1.4594 8.37618 9.6777 8.08092 1.13113 2.96628 10.4928 12.3349 11.5776 6.02292 
81.109 1.31209 8.19505 9.4555 7.80077 0.72863 2.83427 10.3308 12.139 11.3243 5.67139 
81.3112 1.16477 8.01392 9.23082 7.52061 0.32613 2.69593 10.1688 11.9369 11.071 5.31986 
81.5135 1.01745 7.83279 9.00613 7.22623 0 2.55442 10.0068 11.7348 10.8177 4.95334 
81.7158 0.868918 7.65167 8.78145 6.9317 0 2.41292 9.84481 11.5327 10.5621 4.58597 
81.918 0.711628 7.47054 8.55677 6.63716 0 2.27142 9.67638 11.3305 10.2952 4.2186 
82.1203 0.554338 7.2783 8.33209 6.34263 0 2.12991 9.50342 11.1284 10.0283 3.85124 
82.3226 0.397047 7.08563 8.10741 6.0481 0 1.98841 9.33046 10.9263 9.76132 3.48387 
82.5248 0.239757 6.89297 7.88273 5.75357 0 1.84691 9.15751 10.7242 9.4944 3.11651 
82.7271 0.0824665 6.7003 7.64548 5.45754 0 1.7054 8.98455 10.5191 9.22747 2.73801 
82.9294 0 6.50763 7.408 5.14846 0 1.5639 8.81159 10.3048 8.96054 2.35463 
83.1316 0 6.31496 7.17052 4.83938 0 1.4224 8.63864 10.0906 8.69361 1.97125 
83.3339 0 6.1223 6.93304 4.5303 0 1.2786 8.46568 9.87631 8.41446 1.58787 
83.5362 0 5.92963 6.69556 4.22122 0 1.1275 8.29272 9.66206 8.13378 1.20449 
83.7384 0 5.73251 6.45808 3.91214 0 0.976399 8.11353 9.44781 7.8531 0.821108 
83.9407 0 5.52817 6.22059 3.60306 0 0.825298 7.92949 9.23356 7.57242 0.429427 
84.143 0 5.32383 5.97992 3.28961 0 0.674196 7.74545 9.01931 7.29174 0.0298473 
84.3452 0 5.11949 5.72949 2.96581 0 0.523094 7.56141 8.80385 7.01106 0 
84.5475 0 4.91515 5.47906 2.64201 0 0.371992 7.37737 8.57733 6.73038 0 
84.7498 0 4.71082 5.22863 2.3182 0 0.220891 7.19332 8.35081 6.44014 0 
84.952 0 4.50648 4.9782 1.9944 0 0.0697889 7.00928 8.12429 6.14556 0 
85.1543 0 4.30214 4.72777 1.6706 0 0 6.82524 7.89777 5.85098 0 
85.3566 0 4.0978 4.47734 1.3468 0 0 6.6412 7.67125 5.55641 0 
85.5588 0 3.88285 4.2269 1.01447 0 0 6.4501 7.44473 5.26183 0 
85.7611 0 3.6667 3.96861 0.675761 0 0 6.25486 7.21821 4.96725 0 
85.9634 0 3.45056 3.70507 0.337054 0 0 6.05962 6.99133 4.67268 0 
86.1656 0 3.23441 3.44154 0 0 0 5.86438 6.75241 4.37017 0 
86.3679 0 3.01826 3.17801 0 0 0 5.66914 6.51349 4.06155 0 
86.5702 0 2.80212 2.91447 0 0 0 5.47389 6.27457 3.75292 0 
86.7724 0 2.58597 2.65094 0 0 0 5.27865 6.03565 3.44429 0 
86.9747 0 2.36982 2.38741 0 0 0 5.08341 5.79674 3.13567 0 
87.177 0 2.14753 2.12329 0 0 0 4.88817 5.55782 2.82704 0 
87.3792 0 1.91944 1.8465 0 0 0 4.68398 5.3189 2.51841 0 
87.5815 0 1.69134 1.5697 0 0 0 4.47742 5.07944 2.20244 0 
87.7838 0 1.46324 1.29291 0 0 0 4.27086 4.82798 1.87961 0 
87.986 0 1.23515 1.01611 0 0 0 4.06429 4.57653 1.55678 0 
88.1883 0 1.00705 0.739319 0 0 0 3.85773 4.32508 1.23394 0 
88.3906 0 0.778953 0.462525 0 0 0 3.65117 4.07363 0.91111 0 
88.5928 0 0.550857 0.185731 0 0 0 3.44461 3.82218 0.588278 0 
88.7951 0 0.319999 0 0 0 0 3.23804 3.57073 0.265445 0 
88.9974 0 0.0798083 0 0 0 0 3.03098 3.31928 0 0 
89.1996 0 0 0 0 0 0 2.81297 3.06602 0 0 
89.4019 0 0 0 0 0 0 2.59497 2.8019 0 0 
89.6042 0 0 0 0 0 0 2.37696 2.53778 0 0 
89.8064 0 0 0 0 0 0 2.15896 2.27366 0 0 
90.0087 0 0 0 0 0 0 1.94095 2.00954 0 0 
90.211 0 0 0 0 0 0 1.72294 1.74542 0 0 
90.4132 0 0 0 0 0 0 1.50494 1.4813 0 0 
90.6155 0 0 0 0 0 0 1.28693 1.21718 0 0 
90.8178 0 0 0 0 0 0 1.06439 0.948865 0 0 
91.02 0 0 0 0 0 0 0.834819 0.671935 0 0 
91.2223 0 0 0 0 0 0 0.605244 0.395004 0 0 
91.4246 0 0 0 0 0 0 0.375669 0.118074 0 0 
91.6268 0 0 0 0 0 0 0.146093 0 0 0 
91.8291 0 0 0 0 0 0 0 0 0 0 
92.0314 0 0 0 0 0 0 0 0 0 0 
92.2336 0 0 0 0 0 0 0 0 0 0 
92.4359 0 0 0 0 0 0 0 0 0 0 
92.6382 0 0 0 0 0 0 0 0 0 0 
92.8404 0 0 0 0 0 0 0 0 0 0 
93.0427 0 0 0 0 0 0 0 0 0 0 
93.245 0 0 0 0 0 0 0 0 0 0 
93.4472 0 0 0 0 0 0 0 0 0 0 
93.6495 0 0 0 0 0 0 0 0 0 0 
93.8518 0 0 0 0 0 0 0 0 0 0 
94.054 0 0 0 0 0 0 0 0 0 0 
94.2563 0 0 0 0 0 0 0 0 0 0 
94.4586 0 0 0 0 0 0 0 0 0 0 
94.6608 0 0 0 0 0 0 0 0 0 0 
94.8631 0 0 0 0 0 0 0 0 0 0 
95.0654 0 0 0 0 0 0 0 0 0 0 
95.2676 0 0 0 0 0 0 0 0 0 0 
95.4699 0 0 0 0 0 0 0 0 0 0 
95.6722 0 0 0 0 0 0 0 0 0 0 
95.8745 0 0 0 0 0 0 0 0 0 0 
96.0767 0 0 0 0 0 0 0 0 0 0 
96.279 0 0 0 0 0 0 0 0 0 0 
96.4813 0 0 0 0 0 0 0 0 0 0 
96.6835 0 0 0 0 0 0 0 0 0 0 
96.8858 0 0 0 0 0 0 0 0 0 0 
97.0881 0 0 0 0 0 0 0 0 0 0 
97.2903 0 0 0 0 0 0 0 0 0 0 
97.4926 0 0 0 0 0 0 0 0 0 0 
97.6949 0 0 0 0 0 0 0 0 0 0 
97.8971 0 0 0 0 0 0 0 0 0 0 
98.0994 0 0 0 0 0 0 0 0 0 0 
98.3017 0 0 0 0 0 0 0 0 0 0 
98.5039 0 0 0 0 0 0 0 0 0 0 
98.7062 0 0 0 0 0 0 0 0 0 0 
98.9085 0 0 0 0 0 0 0 0 0 0 
99.1107 0 0 0 0 0 0 0 0 0 0 
99.313 0 0 0 0 0 0 0 0 0 0 
99.5153 0 0 0 0 0 0 0 0 0 0 
99.7175 0 0 0 0 0 0 0 0 0 0 
99.9198 0 0 0 0 0 0 0 0 0 0 
100.122 0 0 0 0 0 0 0 0 0 0 
100.324 0 0 0 0 0 0 0 0 0 0 
100.527 0 0 0 0 0 0 0 0 0 0 
100.729 0 0 0 0 0 0 0 0 0 0 
100.931 0 0 0 0 0 0 0 0 0 0 
