PARAMETRIC_CURVE_CARTESIAN_2D
Double pendulum - phase space trajectory
t1: 0
t2: 1
NumPoints: 3379
0 0.5 0.101 
0.000296033 0.482618 0.115227 
0.000592066 0.465264 0.129489 
0.000888099 0.447931 0.143776 
0.00118413 0.430612 0.15808 
0.00148017 0.4133 0.172392 
0.0017762 0.395985 0.186701 
0.00207223 0.378659 0.200997 
0.00236827 0.361312 0.215266 
0.0026643 0.343932 0.229496 
0.00296033 0.326508 0.243672 
0.00325636 0.309027 0.257778 
0.0035524 0.291473 0.271793 
0.00384843 0.273832 0.285697 
0.00414446 0.256084 0.299466 
0.0044405 0.238211 0.313071 
0.00473653 0.220189 0.32648 
0.00503256 0.201994 0.339652 
0.0053286 0.183597 0.35254 
0.00562463 0.164965 0.365087 
0.00592066 0.14606 0.377219 
0.0062167 0.12684 0.388845 
0.00651273 0.107255 0.399845 
0.00680876 0.0872468 0.410055 
0.0071048 0.066754 0.419252 
0.00740083 0.0457142 0.427116 
0.00769686 0.0240864 0.433171 
0.0079929 0.00190995 0.436695 
0.00828893 -0.0205312 0.436613 
0.00858496 -0.0423738 0.431542 
0.00888099 -0.0618851 0.420499 
0.00917703 -0.0772366 0.404124 
0.00947306 -0.0879529 0.384365 
0.00976909 -0.0947452 0.362947 
0.0100651 -0.0985527 0.34081 
0.0103612 -0.100122 0.3184 
0.0106572 -0.099981 0.295938 
0.0109532 -0.0985025 0.273524 
0.0112493 -0.0959549 0.251206 
0.0115453 -0.0925383 0.229005 
0.0118413 -0.0884054 0.206925 
0.0121374 -0.0836764 0.184966 
0.0124334 -0.0784483 0.163121 
0.0127294 -0.0728016 0.14138 
0.0130255 -0.0668044 0.119733 
0.0133215 -0.0605156 0.0981687 
0.0136175 -0.0539874 0.0766759 
0.0139136 -0.0472666 0.0552427 
0.0142096 -0.0403961 0.0338569 
0.0145056 -0.0334162 0.0125067 
0.0148017 -0.026365 -0.00882008 
0.0150977 -0.0192794 -0.0301354 
0.0153937 -0.0121956 -0.0514514 
0.0156898 -0.00514986 -0.07278 
0.0159858 0.00182084 -0.0941333 
0.0162818 0.00867836 -0.115523 
0.0165779 0.0153825 -0.136962 
0.0168739 0.02189 -0.158461 
0.0171699 0.0281535 -0.180032 
0.017466 0.0341202 -0.201687 
0.017762 0.0397299 -0.223438 
0.018058 0.0449121 -0.245294 
0.0183541 0.0495826 -0.267265 
0.0186501 0.053638 -0.289358 
0.0189461 0.0569475 -0.311575 
0.0192422 0.0593403 -0.333909 
0.0195382 0.0605857 -0.356336 
0.0198342 0.0603589 -0.378796 
0.0201303 0.0581845 -0.401151 
0.0204263 0.0533451 -0.423081 
0.0207223 0.0447832 -0.443835 
0.0210184 0.0312092 -0.461728 
0.0213144 0.0124812 -0.47404 
0.0216104 -0.00931867 -0.479199 
0.0219065 -0.0317388 -0.478408 
0.0222025 -0.0536688 -0.473592 
0.0224985 -0.0748532 -0.466132 
0.0227946 -0.095317 -0.456872 
0.0230906 -0.11515 -0.446326 
0.0233866 -0.134445 -0.434826 
0.0236827 -0.153284 -0.422592 
0.0239787 -0.171734 -0.40978 
0.0242747 -0.189852 -0.396501 
0.0245708 -0.207683 -0.382841 
0.0248668 -0.225266 -0.368863 
0.0251628 -0.242634 -0.354617 
0.0254589 -0.259812 -0.340143 
0.0257549 -0.276823 -0.325474 
0.0260509 -0.293685 -0.310635 
0.026347 -0.310414 -0.295645 
0.026643 -0.327022 -0.280521 
0.026939 -0.343517 -0.265274 
0.0272351 -0.359905 -0.249912 
0.0275311 -0.376188 -0.234439 
0.0278271 -0.392362 -0.218852 
0.0281231 -0.408419 -0.203145 
0.0284192 -0.42434 -0.187299 
0.0287152 -0.440091 -0.171285 
0.0290112 -0.455608 -0.155044 
0.0293073 -0.47076 -0.138456 
0.0296033 -0.485177 -0.121254 
0.0298993 -0.496648 -0.101776 
0.0301954 -0.477185 -0.10311 
0.0304914 -0.457339 -0.113625 
0.0307874 -0.438106 -0.125223 
0.0310835 -0.419207 -0.137363 
0.0313795 -0.400516 -0.149821 
0.0316755 -0.381968 -0.16249 
0.0319716 -0.363517 -0.175301 
0.0322676 -0.345132 -0.188205 
0.0325636 -0.326783 -0.201163 
0.0328597 -0.308449 -0.214139 
0.0331557 -0.290105 -0.227103 
0.0334517 -0.27173 -0.240022 
0.0337478 -0.253302 -0.252867 
0.0340438 -0.234799 -0.265602 
0.0343398 -0.216198 -0.278194 
0.0346359 -0.197473 -0.2906 
0.0349319 -0.178597 -0.302777 
0.0352279 -0.159542 -0.314672 
0.035524 -0.140276 -0.32622 
0.03582 -0.120762 -0.337346 
0.036116 -0.100962 -0.347955 
0.0364121 -0.0808323 -0.357924 
0.0367081 -0.0603274 -0.367095 
0.0370041 -0.0394001 -0.375256 
0.0373002 -0.0180104 -0.38211 
0.0375962 0.00385448 -0.387243 
0.0378922 0.0261325 -0.390053 
0.0381883 0.0485777 -0.389698 
0.0384843 0.0705469 -0.385114 
0.0387803 0.0907767 -0.375404 
0.0390764 0.107692 -0.360643 
0.0393724 0.120412 -0.342118 
0.0396684 0.129136 -0.321393 
0.0399645 0.134583 -0.299599 
0.0402605 0.137499 -0.277323 
0.0405565 0.138454 -0.25488 
0.0408526 0.13787 -0.232424 
0.0411486 0.136056 -0.210034 
0.0414446 0.133245 -0.187748 
0.0417407 0.129614 -0.16558 
0.0420367 0.125301 -0.143535 
0.0423327 0.120419 -0.12161 
0.0426288 0.115058 -0.0997963 
0.0429248 0.109296 -0.0780855 
0.0432208 0.103197 -0.0564666 
0.0435169 0.096821 -0.0349283 
0.0438129 0.0902172 -0.0134587 
0.0441089 0.0834321 0.00795432 
0.044405 0.0765085 0.0293229 
0.044701 0.0694861 0.0506591 
0.044997 0.0624029 0.0719754 
0.0452931 0.0552959 0.0932836 
0.0455891 0.0482015 0.114596 
0.0458851 0.041156 0.135925 
0.0461812 0.0341969 0.157282 
0.0464772 0.0273629 0.178679 
0.0467732 0.0206955 0.200129 
0.0470693 0.0142392 0.221643 
0.0473653 0.0080436 0.243234 
0.0476613 0.00216508 0.264914 
0.0479574 -0.003331 0.286693 
0.0482534 -0.00836649 0.308583 
0.0485494 -0.0128452 0.330594 
0.0488455 -0.0166449 0.352732 
0.0491415 -0.0196038 0.374998 
0.0494375 -0.0214999 0.397378 
0.0497336 -0.0220105 0.419833 
0.0500296 -0.0206418 0.442249 
0.0503256 -0.016591 0.464332 
0.0506217 -0.00852311 0.485265 
0.0509177 0.00536848 0.502816 
0.0512137 0.0252329 0.513038 
0.0515098 0.0475737 0.514661 
0.0518058 0.0695976 0.510337 
0.0521018 0.0906435 0.5025 
0.0523979 0.110755 0.492499 
0.0526939 0.130088 0.481062 
0.0529899 0.148784 0.468611 
0.053286 0.166956 0.455408 
0.053582 0.184693 0.441624 
0.053878 0.202062 0.427381 
0.0541741 0.219118 0.412763 
0.0544701 0.235902 0.397834 
0.0547661 0.252447 0.382642 
0.0550622 0.268781 0.367222 
0.0553582 0.284924 0.351603 
0.0556542 0.300892 0.335805 
0.0559503 0.316696 0.319843 
0.0562463 0.332343 0.303726 
0.0565423 0.347835 0.287461 
0.0568384 0.36317 0.271048 
0.0571344 0.378339 0.254482 
0.0574304 0.393327 0.237751 
0.0577265 0.408107 0.220836 
0.0580225 0.422637 0.203706 
0.0583185 0.436851 0.186313 
0.0586146 0.450633 0.168576 
0.0589106 0.463773 0.150359 
0.0592066 0.475806 0.131396 
0.0595027 0.485236 0.111039 
0.0597987 0.480426 0.091261 
0.0600947 0.458209 0.0921818 
0.0603908 0.436944 0.0993911 
0.0606868 0.416406 0.108482 
0.0609828 0.396328 0.118553 
0.0612789 0.376566 0.129231 
0.0615749 0.357033 0.140322 
0.0618709 0.337668 0.151704 
0.062167 0.318424 0.16329 
0.062463 0.299265 0.175015 
0.062759 0.280158 0.186825 
0.0630551 0.261075 0.198672 
0.0633511 0.241987 0.210514 
0.0636471 0.22287 0.222307 
0.0639432 0.203696 0.234009 
0.0642392 0.18444 0.245574 
0.0645352 0.165074 0.256954 
0.0648313 0.145569 0.268096 
0.0651273 0.125895 0.278936 
0.0654233 0.10602 0.289404 
0.0657194 0.0859097 0.29941 
0.0660154 0.0655266 0.308849 
0.0663114 0.0448326 0.317585 
0.0666075 0.0237899 0.325444 
0.0669035 0.00236623 0.332193 
0.0671995 -0.0194536 0.337517 
0.0674956 -0.0416422 0.340982 
0.0677916 -0.0640756 0.341987 
0.0680876 -0.0864154 0.339739 
0.0683837 -0.107935 0.333344 
0.0686797 -0.12743 0.322207 
0.0689757 -0.1436 0.30661 
0.0692718 -0.155807 0.287736 
0.0695678 -0.164271 0.266909 
0.0698638 -0.169619 0.245088 
0.0701599 -0.172508 0.222808 
0.0704559 -0.173464 0.200363 
0.0707519 -0.172887 0.177906 
0.071048 -0.171076 0.155515 
0.071344 -0.16826 0.133229 
0.07164 -0.164615 0.111063 
0.0719361 -0.160282 0.0890225 
0.0722321 -0.155372 0.0671031 
0.0725281 -0.149979 0.0452976 
0.0728242 -0.14418 0.0235966 
0.0731202 -0.138043 0.0019889 
0.0734162 -0.131625 -0.0195371 
0.0737123 -0.124979 -0.0409937 
0.0740083 -0.118152 -0.0623932 
0.0743043 -0.111186 -0.083748 
0.0746004 -0.104122 -0.105071 
0.0748964 -0.0969982 -0.126373 
0.0751924 -0.089852 -0.147668 
0.0754885 -0.0827199 -0.168968 
0.0757845 -0.0756388 -0.190285 
0.0760805 -0.0686461 -0.211631 
0.0763766 -0.0617815 -0.233019 
0.0766726 -0.0550869 -0.25446 
0.0769686 -0.0486081 -0.275968 
0.0772647 -0.042397 -0.297555 
0.0775607 -0.0365131 -0.319232 
0.0778567 -0.0310271 -0.341014 
0.0781528 -0.0260259 -0.362913 
0.0784488 -0.0216201 -0.384938 
0.0787448 -0.017957 -0.407099 
0.0790409 -0.015242 -0.429396 
0.0793369 -0.013781 -0.451808 
0.0796329 -0.0140631 -0.474264 
0.079929 -0.0169489 -0.496528 
0.080225 -0.0240823 -0.517784 
0.080521 -0.038232 -0.535064 
0.0808171 -0.0592792 -0.542372 
0.0811131 -0.0815363 -0.539768 
0.0814091 -0.102547 -0.531852 
0.0817052 -0.1223 -0.52116 
0.0820012 -0.141073 -0.508826 
0.0822972 -0.159091 -0.495414 
0.0825933 -0.176517 -0.481239 
0.0828893 -0.193463 -0.466495 
0.0831853 -0.210014 -0.451308 
0.0834813 -0.226231 -0.435766 
0.0837774 -0.242161 -0.419929 
0.0840734 -0.257838 -0.403842 
0.0843694 -0.273289 -0.387538 
0.0846655 -0.288532 -0.37104 
0.0849615 -0.303581 -0.354364 
0.0852575 -0.318443 -0.337521 
0.0855536 -0.333119 -0.320516 
0.0858496 -0.347607 -0.30335 
0.0861456 -0.361896 -0.286018 
0.0864417 -0.375969 -0.268511 
0.0867377 -0.389799 -0.25081 
0.0870337 -0.403346 -0.232893 
0.0873298 -0.41655 -0.214721 
0.0876258 -0.429321 -0.196243 
0.0879218 -0.441515 -0.177378 
0.0882179 -0.452885 -0.158007 
0.0885139 -0.462954 -0.137931 
0.0888099 -0.470585 -0.116818 
0.089106 -0.471871 -0.0945379 
0.089402 -0.456473 -0.079538 
0.089698 -0.434114 -0.0788267 
0.0899941 -0.412144 -0.0834616 
0.0902901 -0.390784 -0.0904029 
0.0905861 -0.36989 -0.0986473 
0.0908822 -0.349347 -0.107732 
0.0911782 -0.329072 -0.1174 
0.0914742 -0.309001 -0.127485 
0.0917703 -0.289085 -0.137873 
0.0920663 -0.269282 -0.148475 
0.0923623 -0.249557 -0.159219 
0.0926584 -0.229876 -0.170046 
0.0929544 -0.210209 -0.180898 
0.0932504 -0.190528 -0.191724 
0.0935465 -0.170803 -0.202471 
0.0938425 -0.151008 -0.213086 
0.0941385 -0.131111 -0.223512 
0.0944346 -0.111085 -0.233686 
0.0947306 -0.0908967 -0.243536 
0.0950266 -0.0705158 -0.252979 
0.0953227 -0.0499085 -0.261918 
0.0956187 -0.0290409 -0.270231 
0.0959147 -0.00788004 -0.277766 
0.0962108 0.0136022 -0.284326 
0.0965068 0.0354214 -0.289655 
0.0968028 0.0575658 -0.293405 
0.0970989 0.07996 -0.295108 
0.0973949 0.102396 -0.29414 
0.0976909 0.124415 -0.289737 
0.097987 0.145169 -0.281164 
0.098283 0.16347 -0.268141 
0.098579 0.178274 -0.251233 
0.0988751 0.189251 -0.231614 
0.0991711 0.196737 -0.21041 
0.0994671 0.201333 -0.188419 
0.0997632 0.203637 -0.166071 
0.100059 0.204121 -0.143613 
0.100355 0.203151 -0.12117 
0.100651 0.201003 -0.0988085 
0.100947 0.197893 -0.0765618 
0.101243 0.193988 -0.0544412 
0.101539 0.18942 -0.032448 
0.101835 0.184298 -0.0105773 
0.102131 0.178713 0.0111796 
0.102427 0.17274 0.0328331 
0.102724 0.166444 0.0543951 
0.10302 0.159883 0.0758779 
0.103316 0.153109 0.0972942 
0.103612 0.146166 0.118657 
0.103908 0.139098 0.139978 
0.104204 0.131946 0.161271 
0.1045 0.124746 0.182548 
0.104796 0.117537 0.203822 
0.105092 0.110355 0.225105 
0.105388 0.103238 0.24641 
0.105684 0.096224 0.267749 
0.10598 0.0893543 0.289135 
0.106276 0.0826733 0.310581 
0.106572 0.076231 0.3321 
0.106868 0.070085 0.353705 
0.107164 0.0643041 0.37541 
0.10746 0.0589737 0.397231 
0.107756 0.054205 0.419181 
0.108052 0.0501492 0.441274 
0.108348 0.0470267 0.463517 
0.108644 0.0451848 0.485902 
0.10894 0.0452344 0.50836 
0.109236 0.0484141 0.530577 
0.109532 0.0576459 0.550949 
0.109828 0.0767007 0.562074 
0.110124 0.0988939 0.559343 
0.11042 0.119295 0.549982 
0.110716 0.138143 0.537766 
0.111012 0.155908 0.52402 
0.111308 0.172891 0.509319 
0.111604 0.189283 0.49396 
0.111901 0.205207 0.478118 
0.112197 0.220751 0.461902 
0.112493 0.235975 0.445386 
0.112789 0.250922 0.428618 
0.113085 0.265622 0.411634 
0.113381 0.280099 0.394459 
0.113677 0.294364 0.377108 
0.113973 0.308426 0.359592 
0.114269 0.322286 0.341915 
0.114565 0.335937 0.324077 
0.114861 0.349369 0.306072 
0.115157 0.362562 0.287892 
0.115453 0.375487 0.269521 
0.115749 0.388102 0.250935 
0.116045 0.40035 0.232105 
0.116341 0.412145 0.212989 
0.116637 0.423364 0.193529 
0.116933 0.433814 0.173645 
0.117229 0.443174 0.153227 
0.117525 0.450851 0.132121 
0.117821 0.455572 0.110177 
0.118117 0.454062 0.0878722 
0.118413 0.440442 0.0704872 
0.118709 0.418942 0.0644552 
0.119005 0.396516 0.0652951 
0.119301 0.37445 0.0694646 
0.119597 0.352824 0.0755304 
0.119893 0.331576 0.0828131 
0.120189 0.310634 0.0909365 
0.120485 0.289937 0.099665 
0.120782 0.269433 0.108837 
0.121078 0.249077 0.118333 
0.121374 0.228829 0.128058 
0.12167 0.208655 0.137935 
0.121966 0.188521 0.147894 
0.122262 0.168397 0.157872 
0.122558 0.148252 0.167809 
0.122854 0.128057 0.177644 
0.12315 0.107782 0.187313 
0.123446 0.0873977 0.196748 
0.123742 0.0668723 0.205874 
0.124038 0.0461753 0.214604 
0.124334 0.0252754 0.222835 
0.12463 0.0041414 0.230444 
0.124926 -0.0172554 0.237278 
0.125222 -0.0389379 0.243142 
0.125518 -0.0609144 0.247781 
0.125814 -0.0831629 0.25086 
0.12611 -0.105597 0.25193 
0.126406 -0.128004 0.250404 
0.126702 -0.149936 0.245574 
0.126998 -0.170594 0.236765 
0.127294 -0.188867 0.223701 
0.12759 -0.203757 0.20687 
0.127886 -0.214885 0.187335 
0.128182 -0.222517 0.166196 
0.128478 -0.227233 0.144231 
0.128774 -0.229608 0.121892 
0.12907 -0.230122 0.0994349 
0.129366 -0.229148 0.0769928 
0.129663 -0.22697 0.0546352 
0.129959 -0.22381 0.0323959 
0.130255 -0.219839 0.0102872 
0.130551 -0.215195 -0.0116897 
0.130847 -0.20999 -0.0335405 
0.131143 -0.204316 -0.0552743 
0.131439 -0.198251 -0.0769023 
0.131735 -0.191862 -0.0984367 
0.132031 -0.185206 -0.11989 
0.132327 -0.178336 -0.141276 
0.132623 -0.171299 -0.162608 
0.132919 -0.164137 -0.183898 
0.133215 -0.156891 -0.205159 
0.133511 -0.149599 -0.226405 
0.133807 -0.142299 -0.247648 
0.134103 -0.135028 -0.268901 
0.134399 -0.127823 -0.290176 
0.134695 -0.120724 -0.311487 
0.134991 -0.113773 -0.332846 
0.135287 -0.107015 -0.354268 
0.135583 -0.100505 -0.375766 
0.135879 -0.0943049 -0.397356 
0.136175 -0.0884937 -0.419054 
0.136471 -0.083173 -0.440877 
0.136767 -0.0784839 -0.462844 
0.137063 -0.0746366 -0.484974 
0.137359 -0.0719762 -0.507277 
0.137655 -0.0711553 -0.529719 
0.137951 -0.073699 -0.552008 
0.138247 -0.0843695 -0.571464 
0.138544 -0.105944 -0.574868 
0.13884 -0.126388 -0.565683 
0.139136 -0.144685 -0.552654 
0.139432 -0.161671 -0.537957 
0.139728 -0.177795 -0.522319 
0.140024 -0.193302 -0.506068 
0.14032 -0.208338 -0.48938 
0.140616 -0.222998 -0.472361 
0.140912 -0.237345 -0.455077 
0.141208 -0.251422 -0.437573 
0.141504 -0.265259 -0.419879 
0.1418 -0.278874 -0.402013 
0.142096 -0.292277 -0.383987 
0.142392 -0.305472 -0.365809 
0.142688 -0.318455 -0.347478 
0.142984 -0.331215 -0.328992 
0.14328 -0.343737 -0.310343 
0.143576 -0.355993 -0.291519 
0.143872 -0.367948 -0.272502 
0.144168 -0.379553 -0.253269 
0.144464 -0.39074 -0.23379 
0.14476 -0.401414 -0.214026 
0.145056 -0.411441 -0.193925 
0.145352 -0.420617 -0.173422 
0.145648 -0.428622 -0.152436 
0.145944 -0.434912 -0.130875 
0.14624 -0.438462 -0.108706 
0.146536 -0.437161 -0.0863271 
0.146832 -0.427352 -0.0662993 
0.147128 -0.408699 -0.0540583 
0.147425 -0.386677 -0.0499028 
0.147721 -0.364237 -0.050556 
0.148017 -0.342045 -0.0540007 
0.148313 -0.320198 -0.0592147 
0.148609 -0.298673 -0.0656341 
0.148905 -0.277424 -0.0729151 
0.149201 -0.256402 -0.080829 
0.149497 -0.235563 -0.0892119 
0.149793 -0.214865 -0.0979392 
0.150089 -0.194272 -0.106911 
0.150385 -0.173749 -0.116041 
0.150681 -0.153264 -0.125255 
0.150977 -0.132785 -0.134483 
0.151273 -0.112281 -0.143656 
0.151569 -0.0917224 -0.152706 
0.151865 -0.0710789 -0.161561 
0.152161 -0.0503202 -0.170142 
0.152457 -0.029416 -0.178363 
0.152753 -0.00833592 -0.186121 
0.153049 0.0129493 -0.193296 
0.153345 0.0344666 -0.199741 
0.153641 0.056237 -0.20527 
0.153937 0.078268 -0.209647 
0.154233 0.10054 -0.21256 
0.154529 0.122976 -0.213598 
0.154825 0.145394 -0.212225 
0.155121 0.167409 -0.207783 
0.155417 0.188324 -0.1996 
0.155713 0.207112 -0.187291 
0.156009 0.222725 -0.171133 
0.156306 0.23462 -0.152063 
0.156602 0.242929 -0.131177 
0.156898 0.248161 -0.109332 
0.157194 0.250912 -0.0870373 
0.15749 0.251686 -0.0645882 
0.157786 0.250883 -0.0421402 
0.158082 0.248811 -0.0197733 
0.158378 0.245706 0.00247278 
0.158674 0.241752 0.024584 
0.15897 0.237097 0.0465585 
0.159266 0.231859 0.0684014 
0.159562 0.226134 0.090122 
0.159858 0.220005 0.111732 
0.160154 0.21354 0.133244 
0.16045 0.206801 0.154672 
0.160746 0.19984 0.176028 
0.161042 0.192705 0.197327 
0.161338 0.18544 0.218582 
0.161634 0.178085 0.239806 
0.16193 0.170679 0.261012 
0.162226 0.163259 0.282214 
0.162522 0.155863 0.303423 
0.162818 0.148528 0.324654 
0.163114 0.141294 0.345919 
0.16341 0.134202 0.367233 
0.163706 0.127301 0.388609 
0.164002 0.120647 0.410063 
0.164298 0.114306 0.431612 
0.164594 0.108368 0.453275 
0.16489 0.102953 0.475075 
0.165187 0.098243 0.497037 
0.165483 0.0945386 0.519191 
0.165779 0.0924339 0.541551 
0.166075 0.0934731 0.563955 
0.166371 0.10417 0.583022 
0.166667 0.125761 0.580147 
0.166963 0.144209 0.567363 
0.167259 0.160752 0.552173 
0.167555 0.176237 0.535901 
0.167851 0.191028 0.518996 
0.168147 0.205321 0.501668 
0.168443 0.219231 0.484031 
0.168739 0.232831 0.466153 
0.169035 0.246166 0.448077 
0.169331 0.259266 0.429831 
0.169627 0.27215 0.411431 
0.169923 0.284826 0.392887 
0.170219 0.297296 0.374203 
0.170515 0.309553 0.35538 
0.170811 0.321585 0.336412 
0.171107 0.333374 0.317292 
0.171403 0.34489 0.298006 
0.171699 0.356096 0.278538 
0.171995 0.366941 0.258867 
0.172291 0.377357 0.238965 
0.172587 0.387252 0.218799 
0.172883 0.396499 0.198327 
0.173179 0.404915 0.177501 
0.173475 0.412228 0.156263 
0.173771 0.418009 0.134558 
0.174067 0.421533 0.112379 
0.174364 0.421509 0.0899352 
0.17466 0.415726 0.0682891 
0.174956 0.402061 0.0506016 
0.175252 0.382279 0.0401271 
0.175548 0.360229 0.0360212 
0.175844 0.337776 0.0360386 
0.17614 0.315474 0.0386752 
0.176436 0.293447 0.0430666 
0.176732 0.271702 0.0486929 
0.177028 0.250209 0.0552193 
0.177324 0.22893 0.0624148 
0.17762 0.207828 0.07011 
0.177916 0.186863 0.0781737 
0.178212 0.166 0.0864992 
0.178508 0.145207 0.094995 
0.178804 0.124449 0.103579 
0.1791 0.103697 0.112176 
0.179396 0.08292 0.120711 
0.179692 0.0620865 0.129109 
0.179988 0.0411667 0.13729 
0.180284 0.0201307 0.145167 
0.18058 -0.00105107 0.152643 
0.180876 -0.0224075 0.159603 
0.181172 -0.0439655 0.165912 
0.181468 -0.0657468 0.1714 
0.181764 -0.0877625 0.175854 
0.18206 -0.110003 0.179001 
0.182356 -0.132416 0.180478 
0.182652 -0.154867 0.179813 
0.182948 -0.177067 0.176408 
0.183245 -0.198465 0.169592 
0.183541 -0.21817 0.158821 
0.183837 -0.235098 0.144059 
0.184133 -0.248444 0.125982 
0.184429 -0.258065 0.105674 
0.184725 -0.264352 0.084108 
0.185021 -0.267899 0.0619278 
0.185317 -0.269258 0.0395073 
0.185613 -0.268879 0.017049 
0.185909 -0.267108 -0.00534249 
0.186205 -0.264214 -0.0276169 
0.186501 -0.260402 -0.049753 
0.186797 -0.255835 -0.071746 
0.187093 -0.250642 -0.0936 
0.187389 -0.24493 -0.115324 
0.187685 -0.238786 -0.13693 
0.187981 -0.232285 -0.158431 
0.188277 -0.225489 -0.17984 
0.188573 -0.218454 -0.201173 
0.188869 -0.211231 -0.222442 
0.189165 -0.203863 -0.243661 
0.189461 -0.196392 -0.264845 
0.189757 -0.188857 -0.286006 
0.190053 -0.181296 -0.307157 
0.190349 -0.173744 -0.328312 
0.190645 -0.166239 -0.349483 
0.190941 -0.15882 -0.370685 
0.191237 -0.151529 -0.391931 
0.191533 -0.144413 -0.413236 
0.191829 -0.137528 -0.434617 
0.192126 -0.130944 -0.456093 
0.192422 -0.124754 -0.477685 
0.192718 -0.119095 -0.499423 
0.193014 -0.114187 -0.521342 
0.19331 -0.110452 -0.543488 
0.193606 -0.108944 -0.565889 
0.193902 -0.114913 -0.587126 
0.194198 -0.135647 -0.584218 
0.194494 -0.152815 -0.569752 
0.19479 -0.168127 -0.553325 
0.195086 -0.182501 -0.536062 
0.195382 -0.196273 -0.518318 
0.195678 -0.20962 -0.50025 
0.195974 -0.222638 -0.481945 
0.19627 -0.235389 -0.463453 
0.196566 -0.247907 -0.444802 
0.196862 -0.260215 -0.426012 
0.197158 -0.272324 -0.407093 
0.197454 -0.284235 -0.388048 
0.19775 -0.295943 -0.368879 
0.198046 -0.307438 -0.34958 
0.198342 -0.3187 -0.330145 
0.198638 -0.329704 -0.310562 
0.198934 -0.340413 -0.290817 
0.19923 -0.350784 -0.270892 
0.199526 -0.360755 -0.250763 
0.199822 -0.370248 -0.230405 
0.200118 -0.379158 -0.209785 
0.200414 -0.38734 -0.188865 
0.20071 -0.39459 -0.167604 
0.201007 -0.40061 -0.145964 
0.201303 -0.404939 -0.123924 
0.201599 -0.406837 -0.101548 
0.201895 -0.405083 -0.079171 
0.202191 -0.397876 -0.0579455 
0.202487 -0.383861 -0.0404861 
0.202783 -0.364485 -0.0292403 
0.203079 -0.34272 -0.0238214 
0.203375 -0.320307 -0.0225196 
0.203671 -0.297898 -0.0239772 
0.203967 -0.275691 -0.0273348 
0.204263 -0.25373 -0.0320491 
0.204559 -0.232007 -0.0377614 
0.204855 -0.210493 -0.0442202 
0.205151 -0.189156 -0.0512401 
0.205447 -0.167961 -0.0586775 
0.205743 -0.146874 -0.0664154 
0.206039 -0.125861 -0.0743542 
0.206335 -0.104891 -0.0824052 
0.206631 -0.0839331 -0.0904862 
0.206927 -0.0629556 -0.0985171 
0.207223 -0.0419285 -0.106417 
0.207519 -0.0208216 -0.114103 
0.207815 0.000394564 -0.12148 
0.208111 0.021749 -0.128447 
0.208407 0.0432696 -0.134883 
0.208703 0.0649809 -0.140642 
0.208999 0.0869011 -0.145546 
0.209295 0.109035 -0.14937 
0.209591 0.131363 -0.15182 
0.209888 0.153814 -0.152514 
0.210184 0.17622 -0.150953 
0.21048 0.198236 -0.146518 
0.210776 0.219229 -0.138548 
0.211072 0.238235 -0.126592 
0.211368 0.254186 -0.110781 
0.211664 0.266422 -0.091934 
0.21196 0.274962 -0.0711518 
0.212256 0.280287 -0.0493332 
0.212552 0.283008 -0.027038 
0.212848 0.28366 -0.00458717 
0.213144 0.28267 0.0178514 
0.21344 0.280367 0.0401943 
0.213736 0.277002 0.0624027 
0.214032 0.272771 0.0844628 
0.214328 0.267826 0.106374 
0.214624 0.262292 0.128144 
0.21492 0.256269 0.149784 
0.215216 0.24984 0.171307 
0.215512 0.243075 0.192727 
0.215808 0.236037 0.214058 
0.216104 0.228777 0.235314 
0.2164 0.221343 0.256511 
0.216696 0.213779 0.277662 
0.216992 0.206124 0.298779 
0.217288 0.198416 0.319877 
0.217584 0.190691 0.340969 
0.21788 0.182985 0.362068 
0.218176 0.175335 0.383188 
0.218472 0.167781 0.404342 
0.218769 0.160367 0.425545 
0.219065 0.153143 0.446814 
0.219361 0.146175 0.468168 
0.219657 0.139549 0.489631 
0.219953 0.133393 0.511233 
0.220249 0.127924 0.533019 
0.220545 0.123586 0.555055 
0.220841 0.121766 0.577432 
0.221137 0.133563 0.592006 
0.221433 0.151336 0.578435 
0.221729 0.166163 0.561548 
0.222025 0.179885 0.54377 
0.222321 0.192981 0.525519 
0.222617 0.205661 0.506978 
0.222913 0.218032 0.488229 
0.223209 0.230155 0.469319 
0.223505 0.242065 0.450275 
0.223801 0.253782 0.431111 
0.224097 0.265315 0.411835 
0.224393 0.276663 0.39245 
0.224689 0.28782 0.372954 
0.224985 0.298771 0.353343 
0.225281 0.309498 0.333607 
0.225577 0.319972 0.313735 
0.225873 0.330157 0.293715 
0.226169 0.340007 0.273527 
0.226465 0.349465 0.253152 
0.226761 0.358451 0.232565 
0.227057 0.366868 0.211738 
0.227353 0.374582 0.190641 
0.227649 0.381408 0.169241 
0.227946 0.387086 0.147508 
0.228242 0.391234 0.125432 
0.228538 0.393269 0.103066 
0.228834 0.39228 0.0806352 
0.22913 0.386932 0.0588439 
0.229426 0.375815 0.0393823 
0.229722 0.358917 0.0246359 
0.230018 0.338382 0.0156451 
0.230314 0.316341 0.0114307 
0.23061 0.293903 0.0106297 
0.230906 0.271502 0.0122145 
0.231202 0.249284 0.015503 
0.231498 0.227287 0.0200404 
0.231794 0.205502 0.025512 
0.23209 0.183906 0.0316892 
0.232386 0.162469 0.0383981 
0.232682 0.141159 0.0455007 
0.232978 0.119944 0.052882 
0.233274 0.0987926 0.0604422 
0.23357 0.0776727 0.0680909 
0.233866 0.056554 0.0757426 
0.234162 0.0354059 0.083313 
0.234458 0.0141984 0.0907158 
0.234754 -0.00709799 0.0978585 
0.23505 -0.0285124 0.104639 
0.235346 -0.0500725 0.110941 
0.235642 -0.0718033 0.116627 
0.235938 -0.0937245 0.121528 
0.236234 -0.115845 0.125433 
0.23653 -0.138151 0.128073 
0.236827 -0.160589 0.129094 
0.237123 -0.183024 0.128034 
0.237419 -0.205171 0.12431 
0.237715 -0.226487 0.117254 
0.238011 -0.246092 0.106313 
0.238307 -0.262891 0.091415 
0.238603 -0.276051 0.0732075 
0.238899 -0.285397 0.0527793 
0.239195 -0.291339 0.0311226 
0.239491 -0.294493 0.00888674 
0.239787 -0.295433 -0.0135523 
0.240083 -0.294624 -0.0359979 
0.240379 -0.292423 -0.0583512 
0.240675 -0.289103 -0.0805665 
0.240971 -0.284875 -0.102627 
0.241267 -0.279901 -0.124532 
0.241563 -0.274313 -0.146289 
0.241859 -0.268217 -0.167908 
0.242155 -0.2617 -0.189404 
0.242451 -0.254834 -0.210792 
0.242747 -0.247682 -0.232085 
0.243043 -0.240298 -0.253299 
0.243339 -0.232731 -0.274448 
0.243635 -0.225023 -0.295547 
0.243931 -0.217215 -0.316608 
0.244227 -0.209342 -0.337646 
0.244523 -0.201441 -0.358672 
0.244819 -0.193547 -0.379702 
0.245115 -0.185695 -0.400747 
0.245411 -0.177923 -0.421822 
0.245708 -0.170275 -0.442942 
0.246004 -0.162799 -0.464123 
0.2463 -0.15556 -0.485387 
0.246596 -0.148649 -0.50676 
0.246892 -0.142206 -0.528277 
0.247188 -0.1365 -0.550003 
0.247484 -0.132216 -0.57208 
0.24778 -0.134839 -0.593495 
0.248076 -0.152936 -0.581957 
0.248372 -0.166976 -0.564369 
0.248668 -0.179903 -0.546015 
0.248964 -0.192266 -0.527257 
0.24926 -0.204263 -0.508268 
0.249556 -0.215994 -0.489112 
0.249852 -0.227511 -0.469828 
0.250148 -0.238845 -0.450434 
0.250444 -0.250007 -0.430942 
0.25074 -0.261004 -0.411355 
0.251036 -0.27183 -0.391674 
0.251332 -0.282476 -0.371895 
0.251628 -0.292924 -0.35201 
0.251924 -0.303152 -0.332012 
0.25222 -0.31313 -0.311887 
0.252516 -0.32282 -0.291621 
0.252812 -0.332172 -0.271198 
0.253108 -0.341127 -0.250598 
0.253404 -0.349607 -0.229797 
0.2537 -0.357511 -0.208771 
0.253996 -0.364708 -0.187492 
0.254292 -0.371019 -0.165934 
0.254589 -0.376197 -0.144076 
0.254885 -0.379886 -0.121919 
0.255181 -0.381562 -0.0995221 
0.255477 -0.380445 -0.0770946 
0.255773 -0.37542 -0.0552201 
0.256069 -0.365269 -0.0352233 
0.256365 -0.349663 -0.0191248 
0.256661 -0.33005 -0.0082665 
0.256957 -0.308435 -0.00225933 
0.257253 -0.286108 5.31826e-05 
0.257549 -0.263656 -0.00029286 
0.257845 -0.241311 -0.0025593 
0.258141 -0.219155 -0.00623987 
0.258437 -0.1972 -0.0109809 
0.258733 -0.175433 -0.0165258 
0.259029 -0.153831 -0.0226806 
0.259325 -0.132364 -0.0292921 
0.259621 -0.111002 -0.0362344 
0.259917 -0.0897127 -0.0433994 
0.260213 -0.0684667 -0.0506903 
0.260509 -0.0472328 -0.0580167 
0.260805 -0.025981 -0.0652906 
0.261101 -0.0046811 -0.0724231 
0.261397 0.0166963 -0.0793197 
0.261693 0.0381799 -0.0858778 
0.261989 0.0597975 -0.0919802 
0.262285 0.0815738 -0.0974898 
0.262581 0.103528 -0.10224 
0.262877 0.125669 -0.106023 
0.263173 0.147986 -0.108573 
0.26347 0.170426 -0.109543 
0.263766 0.19286 -0.10848 
0.264062 0.215014 -0.104802 
0.264358 0.236361 -0.0978419 
0.264654 0.256029 -0.0870195 
0.26495 0.27291 -0.0722185 
0.265246 0.286123 -0.0540522 
0.265542 0.295461 -0.0336283 
0.265838 0.301332 -0.0119545 
0.266134 0.304368 0.0102956 
0.26643 0.305158 0.0327402 
0.266726 0.304181 0.0551795 
0.267022 0.301803 0.077515 
0.267318 0.298302 0.0997028 
0.267614 0.293892 0.121728 
0.26791 0.288737 0.143591 
0.268206 0.28297 0.165301 
0.268502 0.276696 0.186869 
0.268798 0.270002 0.208311 
0.269094 0.262962 0.229642 
0.26939 0.255637 0.250876 
0.269686 0.24808 0.272029 
0.269982 0.24034 0.293116 
0.270278 0.232457 0.314149 
0.270574 0.224471 0.335144 
0.27087 0.216417 0.356113 
0.271166 0.208329 0.377068 
0.271462 0.200242 0.398024 
0.271758 0.192189 0.418993 
0.272054 0.184206 0.439989 
0.272351 0.176336 0.461028 
0.272647 0.168628 0.482126 
0.272943 0.161148 0.503306 
0.273239 0.153995 0.524599 
0.273535 0.147337 0.546052 
0.273831 0.141569 0.567759 
0.274127 0.138581 0.589959 
0.274423 0.154134 0.584202 
0.274719 0.167394 0.566027 
0.275015 0.179576 0.547152 
0.275311 0.191261 0.527971 
0.275607 0.202645 0.508606 
0.275903 0.213809 0.489115 
0.276199 0.224796 0.469523 
0.276495 0.235627 0.449845 
0.276791 0.246311 0.430086 
0.277087 0.256848 0.410248 
0.277383 0.267229 0.390329 
0.277679 0.277441 0.370322 
0.277975 0.287465 0.35022 
0.278271 0.297274 0.330013 
0.278567 0.306839 0.309689 
0.278863 0.316117 0.289232 
0.279159 0.325059 0.268626 
0.279455 0.333604 0.247851 
0.279751 0.341672 0.226888 
0.280047 0.349166 0.205712 
0.280343 0.355954 0.184299 
0.280639 0.361863 0.162627 
0.280935 0.366658 0.140682 
0.281231 0.370008 0.118471 
0.281528 0.371434 0.0960557 
0.281824 0.370244 0.0736306 
0.28212 0.36548 0.0516944 
0.282416 0.356061 0.0313334 
0.282712 0.341492 0.0142762 
0.283008 0.322745 0.00197099 
0.283304 0.301607 -0.0055297 
0.2836 0.279454 -0.00914908 
0.283896 0.257012 -0.00988681 
0.284192 0.234596 -0.00851499 
0.284488 0.212328 -0.00558085 
0.284784 0.190247 -0.00147161 
0.28508 0.168349 0.00353111 
0.285376 0.146619 0.00921495 
0.285672 0.125029 0.0154133 
0.285968 0.103551 0.0219902 
0.286264 0.0821555 0.02883 
0.28656 0.0608119 0.0358302 
0.286856 0.03949 0.0428962 
0.287152 0.0181597 0.0499368 
0.287448 -0.00320878 0.0568607 
0.287744 -0.0246449 0.0635723 
0.28804 -0.0461775 0.069968 
0.288336 -0.0678341 0.0759309 
0.288632 -0.0896394 0.0813248 
0.288928 -0.111613 0.085985 
0.289224 -0.133764 0.089707 
0.28952 -0.156084 0.0922298 
0.289816 -0.178523 0.0932128 
0.290112 -0.20096 0.0922088 
0.290409 -0.223132 0.0886426 
0.290705 -0.244528 0.0818385 
0.291001 -0.264287 0.0711884 
0.291297 -0.281282 0.0565247 
0.291593 -0.294584 0.0384327 
0.291889 -0.303945 0.0180186 
0.292185 -0.309766 -0.00366576 
0.292481 -0.312698 -0.0259291 
0.292777 -0.31335 -0.0483787 
0.293073 -0.312215 -0.0708111 
0.293369 -0.309668 -0.0931283 
0.293665 -0.305994 -0.115288 
0.293961 -0.301407 -0.137277 
0.294257 -0.296077 -0.159098 
0.294553 -0.290135 -0.180761 
0.294849 -0.283687 -0.202278 
0.295145 -0.276821 -0.223665 
0.295441 -0.269609 -0.244938 
0.295737 -0.262112 -0.266113 
0.296033 -0.254382 -0.287203 
0.296329 -0.246467 -0.308225 
0.296625 -0.238407 -0.329191 
0.296921 -0.230239 -0.350116 
0.297217 -0.221998 -0.371011 
0.297513 -0.213716 -0.391891 
0.297809 -0.205426 -0.412768 
0.298105 -0.19716 -0.433653 
0.298401 -0.188951 -0.454562 
0.298697 -0.180838 -0.475508 
0.298993 -0.172869 -0.496509 
0.29929 -0.16511 -0.517589 
0.299586 -0.157658 -0.538779 
0.299882 -0.150749 -0.560148 
0.300178 -0.145067 -0.581866 
0.300474 -0.152295 -0.589203 
0.30077 -0.165072 -0.570722 
0.301066 -0.176631 -0.551511 
0.301362 -0.187773 -0.531999 
0.301658 -0.198649 -0.512347 
0.301954 -0.209344 -0.492594 
0.30225 -0.219894 -0.472764 
0.302546 -0.230316 -0.452866 
0.302842 -0.240614 -0.432903 
0.303138 -0.250784 -0.412875 
0.303434 -0.260816 -0.392777 
0.30373 -0.270695 -0.372604 
0.304026 -0.2804 -0.352347 
0.304322 -0.289905 -0.331994 
0.304618 -0.299178 -0.311535 
0.304914 -0.308178 -0.290954 
0.30521 -0.316857 -0.270236 
0.305506 -0.325155 -0.249363 
0.305802 -0.332998 -0.228313 
0.306098 -0.340292 -0.207067 
0.306394 -0.346915 -0.185603 
0.30669 -0.352711 -0.163901 
0.306986 -0.357468 -0.141947 
0.307282 -0.360895 -0.119748 
0.307578 -0.362583 -0.0973503 
0.307874 -0.361952 -0.0749005 
0.308171 -0.358198 -0.0527636 
0.308467 -0.350345 -0.0317404 
0.308763 -0.337669 -0.0132332 
0.309059 -0.320494 0.00119739 
0.309355 -0.300277 0.0109035 
0.309651 -0.278523 0.0164219 
0.309947 -0.256184 0.0186843 
0.310243 -0.233727 0.0185231 
0.310539 -0.211354 0.0165588 
0.310835 -0.18914 0.0132377 
0.311131 -0.167104 0.00888394 
0.311427 -0.145239 0.00373998 
0.311723 -0.123525 -0.0020063 
0.312019 -0.101935 -0.00820372 
0.312315 -0.0804401 -0.0147258 
0.312611 -0.0590119 -0.0214623 
0.312907 -0.03762 -0.0283135 
0.313203 -0.0162345 -0.0351848 
0.313499 0.00517415 -0.0419833 
0.313795 0.0266356 -0.0486136 
0.314091 0.0481788 -0.0549735 
0.314387 0.0698314 -0.06095 
0.314683 0.0916194 -0.0664128 
0.314979 0.113564 -0.0712065 
0.315275 0.135679 -0.0751398 
0.315571 0.157962 -0.0779705 
0.315867 0.180378 -0.0793838 
0.316163 0.202834 -0.0789654 
0.316459 0.225116 -0.0761739 
0.316755 0.246799 -0.0703448 
0.317052 0.267117 -0.0608033 
0.317348 0.284964 -0.047196 
0.317644 0.299263 -0.0298869 
0.31794 0.309542 -0.00992698 
0.318236 0.316076 0.0115502 
0.318532 0.31951 0.0337408 
0.318828 0.320497 0.056178 
0.319124 0.319574 0.0786201 
0.31942 0.317151 0.100951 
0.319716 0.313537 0.123121 
0.320012 0.308966 0.145113 
0.320308 0.303616 0.16693 
0.320604 0.297627 0.188579 
0.3209 0.291112 0.210076 
0.321196 0.284161 0.231436 
0.321492 0.276848 0.252675 
0.321788 0.269237 0.273808 
0.322084 0.261382 0.294852 
0.32238 0.253328 0.315821 
0.322676 0.245117 0.336729 
0.322972 0.236786 0.357589 
0.323268 0.228368 0.378414 
0.323564 0.219894 0.399217 
0.32386 0.211395 0.420009 
0.324156 0.202898 0.440802 
0.324452 0.194436 0.461609 
0.324748 0.186042 0.482444 
0.325044 0.177755 0.503322 
0.32534 0.169632 0.524265 
0.325636 0.161759 0.5453 
0.325933 0.154318 0.566453 
0.326229 0.148055 0.587818 
0.326525 0.157962 0.582771 
0.326821 0.169243 0.563357 
0.327117 0.180011 0.543632 
0.327413 0.190478 0.523761 
0.327709 0.2008 0.50381 
0.328005 0.210999 0.483797 
0.328301 0.221097 0.463733 
0.328597 0.231096 0.443619 
0.328893 0.240992 0.423454 
0.329189 0.250775 0.403234 
0.329485 0.260429 0.382952 
0.329781 0.269933 0.362599 
0.330077 0.279264 0.342167 
0.330373 0.288391 0.321643 
0.330669 0.297278 0.301013 
0.330965 0.305881 0.280262 
0.331261 0.314145 0.259375 
0.331557 0.322007 0.238333 
0.331853 0.329385 0.217117 
0.332149 0.336178 0.195706 
0.332445 0.342256 0.17408 
0.332741 0.347449 0.152226 
0.333037 0.35153 0.130137 
0.333333 0.354187 0.107832 
0.333629 0.354988 0.085386 
0.333925 0.35333 0.0629899 
0.334221 0.348408 0.0410843 
0.334517 0.339337 0.0205585 
0.334813 0.325614 0.00281046 
0.33511 0.307796 -0.0108021 
0.335406 0.287288 -0.0199021 
0.335702 0.265441 -0.025059 
0.335998 0.243083 -0.0271421 
0.336294 0.220625 -0.0269141 
0.33659 0.198251 -0.02495 
0.336886 0.176031 -0.0216693 
0.337182 0.153982 -0.017381 
0.337478 0.132098 -0.0123192 
0.337774 0.110359 -0.00666706 
0.33807 0.0887392 -0.000573315 
0.338366 0.0672111 0.00583664 
0.338662 0.0457453 0.0124528 
0.338958 0.0243125 0.0191749 
0.339254 0.00288294 0.0259072 
0.33955 -0.018573 0.0325552 
0.339846 -0.0400846 0.039021 
0.340142 -0.0616805 0.0451994 
0.340438 -0.0833881 0.050973 
0.340734 -0.105233 0.0562051 
0.34103 -0.127234 0.0607322 
0.341326 -0.149402 0.0643511 
0.341622 -0.171729 0.0668021 
0.341918 -0.19417 0.0677458 
0.342214 -0.216606 0.0667329 
0.34251 -0.238778 0.0631788 
0.342806 -0.260174 0.0563828 
0.343102 -0.279908 0.0456938 
0.343398 -0.296793 0.0309136 
0.343694 -0.309843 0.0126405 
0.343991 -0.31881 -0.00793713 
0.344287 -0.324154 -0.0297425 
0.344583 -0.326573 -0.052069 
0.344879 -0.326709 -0.0745287 
0.345175 -0.325069 -0.0969305 
0.345471 -0.322036 -0.119187 
0.345767 -0.317895 -0.141265 
0.346063 -0.312862 -0.163156 
0.346359 -0.307102 -0.184868 
0.346655 -0.300745 -0.206412 
0.346951 -0.293895 -0.227804 
0.347247 -0.286637 -0.249062 
0.347543 -0.279039 -0.2702 
0.347839 -0.271162 -0.291236 
0.348135 -0.263055 -0.312184 
0.348431 -0.254761 -0.333059 
0.348727 -0.246318 -0.353875 
0.349023 -0.237761 -0.374643 
0.349319 -0.22912 -0.395377 
0.349615 -0.220424 -0.416087 
0.349911 -0.211699 -0.436786 
0.350207 -0.202972 -0.457484 
0.350503 -0.19427 -0.478192 
0.350799 -0.185624 -0.498922 
0.351095 -0.177067 -0.519695 
0.351391 -0.168659 -0.540514 
0.351687 -0.160499 -0.561413 
0.351983 -0.152755 -0.582654 
0.352279 -0.155873 -0.586301 
0.352575 -0.166607 -0.56659 
0.352872 -0.176829 -0.546599 
0.353168 -0.186815 -0.526475 
0.353464 -0.196721 -0.506316 
0.35376 -0.206544 -0.486115 
0.354056 -0.216301 -0.465883 
0.354352 -0.225986 -0.445615 
0.354648 -0.235591 -0.42531 
0.354944 -0.245102 -0.404961 
0.35524 -0.254502 -0.384561 
0.355536 -0.26377 -0.364099 
0.355832 -0.27288 -0.343567 
0.356128 -0.281801 -0.322952 
0.356424 -0.290496 -0.302241 
0.35672 -0.298924 -0.28142 
0.357016 -0.307031 -0.260471 
0.357312 -0.314756 -0.239378 
0.357608 -0.322022 -0.218123 
0.357904 -0.328733 -0.196686 
0.3582 -0.33477 -0.17505 
0.358496 -0.339977 -0.153198 
0.358792 -0.344149 -0.131126 
0.359088 -0.347011 -0.108847 
0.359384 -0.348183 -0.086416 
0.35968 -0.347144 -0.063981 
0.359976 -0.343194 -0.0418768 
0.360272 -0.335504 -0.020789 
0.360568 -0.323414 -0.00188882 
0.360864 -0.307033 0.0134358 
0.36116 -0.287457 0.0243955 
0.361456 -0.26607 0.0312114 
0.361753 -0.24388 0.0346431 
0.362049 -0.221438 0.0354814 
0.362345 -0.199006 0.0343602 
0.362641 -0.176697 0.031751 
0.362937 -0.154551 0.028002 
0.363233 -0.13257 0.0233757 
0.363529 -0.110743 0.0180754 
0.363825 -0.0890452 0.012264 
0.364121 -0.0674519 0.00607685 
0.364417 -0.0459344 -0.00036906 
0.364713 -0.0244636 -0.00696879 
0.365009 -0.00301003 -0.0136243 
0.365305 0.0184558 -0.02024 
0.365601 0.0399634 -0.026719 
0.365897 0.0615416 -0.0329587 
0.366193 0.0832185 -0.0388464 
0.366489 0.10502 -0.0442529 
0.366785 0.12697 -0.0490254 
0.367081 0.149081 -0.0529762 
0.367377 0.171356 -0.0558676 
0.367673 0.193765 -0.05739 
0.367969 0.216222 -0.0571328 
0.368265 0.23853 -0.0545532 
0.368561 0.260275 -0.0489672 
0.368857 0.280692 -0.0396502 
0.369153 0.29863 -0.0261719 
0.369449 0.312917 -0.00886186 
0.369745 0.32302 0.0111779 
0.370041 0.329242 0.0327478 
0.370337 0.332278 0.0549979 
0.370634 0.332827 0.0774511 
0.37093 0.331456 0.0998706 
0.371226 0.328587 0.122149 
0.371522 0.324537 0.144243 
0.371818 0.31954 0.166143 
0.372114 0.313776 0.187854 
0.37241 0.307384 0.209388 
0.372706 0.300474 0.230761 
0.373002 0.293134 0.25199 
0.373298 0.285438 0.273093 
0.373594 0.277446 0.294086 
0.37389 0.26921 0.314983 
0.374186 0.260772 0.335801 
0.374482 0.252171 0.356551 
0.374778 0.243441 0.377247 
0.375074 0.234611 0.397901 
0.37537 0.225708 0.418524 
0.375666 0.216756 0.439125 
0.375962 0.207778 0.459715 
0.376258 0.198796 0.480304 
0.376554 0.189834 0.500899 
0.37685 0.180911 0.521519 
0.377146 0.17207 0.542151 
0.377442 0.163347 0.562838 
0.377738 0.15478 0.583845 
0.378034 0.156376 0.584881 
0.37833 0.166148 0.564625 
0.378626 0.175761 0.544292 
0.378922 0.185274 0.523953 
0.379218 0.19477 0.503594 
0.379515 0.204233 0.483224 
0.379811 0.213663 0.462836 
0.380107 0.223048 0.442429 
0.380403 0.232373 0.421993 
0.380699 0.241621 0.401524 
0.380995 0.250772 0.38101 
0.381291 0.259802 0.360442 
0.381587 0.268683 0.33981 
0.381883 0.277383 0.319101 
0.382179 0.285864 0.298302 
0.382475 0.294084 0.277397 
0.382771 0.301988 0.256371 
0.383067 0.309516 0.235207 
0.383363 0.316591 0.213888 
0.383659 0.323119 0.192394 
0.383955 0.328981 0.17071 
0.384251 0.334028 0.148821 
0.384547 0.338061 0.126723 
0.384843 0.340817 0.10443 
0.385139 0.341937 0.0819965 
0.385435 0.340934 0.0595595 
0.385731 0.337156 0.0374243 
0.386027 0.329826 0.0162068 
0.386323 0.318279 -0.00303187 
0.386619 0.302487 -0.0189689 
0.386915 0.283365 -0.0307075 
0.387211 0.262237 -0.0382965 
0.387507 0.240162 -0.0423986 
0.387803 0.217747 -0.0437878 
0.388099 0.195297 -0.0431116 
0.388396 0.172949 -0.0408617 
0.388692 0.150755 -0.0374038 
0.388988 0.128726 -0.0330136 
0.389284 0.106853 -0.0279042 
0.38958 0.0851151 -0.022246 
0.389876 0.0634876 -0.0161795 
0.390172 0.0419428 -0.00982547 
0.390468 0.0204519 -0.00329124 
0.390764 -0.00101422 0.00332353 
0.39106 -0.0224852 0.00992274 
0.391356 -0.0439903 0.0164097 
0.391652 -0.0655589 0.0226828 
0.391948 -0.0872191 0.0286314 
0.392244 -0.108998 0.0341298 
0.39254 -0.130919 0.0390296 
0.392836 -0.153 0.0431499 
0.393132 -0.175245 0.046262 
0.393428 -0.197632 0.0480683 
0.393724 -0.220091 0.0481734 
0.39402 -0.242447 0.046049 
0.394316 -0.264325 0.0410139 
0.394612 -0.28501 0.0323069 
0.394908 -0.303357 0.0193957 
0.395204 -0.318102 0.00248378 
0.3955 -0.328586 -0.0173666 
0.395796 -0.335031 -0.0388702 
0.396092 -0.338158 -0.0611073 
0.396388 -0.338706 -0.0835605 
0.396684 -0.337272 -0.105976 
0.39698 -0.334303 -0.128241 
0.397276 -0.330127 -0.150313 
0.397573 -0.32499 -0.17218 
0.397869 -0.319074 -0.19385 
0.398165 -0.312523 -0.215336 
0.398461 -0.305449 -0.236655 
0.398757 -0.297939 -0.257825 
0.399053 -0.290069 -0.278863 
0.399349 -0.281897 -0.299787 
0.399645 -0.273476 -0.32061 
0.399941 -0.264847 -0.341349 
0.400237 -0.256047 -0.362016 
0.400533 -0.24711 -0.382624 
0.400829 -0.238061 -0.403183 
0.401125 -0.228927 -0.423704 
0.401421 -0.219729 -0.444197 
0.401717 -0.210484 -0.464669 
0.402013 -0.201211 -0.485127 
0.402309 -0.191924 -0.50558 
0.402605 -0.182634 -0.526028 
0.402901 -0.173351 -0.546511 
0.403197 -0.164061 -0.566799 
0.403493 -0.154704 -0.586473 
0.403789 -0.156992 -0.5804 
0.404085 -0.166171 -0.559775 
0.404381 -0.175175 -0.53921 
0.404677 -0.184262 -0.518668 
0.404973 -0.193381 -0.49814 
0.405269 -0.202516 -0.477619 
0.405565 -0.211646 -0.457096 
0.405861 -0.220755 -0.436563 
0.406157 -0.229822 -0.416013 
0.406454 -0.238827 -0.395434 
0.40675 -0.247745 -0.374818 
0.407046 -0.25655 -0.354154 
0.407342 -0.265214 -0.33343 
0.407638 -0.273701 -0.312632 
0.407934 -0.281973 -0.291749 
0.40823 -0.289985 -0.270763 
0.408526 -0.297683 -0.249661 
0.408822 -0.305004 -0.228425 
0.409118 -0.311872 -0.207038 
0.409414 -0.318192 -0.185482 
0.40971 -0.323846 -0.163742 
0.410006 -0.328683 -0.141807 
0.410302 -0.33251 -0.119672 
0.410598 -0.335066 -0.0973555 
0.410894 -0.336003 -0.0749135 
0.41119 -0.334849 -0.0524835 
0.411486 -0.330982 -0.0303631 
0.411782 -0.323662 -0.00914211 
0.412078 -0.312249 0.0101767 
0.412374 -0.296675 0.0263283 
0.41267 -0.27776 0.038406 
0.412966 -0.25677 0.0463686 
0.413262 -0.234761 0.0508179 
0.413558 -0.212366 0.0525027 
0.413854 -0.18991 0.0520691 
0.41415 -0.167543 0.0500151 
0.414446 -0.145325 0.0467137 
0.414742 -0.123272 0.042447 
0.415038 -0.101377 0.0374334 
0.415335 -0.07962 0.031847 
0.415631 -0.0579783 0.0258312 
0.415927 -0.0364242 0.0195087 
0.416223 -0.0149292 0.0129881 
0.416519 0.00653584 0.00636976 
0.416815 0.0280004 -0.000250211 
0.417111 0.0494939 -0.00677547 
0.417407 0.0710458 -0.0131056 
0.417703 0.0926846 -0.0191314 
0.417999 0.114438 -0.0247298 
0.418295 0.13633 -0.0297557 
0.418591 0.158381 -0.0340328 
0.418887 0.180598 -0.0373384 
0.419183 0.202965 -0.0393826 
0.419479 0.225421 -0.0397785 
0.419775 0.247806 -0.0380041 
0.420071 0.269774 -0.0333744 
0.420367 0.290632 -0.0250941 
0.420663 0.309227 -0.0125485 
0.420959 0.324218 0.00413883 
0.421255 0.334834 0.0239067 
0.421551 0.341286 0.0454117 
0.421847 0.344316 0.0676628 
0.422143 0.344705 0.0901195 
0.422439 0.34308 0.112522 
0.422735 0.339904 0.134759 
0.423031 0.335515 0.156788 
0.423327 0.330161 0.178604 
0.423623 0.324029 0.200213 
0.423919 0.317262 0.221632 
0.424216 0.309972 0.242879 
0.424512 0.302248 0.263972 
0.424808 0.294162 0.284928 
0.425104 0.285773 0.305765 
0.4254 0.277132 0.326499 
0.425696 0.268279 0.347143 
0.425992 0.259251 0.367711 
0.426288 0.250076 0.388215 
0.426584 0.240782 0.408664 
0.42688 0.231389 0.429068 
0.427176 0.221917 0.449435 
0.427472 0.212379 0.469772 
0.427768 0.202785 0.490082 
0.428064 0.193144 0.51037 
0.42836 0.183444 0.530631 
0.428656 0.17369 0.550862 
0.428952 0.163825 0.571034 
0.429248 0.153743 0.591034 
0.429544 0.156227 0.577247 
0.42984 0.16444 0.556397 
0.430136 0.173001 0.535565 
0.430432 0.181669 0.514864 
0.430728 0.190443 0.49418 
0.431024 0.199269 0.473526 
0.43132 0.208124 0.452882 
0.431616 0.216981 0.43224 
0.431912 0.225816 0.411589 
0.432208 0.234606 0.390917 
0.432504 0.243322 0.370215 
0.4328 0.251938 0.349471 
0.433097 0.260422 0.328673 
0.433393 0.268739 0.307807 
0.433689 0.27685 0.28686 
0.433985 0.28471 0.265817 
0.434281 0.292264 0.244663 
0.434577 0.299452 0.223381 
0.434873 0.306196 0.201955 
0.435169 0.312406 0.180368 
0.435465 0.317967 0.158604 
0.435761 0.322735 0.136652 
0.436057 0.326523 0.114511 
0.436353 0.329086 0.0921955 
0.436649 0.330098 0.0697566 
0.436945 0.329119 0.047318 
0.437241 0.325569 0.0251441 
0.437537 0.31875 0.0037552 
0.437833 0.308009 -0.0159464 
0.438129 0.293149 -0.0327576 
0.438425 0.274797 -0.0456769 
0.438721 0.254147 -0.0544814 
0.439017 0.232296 -0.0596563 
0.439313 0.209952 -0.0619222 
0.439609 0.187492 -0.0619415 
0.439905 0.165095 -0.0602362 
0.440201 0.14284 -0.0572011 
0.440497 0.120749 -0.0531349 
0.440793 0.0988201 -0.0482681 
0.441089 0.0770378 -0.0427833 
0.441385 0.0553788 -0.0368301 
0.441681 0.0338166 -0.0305349 
0.441978 0.0123232 -0.0240092 
0.442274 -0.00913055 -0.0173542 
0.44257 -0.030574 -0.0106663 
0.442866 -0.0520368 -0.00404058 
0.443162 -0.0735485 0.00242468 
0.443458 -0.0951382 0.00862423 
0.443754 -0.116834 0.0144402 
0.44405 -0.138663 0.0197355 
0.444346 -0.160647 0.0243445 
0.444642 -0.182799 0.0280595 
0.444938 -0.205114 0.0306114 
0.445234 -0.22755 0.0316405 
0.44553 -0.249985 0.0306574 
0.445826 -0.272136 0.0270025 
0.446122 -0.293411 0.0198573 
0.446418 -0.31273 0.00846165 
0.446714 -0.328658 -0.00732207 
0.44701 -0.340162 -0.02659 
0.447306 -0.347248 -0.0478928 
0.447602 -0.350653 -0.0700885 
0.447898 -0.351228 -0.0925409 
0.448194 -0.349662 -0.114948 
0.44849 -0.346463 -0.137181 
0.448786 -0.341998 -0.159195 
0.449082 -0.336532 -0.180983 
0.449378 -0.330262 -0.202553 
0.449674 -0.323338 -0.223922 
0.44997 -0.315877 -0.245109 
0.450266 -0.307971 -0.266134 
0.450562 -0.299692 -0.287015 
0.450858 -0.291101 -0.30777 
0.451155 -0.282248 -0.328414 
0.451451 -0.273173 -0.348962 
0.451747 -0.263912 -0.369426 
0.452043 -0.254494 -0.389818 
0.452339 -0.244941 -0.410148 
0.452635 -0.235275 -0.430424 
0.452931 -0.225509 -0.450652 
0.453227 -0.215655 -0.470838 
0.453523 -0.205717 -0.490981 
0.453819 -0.195693 -0.511084 
0.454115 -0.185564 -0.531127 
0.454411 -0.175293 -0.551131 
0.454707 -0.16475 -0.57091 
0.455003 -0.153392 -0.59016 
0.455299 -0.152463 -0.578583 
0.455595 -0.160052 -0.557326 
0.455891 -0.167997 -0.536335 
0.456187 -0.176239 -0.515437 
0.456483 -0.184642 -0.494607 
0.456779 -0.193153 -0.473819 
0.457075 -0.201731 -0.453059 
0.457371 -0.210345 -0.432314 
0.457667 -0.218963 -0.411571 
0.457963 -0.227559 -0.390819 
0.458259 -0.236104 -0.370045 
0.458555 -0.244569 -0.349239 
0.458851 -0.252921 -0.328387 
0.459147 -0.261127 -0.307478 
0.459443 -0.269148 -0.286496 
0.459739 -0.276939 -0.265428 
0.460036 -0.28445 -0.244259 
0.460332 -0.291622 -0.222972 
0.460628 -0.298385 -0.201551 
0.460924 -0.304654 -0.179981 
0.46122 -0.310324 -0.158245 
0.461516 -0.315267 -0.136333 
0.461812 -0.319316 -0.114238 
0.462108 -0.322256 -0.0919684 
0.462404 -0.323805 -0.0695598 
0.4627 -0.323584 -0.0471003 
0.462996 -0.321091 -0.0247809 
0.463292 -0.315693 -0.00298613 
0.463588 -0.30671 0.017581 
0.463884 -0.293691 0.0358554 
0.46418 -0.276848 0.0506939 
0.464476 -0.257154 0.061466 
0.464772 -0.23578 0.0683483 
0.465068 -0.213617 0.0719759 
0.465364 -0.191183 0.0730452 
0.46566 -0.16874 0.0721408 
0.465956 -0.14641 0.069714 
0.466252 -0.124239 0.0661064 
0.466548 -0.102238 0.0615793 
0.466844 -0.080396 0.0563371 
0.46714 -0.0586934 0.0505446 
0.467436 -0.0371055 0.0443384 
0.467732 -0.0156048 0.0378366 
0.468028 0.00583737 0.0311443 
0.468324 0.0272502 0.0243589 
0.46862 0.0486634 0.0175747 
0.468917 0.0701068 0.0108861 
0.469213 0.0916099 0.00439262 
0.469509 0.113202 -0.00179766 
0.469805 0.134912 -0.00756142 
0.470101 0.156766 -0.012753 
0.470397 0.178784 -0.0171929 
0.470693 0.200977 -0.0206526 
0.470989 0.223331 -0.0228292 
0.471285 0.245784 -0.0233115 
0.471581 0.268167 -0.0215311 
0.471877 0.290093 -0.0167235 
0.472173 0.310756 -0.00799001 
0.472469 0.3288 0.00531483 
0.472765 0.342735 0.0228769 
0.473061 0.351935 0.0433469 
0.473357 0.356875 0.0652487 
0.473653 0.35848 0.0876495 
0.473949 0.357584 0.110092 
0.474245 0.35481 0.132382 
0.474541 0.350603 0.154447 
0.474837 0.345278 0.17627 
0.475133 0.339066 0.197856 
0.475429 0.332139 0.219224 
0.475725 0.324627 0.240393 
0.476021 0.316631 0.261385 
0.476317 0.308232 0.282218 
0.476613 0.299495 0.302911 
0.476909 0.290472 0.323481 
0.477205 0.281206 0.343944 
0.477501 0.271734 0.364311 
0.477798 0.262084 0.384595 
0.478094 0.252281 0.404805 
0.47839 0.242343 0.42495 
0.478686 0.232283 0.445033 
0.478982 0.22211 0.46506 
0.479278 0.211826 0.48503 
0.479574 0.201424 0.504937 
0.47987 0.190879 0.524773 
0.480166 0.180147 0.544499 
0.480462 0.169107 0.564049 
0.480758 0.157321 0.583342 
0.481054 0.146271 0.58827 
0.48135 0.151918 0.566542 
0.481646 0.158995 0.545232 
0.481942 0.16663 0.524103 
0.482238 0.174547 0.503083 
0.482534 0.182664 0.482139 
0.48283 0.190912 0.461246 
0.483126 0.199246 0.440387 
0.483422 0.20763 0.419548 
0.483718 0.216031 0.398716 
0.484014 0.224418 0.377878 
0.48431 0.232761 0.357023 
0.484606 0.241027 0.336137 
0.484902 0.249183 0.315208 
0.485198 0.257193 0.294222 
0.485494 0.265016 0.273166 
0.48579 0.272607 0.252025 
0.486086 0.279913 0.230783 
0.486382 0.286873 0.209426 
0.486679 0.293416 0.187937 
0.486975 0.299454 0.166301 
0.487271 0.304882 0.144504 
0.487567 0.309566 0.122535 
0.487863 0.31334 0.100391 
0.488159 0.315985 0.0780849 
0.488455 0.317214 0.0556567 
0.488751 0.316649 0.0332034 
0.489047 0.31379 0.0109285 
0.489343 0.308016 -0.0107681 
0.489639 0.298674 -0.0311729 
0.489935 0.285356 -0.0492382 
0.490231 0.268313 -0.0638534 
0.490527 0.248511 -0.0744337 
0.490823 0.227088 -0.0811678 
0.491119 0.204905 -0.0846794 
0.491415 0.182466 -0.0856499 
0.491711 0.160026 -0.0846536 
0.492007 0.137706 -0.0821353 
0.492303 0.115551 -0.0784332 
0.492599 0.0935703 -0.0738066 
0.492895 0.0717539 -0.0684584 
0.493191 0.0500819 -0.0625523 
0.493487 0.0285294 -0.0562242 
0.493783 0.00706889 -0.0495909 
0.494079 -0.0143283 -0.0427564 
0.494375 -0.0356917 -0.0358168 
0.494671 -0.057051 -0.0288645 
0.494967 -0.0784361 -0.0219922 
0.495263 -0.0998772 -0.0152963 
0.49556 -0.121404 -0.00888215 
0.495856 -0.143046 -0.00286865 
0.496152 -0.164831 0.00260346 
0.496448 -0.186783 0.00736147 
0.496744 -0.208916 0.0111848 
0.49704 -0.231225 0.0137806 
0.497336 -0.253662 0.0147474 
0.497632 -0.276082 0.0135227 
0.497928 -0.298132 0.00932653 
0.498224 -0.319035 0.00119083 
0.49852 -0.337387 -0.011672 
0.498816 -0.351529 -0.0290666 
0.499112 -0.360697 -0.0495563 
0.499408 -0.365391 -0.0715112 
0.499704 -0.366639 -0.0939347 
0.5 -0.365341 -0.116358 
0.500296 -0.362156 -0.138593 
0.500592 -0.357542 -0.160576 
0.500888 -0.351821 -0.182298 
0.501184 -0.345224 -0.203771 
0.50148 -0.337923 -0.225014 
0.501776 -0.330047 -0.24605 
0.502072 -0.321694 -0.266902 
0.502368 -0.312944 -0.28759 
0.502664 -0.303859 -0.308133 
0.50296 -0.294489 -0.328548 
0.503256 -0.284875 -0.348849 
0.503552 -0.275052 -0.369049 
0.503848 -0.265044 -0.389159 
0.504144 -0.254873 -0.409187 
0.50444 -0.244555 -0.429139 
0.504737 -0.234099 -0.449019 
0.505033 -0.223508 -0.468828 
0.505329 -0.212777 -0.488561 
0.505625 -0.201889 -0.508208 
0.505921 -0.190806 -0.527747 
0.506217 -0.179458 -0.547127 
0.506513 -0.167677 -0.566242 
0.506809 -0.15487 -0.584797 
0.507105 -0.14151 -0.588243 
0.507401 -0.145843 -0.566216 
0.507697 -0.152171 -0.544662 
0.507993 -0.159221 -0.523334 
0.508289 -0.166678 -0.502146 
0.508585 -0.174406 -0.481055 
0.508881 -0.182322 -0.460034 
0.509177 -0.190368 -0.439062 
0.509473 -0.198501 -0.418124 
0.509769 -0.206682 -0.397204 
0.510065 -0.214878 -0.376291 
0.510361 -0.223055 -0.35537 
0.510657 -0.231182 -0.334429 
0.510953 -0.239223 -0.313456 
0.511249 -0.247142 -0.292436 
0.511545 -0.254901 -0.271356 
0.511841 -0.262455 -0.250202 
0.512137 -0.269756 -0.228959 
0.512433 -0.276746 -0.207611 
0.512729 -0.28336 -0.186144 
0.513025 -0.28952 -0.164543 
0.513321 -0.29513 -0.142792 
0.513618 -0.300075 -0.12088 
0.513914 -0.304209 -0.0988005 
0.51421 -0.307347 -0.0765581 
0.514506 -0.309247 -0.0541765 
0.514802 -0.309593 -0.031718 
0.515098 -0.307966 -0.00931793 
0.515394 -0.30383 0.0127527 
0.51569 -0.296551 0.0339871 
0.515986 -0.285546 0.0535493 
0.516282 -0.270628 0.0703302 
0.516578 -0.252346 0.0833816 
0.516874 -0.231784 0.0924017 
0.51717 -0.209981 0.0977969 
0.517466 -0.187652 0.100226 
0.517762 -0.165191 0.100333 
0.518058 -0.142792 0.0986412 
0.518354 -0.120544 0.0955503 
0.51865 -0.0984746 0.0913665 
0.518946 -0.076585 0.0863258 
0.519242 -0.0548607 0.0806152 
0.519538 -0.0332792 0.0743863 
0.519834 -0.0118145 0.0677665 
0.52013 0.00956169 0.0608663 
0.520426 0.0308785 0.0537848 
0.520722 0.0521655 0.0466145 
0.521018 0.0734528 0.039445 
0.521314 0.0947707 0.0323668 
0.52161 0.11615 0.0254751 
0.521906 0.13762 0.0188746 
0.522202 0.159213 0.0126847 
0.522499 0.180956 0.00704789 
0.522795 0.202875 0.00214139 
0.523091 0.224986 -0.00180552 
0.523387 0.247284 -0.00448399 
0.523683 0.26972 -0.00546206 
0.523979 0.292131 -0.00412042 
0.524275 0.314107 0.000417049 
0.524571 0.334719 0.00923669 
0.524867 0.352301 0.0231211 
0.525163 0.365089 0.0415447 
0.525459 0.372612 0.0626884 
0.525755 0.375744 0.0849231 
0.526051 0.375633 0.107381 
0.526347 0.373178 0.129708 
0.526643 0.368998 0.151778 
0.526939 0.363515 0.173561 
0.527235 0.357022 0.195065 
0.527531 0.34973 0.216311 
0.527827 0.341792 0.237324 
0.528123 0.333324 0.25813 
0.528419 0.324416 0.278751 
0.528715 0.315139 0.299208 
0.529011 0.305547 0.319519 
0.529307 0.295687 0.339701 
0.529603 0.285592 0.359768 
0.529899 0.275292 0.379729 
0.530195 0.264807 0.399595 
0.530491 0.254154 0.41937 
0.530787 0.243342 0.439059 
0.531083 0.232374 0.458662 
0.53138 0.221244 0.478173 
0.531676 0.209937 0.497581 
0.531972 0.198418 0.516865 
0.532268 0.186625 0.535983 
0.532564 0.174431 0.554849 
0.53286 0.161578 0.573243 
0.533156 0.147081 0.590236 
0.533452 0.135657 0.58219 
0.533748 0.139397 0.560047 
0.534044 0.14513 0.53833 
0.53434 0.151675 0.516843 
0.534636 0.158707 0.495509 
0.534932 0.166067 0.474287 
0.535228 0.17366 0.453147 
0.535524 0.181423 0.432069 
0.53582 0.189303 0.411034 
0.536116 0.197259 0.390028 
0.536412 0.205254 0.369037 
0.536708 0.213253 0.348047 
0.537004 0.221221 0.327046 
0.5373 0.229124 0.30602 
0.537596 0.236925 0.284956 
0.537892 0.244585 0.26384 
0.538188 0.252061 0.242658 
0.538484 0.259307 0.221396 
0.53878 0.266268 0.200039 
0.539076 0.272881 0.178572 
0.539372 0.279075 0.15698 
0.539668 0.284762 0.135249 
0.539964 0.289837 0.113367 
0.540261 0.294168 0.0913255 
0.540557 0.297591 0.0691252 
0.540853 0.299894 0.0467814 
0.541149 0.300803 0.0243383 
0.541445 0.299956 0.00189447 
0.541741 0.296882 -0.0203504 
0.542037 0.291 -0.0420177 
0.542333 0.281692 -0.0624458 
0.542629 0.268543 -0.0806443 
0.542925 0.251718 -0.0955343 
0.543221 0.232093 -0.106448 
0.543517 0.210762 -0.113488 
0.543813 0.188612 -0.117214 
0.544109 0.166177 -0.118298 
0.544405 0.143736 -0.117323 
0.544701 0.121421 -0.114748 
0.544997 0.0992872 -0.110922 
0.545293 0.0773453 -0.106114 
0.545589 0.055587 -0.100534 
0.545885 0.0339929 -0.0943488 
0.546181 0.0125382 -0.0876964 
0.546477 -0.00880464 -0.0806938 
0.546773 -0.0300647 -0.0734436 
0.547069 -0.0512714 -0.0660392 
0.547365 -0.0724549 -0.0585685 
0.547661 -0.0936454 -0.0511176 
0.547957 -0.114874 -0.0437749 
0.548253 -0.136171 -0.0366343 
0.548549 -0.157568 -0.0297996 
0.548845 -0.179097 -0.0233919 
0.549142 -0.200788 -0.0175572 
0.549438 -0.222668 -0.0124798 
0.549734 -0.244756 -0.00840322 
0.55003 -0.267047 -0.00566278 
0.550326 -0.289484 -0.00474065 
0.550622 -0.311874 -0.00634984 
0.550918 -0.333703 -0.011526 
0.551214 -0.353758 -0.0215279 
0.55151 -0.369954 -0.0369983 
0.551806 -0.380571 -0.0567483 
0.552102 -0.385775 -0.0785796 
0.552398 -0.386867 -0.101009 
0.552694 -0.385055 -0.123396 
0.55299 -0.381181 -0.145521 
0.553286 -0.375794 -0.167328 
0.553582 -0.369264 -0.188821 
0.553878 -0.361845 -0.210023 
0.554174 -0.353718 -0.230964 
0.55447 -0.345017 -0.251673 
0.554766 -0.335842 -0.272176 
0.555062 -0.32627 -0.292497 
0.555358 -0.316361 -0.312656 
0.555654 -0.306163 -0.33267 
0.55595 -0.295713 -0.352553 
0.556246 -0.28504 -0.372318 
0.556542 -0.274166 -0.391973 
0.556838 -0.263106 -0.411524 
0.557134 -0.251868 -0.430973 
0.55743 -0.240456 -0.45032 
0.557726 -0.228862 -0.469559 
0.558022 -0.217071 -0.488678 
0.558319 -0.205051 -0.507653 
0.558615 -0.192743 -0.526444 
0.558911 -0.180047 -0.544972 
0.559207 -0.166756 -0.563079 
0.559503 -0.152353 -0.580342 
0.559799 -0.134461 -0.593489 
0.560095 -0.127366 -0.574669 
0.560391 -0.130638 -0.552428 
0.560687 -0.135759 -0.530565 
0.560983 -0.14178 -0.508923 
0.561279 -0.148361 -0.487447 
0.561575 -0.155331 -0.466093 
0.561871 -0.162583 -0.444834 
0.562167 -0.170044 -0.423647 
0.562463 -0.177658 -0.402515 
0.562759 -0.185379 -0.381421 
0.563055 -0.193166 -0.360352 
0.563351 -0.200982 -0.339293 
0.563647 -0.208791 -0.318232 
0.563943 -0.216558 -0.297155 
0.564239 -0.224245 -0.276049 
0.564535 -0.231815 -0.254901 
0.564831 -0.239226 -0.233697 
0.565127 -0.246432 -0.212421 
0.565423 -0.253383 -0.191062 
0.565719 -0.260021 -0.169602 
0.566015 -0.266279 -0.148028 
0.566311 -0.272077 -0.126327 
0.566607 -0.277322 -0.104485 
0.566903 -0.281897 -0.0824931 
0.5672 -0.28566 -0.0603478 
0.567496 -0.288429 -0.0380568 
0.567792 -0.28997 -0.015648 
0.568088 -0.289979 0.00681248 
0.568384 -0.288058 0.0291877 
0.56868 -0.283699 0.0512157 
0.568976 -0.276302 0.0724161 
0.569272 -0.26531 0.0919944 
0.569568 -0.250502 0.108885 
0.569864 -0.232353 0.122123 
0.57016 -0.211873 0.131338 
0.570456 -0.1901 0.136856 
0.570752 -0.167771 0.139312 
0.571048 -0.145309 0.139351 
0.571344 -0.122922 0.137508 
0.57164 -0.100704 0.134198 
0.571936 -0.0786892 0.129735 
0.572232 -0.0568781 0.124364 
0.572528 -0.0352564 0.118276 
0.572824 -0.0138013 0.111625 
0.57312 0.00751365 0.104537 
0.573416 0.0287172 0.0971236 
0.573712 0.0498388 0.0894794 
0.574008 0.0709082 0.081693 
0.574304 0.0919559 0.0738477 
0.5746 0.113012 0.0660259 
0.574896 0.134108 0.0583118 
0.575192 0.155276 0.0507962 
0.575488 0.176547 0.0435796 
0.575784 0.197956 0.0367799 
0.576081 0.219534 0.0305407 
0.576377 0.241313 0.0250452 
0.576673 0.263317 0.0205391 
0.576969 0.285552 0.0173675 
0.577265 0.307969 0.0160411 
0.577561 0.33038 0.0173457 
0.577857 0.352215 0.0224821 
0.578153 0.37201 0.0329641 
0.578449 0.387197 0.0494122 
0.578745 0.396051 0.0700118 
0.579041 0.399329 0.0922197 
0.579337 0.398685 0.114667 
0.579633 0.395382 0.136883 
0.579929 0.390221 0.158744 
0.580225 0.383707 0.180242 
0.580521 0.376173 0.201403 
0.580817 0.367844 0.222265 
0.581113 0.358881 0.242862 
0.581409 0.3494 0.263225 
0.581705 0.33949 0.283384 
0.582001 0.329217 0.303359 
0.582297 0.318633 0.323172 
0.582593 0.307779 0.342838 
0.582889 0.296684 0.362369 
0.583185 0.285371 0.381774 
0.583481 0.273856 0.401061 
0.583777 0.262149 0.420231 
0.584073 0.250251 0.439284 
0.584369 0.238156 0.458212 
0.584665 0.22585 0.477003 
0.584962 0.213305 0.495636 
0.585258 0.200472 0.514071 
0.585554 0.18727 0.532245 
0.58585 0.173558 0.550035 
0.586146 0.159052 0.567183 
0.586442 0.143014 0.582915 
0.586738 0.122932 0.590726 
0.587034 0.116141 0.570183 
0.58733 0.118173 0.547828 
0.587626 0.122367 0.525764 
0.587922 0.127658 0.503933 
0.588218 0.133638 0.482282 
0.588514 0.140102 0.46077 
0.58881 0.146922 0.439368 
0.589106 0.154011 0.418054 
0.589402 0.161305 0.396808 
0.589698 0.168749 0.375616 
0.589994 0.1763 0.35446 
0.59029 0.183917 0.333329 
0.590586 0.191562 0.312208 
0.590882 0.199199 0.291084 
0.591178 0.206791 0.269944 
0.591474 0.214301 0.248774 
0.59177 0.221689 0.227562 
0.592066 0.228913 0.206293 
0.592362 0.235926 0.184953 
0.592658 0.242676 0.163528 
0.592954 0.249103 0.142005 
0.59325 0.25514 0.120369 
0.593546 0.260706 0.0986063 
0.593843 0.265705 0.0767068 
0.594139 0.27002 0.0546624 
0.594435 0.273506 0.032472 
0.594731 0.275978 0.0101465 
0.595027 0.277202 -0.012281 
0.595323 0.276871 -0.0347378 
0.595619 0.274586 -0.0570797 
0.595915 0.26984 -0.0790297 
0.596211 0.262044 -0.100089 
0.596507 0.250661 -0.119447 
0.596803 0.23551 -0.136042 
0.597099 0.217088 -0.148917 
0.597395 0.196435 -0.157753 
0.597691 0.174568 -0.162889 
0.597987 0.1522 -0.164975 
0.598283 0.129739 -0.164652 
0.598579 0.107384 -0.162453 
0.598875 0.0852213 -0.15879 
0.599171 0.0632806 -0.153974 
0.599467 0.0415603 -0.148247 
0.599763 0.0200438 -0.141797 
0.600059 -0.00129305 -0.134776 
0.600355 -0.0224777 -0.127308 
0.600651 -0.0435394 -0.1195 
0.600947 -0.0645078 -0.111446 
0.601243 -0.0854131 -0.103229 
0.601539 -0.106286 -0.0949284 
0.601835 -0.127156 -0.0866225 
0.602131 -0.148055 -0.0783892 
0.602427 -0.169014 -0.0703117 
0.602724 -0.190068 -0.0624815 
0.60302 -0.211249 -0.0550041 
0.603316 -0.232594 -0.0480075 
0.603612 -0.254138 -0.0416533 
0.603908 -0.275917 -0.0361576 
0.604204 -0.297956 -0.0318244 
0.6045 -0.320249 -0.0291093 
0.604796 -0.342699 -0.0287362 
0.605092 -0.364911 -0.0319032 
0.605388 -0.38562 -0.0404356 
0.605684 -0.401898 -0.0557608 
0.60598 -0.41105 -0.0762298 
0.606276 -0.413799 -0.0984967 
0.606572 -0.412299 -0.120905 
0.606868 -0.408063 -0.142962 
0.607164 -0.401983 -0.164585 
0.60746 -0.39459 -0.185796 
0.607756 -0.38622 -0.206641 
0.608052 -0.377097 -0.227168 
0.608348 -0.367373 -0.247417 
0.608644 -0.357161 -0.267424 
0.60894 -0.346543 -0.287218 
0.609236 -0.33558 -0.306824 
0.609532 -0.324319 -0.32626 
0.609828 -0.312796 -0.345541 
0.610124 -0.301036 -0.364679 
0.61042 -0.289058 -0.383681 
0.610716 -0.276873 -0.402551 
0.611012 -0.264486 -0.42129 
0.611308 -0.251894 -0.439891 
0.611604 -0.239086 -0.458344 
0.611901 -0.226042 -0.476631 
0.612197 -0.212727 -0.494722 
0.612493 -0.199085 -0.512567 
0.612789 -0.185027 -0.530086 
0.613085 -0.170404 -0.547137 
0.613381 -0.154937 -0.563422 
0.613677 -0.138007 -0.578171 
0.613973 -0.117845 -0.587611 
0.614269 -0.103129 -0.573263 
0.614565 -0.101777 -0.550867 
0.614861 -0.104085 -0.528528 
0.615157 -0.108056 -0.506419 
0.615453 -0.113025 -0.484513 
0.615749 -0.118676 -0.462773 
0.616045 -0.124826 -0.441169 
0.616341 -0.131355 -0.419677 
0.616637 -0.138178 -0.398276 
0.616933 -0.145228 -0.376949 
0.617229 -0.152451 -0.35568 
0.617525 -0.159802 -0.334454 
0.617821 -0.167237 -0.313258 
0.618117 -0.174719 -0.292079 
0.618413 -0.182211 -0.270903 
0.618709 -0.189675 -0.249717 
0.619005 -0.197074 -0.228508 
0.619301 -0.204369 -0.207263 
0.619597 -0.211518 -0.185969 
0.619893 -0.218477 -0.164612 
0.620189 -0.225194 -0.143177 
0.620485 -0.231616 -0.121652 
0.620782 -0.237678 -0.100023 
0.621078 -0.243306 -0.0782766 
0.621374 -0.248412 -0.0564022 
0.62167 -0.252891 -0.0343907 
0.621966 -0.256614 -0.0122389 
0.622262 -0.259418 0.010047 
0.622558 -0.261098 0.032445 
0.622854 -0.261391 0.0549036 
0.62315 -0.259949 0.0773175 
0.623446 -0.25633 0.0994833 
0.623742 -0.249984 0.121027 
0.624038 -0.240327 0.141305 
0.624334 -0.22695 0.159356 
0.62463 -0.209978 0.17409 
0.624926 -0.190234 0.184809 
0.625222 -0.168799 0.191536 
0.625518 -0.146572 0.19482 
0.625814 -0.124113 0.195338 
0.62611 -0.101709 0.193698 
0.626406 -0.079492 0.190376 
0.626702 -0.0575134 0.185737 
0.626998 -0.0357809 0.180056 
0.627294 -0.0142819 0.173548 
0.62759 0.00700629 0.166381 
0.627886 0.028111 0.158691 
0.628182 0.0490618 0.15059 
0.628478 0.0698887 0.142176 
0.628774 0.0906219 0.133534 
0.62907 0.111292 0.124741 
0.629366 0.131928 0.11587 
0.629663 0.152562 0.106993 
0.629959 0.173224 0.0981829 
0.630255 0.193947 0.0895158 
0.630551 0.214764 0.0810783 
0.630847 0.235712 0.0729686 
0.631143 0.256827 0.0653077 
0.631439 0.278152 0.0582503 
0.631735 0.299728 0.0520062 
0.632031 0.321596 0.0468788 
0.632327 0.343774 0.0433393 
0.632623 0.366196 0.0421841 
0.632919 0.388467 0.044857 
0.633215 0.408958 0.0538224 
0.633511 0.423465 0.0707645 
0.633807 0.429346 0.0923815 
0.634103 0.428952 0.114824 
0.634399 0.424878 0.136909 
0.634695 0.41854 0.158458 
0.634991 0.410694 0.179505 
0.635287 0.401777 0.200122 
0.635583 0.392058 0.220373 
0.635879 0.381717 0.240313 
0.636175 0.370875 0.259987 
0.636471 0.359622 0.279427 
0.636767 0.348021 0.298662 
0.637063 0.336121 0.317713 
0.637359 0.323956 0.336596 
0.637655 0.311552 0.355323 
0.637951 0.298927 0.373902 
0.638247 0.286089 0.392334 
0.638544 0.273043 0.41062 
0.63884 0.259786 0.428753 
0.639136 0.246306 0.446721 
0.639432 0.232583 0.464505 
0.639728 0.218586 0.482073 
0.640024 0.204266 0.499378 
0.64032 0.189549 0.516348 
0.640616 0.174322 0.532861 
0.640912 0.158396 0.548702 
0.641208 0.141434 0.563422 
0.641504 0.122731 0.575828 
0.6418 0.1011 0.580626 
0.642096 0.0862924 0.565013 
0.642392 0.0829935 0.542822 
0.642688 0.0838228 0.52038 
0.642984 0.0866532 0.498098 
0.64328 0.090705 0.476004 
0.643576 0.095597 0.45408 
0.643872 0.101108 0.432305 
0.644168 0.107094 0.410654 
0.644464 0.113451 0.389111 
0.64476 0.120103 0.367656 
0.645056 0.126987 0.346274 
0.645352 0.13405 0.324952 
0.645648 0.141248 0.303674 
0.645944 0.148539 0.282428 
0.64624 0.155883 0.2612 
0.646536 0.163244 0.239978 
0.646832 0.170584 0.218749 
0.647128 0.177866 0.1975 
0.647425 0.18505 0.176218 
0.647721 0.192096 0.154889 
0.648017 0.19896 0.133501 
0.648313 0.205592 0.11204 
0.648609 0.21194 0.0904929 
0.648905 0.21794 0.0688464 
0.649201 0.223522 0.0470884 
0.649497 0.228603 0.0252083 
0.649793 0.233083 0.00319722 
0.650089 0.236841 -0.018948 
0.650385 0.239726 -0.0412235 
0.650681 0.241549 -0.063611 
0.650977 0.242064 -0.0860666 
0.651273 0.240953 -0.108501 
0.651569 0.237805 -0.13074 
0.651865 0.2321 -0.152465 
0.652161 0.22325 -0.17311 
0.652457 0.210751 -0.191787 
0.652753 0.194554 -0.207367 
0.653049 0.175311 -0.218977 
0.653345 0.154112 -0.226421 
0.653641 0.131955 -0.230172 
0.653937 0.109506 -0.230926 
0.654233 0.0870973 -0.229342 
0.654529 0.0648927 -0.225943 
0.654825 0.0429526 -0.221126 
0.655121 0.0212881 -0.215192 
0.655417 -0.000113083 -0.20837 
0.655713 -0.0212746 -0.200837 
0.656009 -0.0422251 -0.192736 
0.656306 -0.0629953 -0.184183 
0.656602 -0.083616 -0.175276 
0.656898 -0.104118 -0.166097 
0.657194 -0.124531 -0.156724 
0.65749 -0.144885 -0.147223 
0.657786 -0.16521 -0.137662 
0.658082 -0.185538 -0.128104 
0.658378 -0.205898 -0.118616 
0.658674 -0.226323 -0.109269 
0.65897 -0.246848 -0.100143 
0.659266 -0.267509 -0.0913312 
0.659562 -0.28835 -0.0829503 
0.659858 -0.309415 -0.0751535 
0.660154 -0.330759 -0.0681553 
0.66045 -0.352438 -0.0622811 
0.660746 -0.374498 -0.0580728 
0.661042 -0.396894 -0.0565476 
0.661338 -0.41905 -0.0598674 
0.661634 -0.437681 -0.0720024 
0.66193 -0.446218 -0.0925802 
0.662226 -0.445877 -0.114999 
0.662522 -0.440973 -0.136914 
0.662818 -0.433587 -0.158126 
0.663114 -0.424666 -0.17874 
0.66341 -0.414699 -0.19887 
0.663706 -0.403972 -0.218606 
0.664002 -0.392664 -0.238014 
0.664298 -0.380894 -0.257146 
0.664594 -0.368744 -0.276039 
0.66489 -0.356274 -0.294722 
0.665187 -0.343527 -0.313217 
0.665483 -0.330531 -0.331539 
0.665779 -0.317309 -0.349697 
0.666075 -0.303873 -0.367698 
0.666371 -0.29023 -0.385542 
0.666667 -0.276378 -0.403226 
0.666963 -0.262313 -0.42074 
0.667259 -0.248019 -0.438067 
0.667555 -0.233475 -0.455186 
0.667851 -0.218648 -0.47206 
0.668147 -0.20349 -0.488637 
0.668443 -0.187933 -0.50484 
0.668739 -0.171878 -0.520549 
0.669035 -0.155172 -0.535564 
0.669331 -0.137569 -0.549515 
0.669627 -0.118645 -0.561604 
0.669923 -0.0977025 -0.569596 
0.670219 -0.0760241 -0.565978 
0.670515 -0.0637626 -0.547474 
0.670811 -0.0598396 -0.525382 
0.671107 -0.0596941 -0.502925 
0.671403 -0.061627 -0.480547 
0.671699 -0.0648985 -0.458324 
0.671995 -0.0691173 -0.436262 
0.672291 -0.0740462 -0.414347 
0.672587 -0.079527 -0.392564 
0.672883 -0.0854465 -0.370895 
0.673179 -0.0917183 -0.349326 
0.673475 -0.0982739 -0.327842 
0.673771 -0.105056 -0.306428 
0.674067 -0.112015 -0.285071 
0.674364 -0.119107 -0.263758 
0.67466 -0.126291 -0.242475 
0.674956 -0.133529 -0.221211 
0.675252 -0.140784 -0.199953 
0.675548 -0.148019 -0.178688 
0.675844 -0.155195 -0.157403 
0.67614 -0.162275 -0.136085 
0.676436 -0.169218 -0.114723 
0.676732 -0.175979 -0.0933021 
0.677028 -0.18251 -0.0718101 
0.677324 -0.188759 -0.0502342 
0.67762 -0.194664 -0.028562 
0.677916 -0.200157 -0.00678169 
0.678212 -0.205157 0.0151169 
0.678508 -0.209568 0.0371417 
0.678804 -0.213271 0.0592962 
0.6791 -0.216123 0.0815765 
0.679396 -0.21794 0.103965 
0.679692 -0.218488 0.12642 
0.679988 -0.217461 0.148859 
0.680284 -0.214459 0.17112 
0.68058 -0.208974 0.192903 
0.680876 -0.200407 0.213671 
0.681172 -0.18821 0.232551 
0.681468 -0.172237 0.248368 
0.681764 -0.153085 0.260134 
0.68206 -0.13187 0.267574 
0.682356 -0.109692 0.271125 
0.682652 -0.0872334 0.271546 
0.682948 -0.0648618 0.269533 
0.683245 -0.0427375 0.265645 
0.683541 -0.0209203 0.260301 
0.683837 0.000583877 0.253813 
0.684133 0.0217927 0.246416 
0.684429 0.0427337 0.238291 
0.684725 0.0634383 0.22958 
0.685021 0.083939 0.2204 
0.685317 0.104268 0.210844 
0.685613 0.124456 0.200995 
0.685909 0.144533 0.190924 
0.686205 0.16453 0.180693 
0.686501 0.184476 0.170363 
0.686797 0.2044 0.15999 
0.687093 0.224331 0.149631 
0.687389 0.2443 0.139346 
0.687685 0.26434 0.129199 
0.687981 0.284486 0.119264 
0.688277 0.304776 0.109627 
0.688573 0.325257 0.100404 
0.688869 0.345984 0.0917476 
0.689165 0.367025 0.0838868 
0.689461 0.388466 0.0771959 
0.689757 0.4104 0.0723819 
0.690053 0.432793 0.0710771 
0.690349 0.453916 0.0779622 
0.690645 0.463843 0.097544 
0.690941 0.461692 0.119845 
0.691237 0.454679 0.141178 
0.691533 0.445395 0.16163 
0.691829 0.434793 0.181433 
0.692126 0.42332 0.200744 
0.692422 0.411223 0.219671 
0.692718 0.398651 0.238285 
0.693014 0.385701 0.256639 
0.69331 0.372438 0.274768 
0.693606 0.358908 0.292698 
0.693902 0.345141 0.310447 
0.694198 0.331159 0.328027 
0.694494 0.316973 0.345444 
0.69479 0.302592 0.362698 
0.695086 0.288014 0.379788 
0.695382 0.273233 0.396702 
0.695678 0.25824 0.413428 
0.695974 0.243014 0.429943 
0.69627 0.22753 0.446216 
0.696566 0.211752 0.462204 
0.696862 0.19563 0.477846 
0.697158 0.179098 0.493053 
0.697454 0.16206 0.507691 
0.69775 0.144384 0.521551 
0.698046 0.12587 0.534268 
0.698342 0.106221 0.545143 
0.698638 0.085056 0.552594 
0.698934 0.0627354 0.552572 
0.69923 0.0445683 0.539872 
0.699526 0.035192 0.519519 
0.699822 0.0314733 0.497384 
0.700118 0.0308869 0.474934 
0.700414 0.0322572 0.452515 
0.70071 0.0349748 0.430218 
0.701007 0.0386832 0.408064 
0.701303 0.0431529 0.386051 
0.701599 0.048225 0.364169 
0.701895 0.0537826 0.342406 
0.702191 0.0597359 0.320747 
0.702487 0.0660124 0.299179 
0.702783 0.0725518 0.27769 
0.703079 0.0793022 0.256266 
0.703375 0.0862173 0.234894 
0.703671 0.0932551 0.213563 
0.703967 0.100376 0.19226 
0.704263 0.107543 0.170971 
0.704559 0.114719 0.149686 
0.704855 0.121866 0.128392 
0.705151 0.128948 0.107075 
0.705447 0.135926 0.085724 
0.705743 0.142759 0.064326 
0.706039 0.149402 0.0428684 
0.706335 0.155807 0.0213387 
0.706631 0.161922 -0.000275311 
0.706927 0.167685 -0.0219855 
0.707223 0.173028 -0.043803 
0.707519 0.17787 -0.0657373 
0.707815 0.182112 -0.0877953 
0.708111 0.185638 -0.109979 
0.708407 0.188301 -0.132283 
0.708703 0.189915 -0.154688 
0.708999 0.190241 -0.177148 
0.709295 0.188963 -0.199575 
0.709591 0.185667 -0.221796 
0.709888 0.179816 -0.243487 
0.710184 0.170777 -0.264056 
0.71048 0.157974 -0.282532 
0.710776 0.141331 -0.297642 
0.711072 0.121568 -0.308372 
0.711368 0.0999733 -0.314549 
0.711664 0.0776266 -0.316804 
0.71196 0.055182 -0.315968 
0.712256 0.0329498 -0.312772 
0.712552 0.0110513 -0.307777 
0.712848 -0.0104832 -0.301393 
0.713144 -0.0316648 -0.293919 
0.71344 -0.0525218 -0.285581 
0.713736 -0.0730882 -0.276549 
0.714032 -0.0933996 -0.266957 
0.714328 -0.113491 -0.256912 
0.714624 -0.133396 -0.246503 
0.71492 -0.153146 -0.235802 
0.715216 -0.172771 -0.224875 
0.715512 -0.192301 -0.213778 
0.715808 -0.211763 -0.202563 
0.716104 -0.231184 -0.191278 
0.7164 -0.250594 -0.179972 
0.716696 -0.270018 -0.168692 
0.716992 -0.289489 -0.157491 
0.717288 -0.309036 -0.146424 
0.717584 -0.328696 -0.135561 
0.71788 -0.348512 -0.124983 
0.718176 -0.368536 -0.114806 
0.718472 -0.388838 -0.105194 
0.718769 -0.409516 -0.096424 
0.719065 -0.430722 -0.0890274 
0.719361 -0.452675 -0.0843717 
0.719657 -0.474336 -0.0884078 
0.719953 -0.479016 -0.109427 
0.720249 -0.471634 -0.130604 
0.720545 -0.461102 -0.150442 
0.720841 -0.44916 -0.169466 
0.721137 -0.436389 -0.187944 
0.721433 -0.42306 -0.206025 
0.721729 -0.409325 -0.223798 
0.722025 -0.395272 -0.241321 
0.722321 -0.380958 -0.258633 
0.722617 -0.366423 -0.275758 
0.722913 -0.351689 -0.292713 
0.723209 -0.336773 -0.309508 
0.723505 -0.321682 -0.326146 
0.723801 -0.306418 -0.342625 
0.724097 -0.290979 -0.35894 
0.724393 -0.275355 -0.375079 
0.724689 -0.259535 -0.391025 
0.724985 -0.243499 -0.406755 
0.725281 -0.227223 -0.422236 
0.725577 -0.210674 -0.437425 
0.725873 -0.193812 -0.452266 
0.726169 -0.176581 -0.466676 
0.726465 -0.15891 -0.480544 
0.726761 -0.140706 -0.493703 
0.727057 -0.12184 -0.505894 
0.727353 -0.102143 -0.516688 
0.727649 -0.0814061 -0.525308 
0.727946 -0.0595074 -0.530196 
0.728242 -0.0372154 -0.528279 
0.728538 -0.0183056 -0.516463 
0.728834 -0.00641026 -0.497478 
0.72913 -0.000247726 -0.475902 
0.729426 0.00230885 -0.453598 
0.729722 0.00251573 -0.431141 
0.730018 0.00108244 -0.408727 
0.730314 -0.00156225 -0.386423 
0.73061 -0.00513947 -0.364248 
0.730906 -0.00945596 -0.342205 
0.731202 -0.0143705 -0.320288 
0.731498 -0.0197752 -0.298485 
0.731794 -0.0255844 -0.276788 
0.73209 -0.0317278 -0.255182 
0.732386 -0.038146 -0.233656 
0.732682 -0.0447871 -0.212198 
0.732978 -0.051605 -0.190795 
0.733274 -0.0585574 -0.169436 
0.73357 -0.0656048 -0.148108 
0.733866 -0.0727094 -0.126799 
0.734162 -0.0798346 -0.105497 
0.734458 -0.0869438 -0.0841894 
0.734754 -0.0940002 -0.0628643 
0.73505 -0.100966 -0.0415094 
0.735346 -0.107801 -0.0201123 
0.735642 -0.114464 0.00133915 
0.735938 -0.120908 0.0228573 
0.736234 -0.127083 0.044454 
0.73653 -0.132933 0.0661412 
0.736827 -0.138394 0.0879297 
0.737123 -0.14339 0.109829 
0.737419 -0.147832 0.131848 
0.737715 -0.151614 0.15399 
0.738011 -0.154603 0.176253 
0.738307 -0.15663 0.198624 
0.738603 -0.15748 0.221071 
0.738899 -0.156865 0.243526 
0.739195 -0.154402 0.265854 
0.739491 -0.149578 0.287794 
0.739787 -0.141736 0.308846 
0.740083 -0.130169 0.328113 
0.740379 -0.114507 0.344231 
0.740675 -0.0952588 0.355856 
0.740971 -0.0738042 0.362484 
0.741267 -0.0514598 0.364723 
0.741563 -0.0290336 0.363535 
0.741859 -0.00688969 0.359786 
0.742155 0.0148441 0.354123 
0.742451 0.0361476 0.347006 
0.742747 0.0570425 0.338764 
0.743043 0.0775663 0.329636 
0.743339 0.0977608 0.319801 
0.743635 0.117667 0.309394 
0.743931 0.137323 0.298522 
0.744227 0.156766 0.287273 
0.744523 0.176027 0.275716 
0.744819 0.195138 0.263912 
0.745115 0.214126 0.251912 
0.745411 0.233019 0.239762 
0.745708 0.251841 0.227503 
0.746004 0.270618 0.215175 
0.7463 0.289373 0.202814 
0.746596 0.308132 0.190458 
0.746892 0.32692 0.178147 
0.747188 0.345765 0.165924 
0.747484 0.3647 0.15384 
0.74778 0.383764 0.14196 
0.748076 0.403007 0.130373 
0.748372 0.422503 0.119218 
0.748668 0.442375 0.108745 
0.748964 0.462864 0.099557 
0.74926 0.484676 0.0943316 
0.749556 0.489156 0.112142 
0.749852 0.477748 0.131431 
0.750148 0.464363 0.149454 
0.750444 0.450153 0.166854 
0.75074 0.435476 0.183857 
0.751036 0.420482 0.200582 
0.751332 0.405251 0.217092 
0.751628 0.389831 0.233425 
0.751924 0.374249 0.249604 
0.75222 0.358522 0.265642 
0.752516 0.342657 0.281544 
0.752812 0.326659 0.297311 
0.753108 0.310523 0.312938 
0.753404 0.294245 0.328416 
0.7537 0.277814 0.343732 
0.753996 0.261215 0.358866 
0.754292 0.244432 0.373795 
0.754589 0.22744 0.388488 
0.754885 0.210213 0.402903 
0.755181 0.192716 0.416989 
0.755477 0.174907 0.430678 
0.755773 0.156732 0.443879 
0.756069 0.138127 0.456465 
0.756365 0.119009 0.468259 
0.756661 0.0992785 0.478994 
0.756957 0.0788147 0.488252 
0.757253 0.0575052 0.49534 
0.757549 0.035366 0.499044 
0.757845 0.0130197 0.497323 
0.758141 -0.00728689 0.487952 
0.758437 -0.0224521 0.471491 
0.758733 -0.0319746 0.451159 
0.759029 -0.0372473 0.429334 
0.759325 -0.0395947 0.406997 
0.759621 -0.0398702 0.384537 
0.759917 -0.0386149 0.36211 
0.760213 -0.0361853 0.339779 
0.760509 -0.0328283 0.317569 
0.760805 -0.0287226 0.295486 
0.761101 -0.024003 0.273525 
0.761397 -0.018775 0.25168 
0.761693 -0.0131238 0.22994 
0.761989 -0.00712011 0.208295 
0.762285 -0.000824132 0.186733 
0.762581 0.00571141 0.165243 
0.762877 0.0124394 0.143812 
0.763173 0.0193169 0.122428 
0.76347 0.0263039 0.10108 
0.763766 0.0333622 0.0797559 
0.764062 0.040455 0.058443 
0.764358 0.0475461 0.0371294 
0.764654 0.054599 0.0158032 
0.76495 0.0615766 -0.0055478 
0.765246 0.0684406 -0.0269356 
0.765542 0.0751502 -0.0483724 
0.765838 0.0816619 -0.0698701 
0.766134 0.0879283 -0.0914408 
0.76643 0.0938961 -0.113096 
0.766726 0.0995054 -0.134847 
0.767022 0.104687 -0.156703 
0.767318 0.10936 -0.178675 
0.767614 0.113424 -0.200766 
0.76791 0.116759 -0.22298 
0.768206 0.119212 -0.245308 
0.768502 0.120583 -0.267729 
0.768798 0.120606 -0.290192 
0.769094 0.118921 -0.312591 
0.76939 0.115025 -0.334712 
0.769686 0.108233 -0.356124 
0.769982 0.0977077 -0.375972 
0.770278 0.0827895 -0.392771 
0.770574 0.0637986 -0.404797 
0.77087 0.0422918 -0.411213 
0.771166 0.0198931 -0.412721 
0.771462 -0.00245244 -0.410521 
0.771758 -0.0243739 -0.405648 
0.772054 -0.0457759 -0.398836 
0.772351 -0.0666662 -0.390583 
0.772647 -0.0870891 -0.381232 
0.772943 -0.107098 -0.371024 
0.773239 -0.126745 -0.360135 
0.773535 -0.146077 -0.348697 
0.773831 -0.165138 -0.336813 
0.774127 -0.183965 -0.324561 
0.774423 -0.202592 -0.312007 
0.774719 -0.221049 -0.299204 
0.775015 -0.239362 -0.286197 
0.775311 -0.257556 -0.273024 
0.775607 -0.275654 -0.259719 
0.775903 -0.293676 -0.246312 
0.776199 -0.311642 -0.23283 
0.776495 -0.329571 -0.219298 
0.776791 -0.347481 -0.205741 
0.777087 -0.36539 -0.192183 
0.777383 -0.383318 -0.178651 
0.777679 -0.401287 -0.165172 
0.777975 -0.419323 -0.151784 
0.778271 -0.437462 -0.138534 
0.778567 -0.455762 -0.125505 
0.778863 -0.474327 -0.112923 
0.779159 -0.493719 -0.101405 
0.779455 -0.489128 -0.114587 
0.779751 -0.473318 -0.130659 
0.780047 -0.457207 -0.146274 
0.780343 -0.440851 -0.161671 
0.780639 -0.424369 -0.176932 
0.780935 -0.407794 -0.192092 
0.781231 -0.391142 -0.207167 
0.781528 -0.374419 -0.222163 
0.781824 -0.357625 -0.23708 
0.78212 -0.340756 -0.251913 
0.782416 -0.323807 -0.266654 
0.782712 -0.306768 -0.28129 
0.783008 -0.289627 -0.295807 
0.783304 -0.272369 -0.310185 
0.7836 -0.254979 -0.324402 
0.783896 -0.237436 -0.338431 
0.784192 -0.219718 -0.352238 
0.784488 -0.201798 -0.365782 
0.784784 -0.183644 -0.379011 
0.78508 -0.165221 -0.391863 
0.785376 -0.146485 -0.404255 
0.785672 -0.127386 -0.416079 
0.785968 -0.107864 -0.42719 
0.786264 -0.0878492 -0.437386 
0.78656 -0.0672639 -0.446373 
0.786856 -0.0460363 -0.453712 
0.787152 -0.0241441 -0.458713 
0.787448 -0.00175377 -0.460291 
0.787744 0.0204062 -0.45689 
0.78804 0.0405502 -0.447097 
0.788336 0.0564539 -0.431288 
0.788632 0.067397 -0.411666 
0.788928 0.0741723 -0.390232 
0.789224 0.0778515 -0.368077 
0.78952 0.0792612 -0.345656 
0.789816 0.0789582 -0.323195 
0.790112 0.0773304 -0.300791 
0.790409 0.0746503 -0.278488 
0.790705 0.0711182 -0.256305 
0.791001 0.066886 -0.234245 
0.791297 0.0620724 -0.212304 
0.791593 0.0567728 -0.190476 
0.791889 0.0510663 -0.168751 
0.792185 0.0450195 -0.147118 
0.792481 0.0386905 -0.125565 
0.792777 0.0321301 -0.104083 
0.793073 0.0253846 -0.082657 
0.793369 0.0184962 -0.0612771 
0.793665 0.0115047 -0.0399306 
0.793961 0.00444784 -0.0186057 
0.794257 -0.00263772 0.00270967 
0.794553 -0.00971576 0.0240276 
0.794849 -0.01675 0.04536 
0.795145 -0.0237033 0.0667189 
0.795441 -0.0305372 0.0881163 
0.795737 -0.037211 0.109564 
0.796033 -0.0436809 0.131075 
0.796329 -0.049899 0.152659 
0.796625 -0.0558116 0.174329 
0.796921 -0.0613575 0.196096 
0.797217 -0.0664655 0.21797 
0.797513 -0.0710504 0.239959 
0.797809 -0.0750082 0.26207 
0.798105 -0.0782085 0.284303 
0.798401 -0.0804825 0.30665 
0.798697 -0.0816049 0.329084 
0.798993 -0.0812649 0.351543 
0.79929 -0.0790188 0.373891 
0.799586 -0.0742207 0.395832 
0.799882 -0.0659535 0.416712 
0.800178 -0.0531387 0.435152 
0.800474 -0.0353932 0.448933 
0.80077 -0.0142134 0.456283 
0.801066 0.00817476 0.457707 
0.801362 0.0304345 0.454795 
0.801658 0.0521102 0.448923 
0.801954 0.0731282 0.441003 
0.80225 0.093534 0.431615 
0.802546 0.113402 0.421135 
0.802842 0.132805 0.409819 
0.803138 0.15181 0.397845 
0.803434 0.170473 0.385343 
0.80373 0.18884 0.372412 
0.804026 0.206952 0.359127 
0.804322 0.224845 0.345546 
0.804618 0.242546 0.331718 
0.804914 0.260081 0.31768 
0.80521 0.277473 0.303464 
0.805506 0.294739 0.289097 
0.805802 0.311897 0.2746 
0.806098 0.32896 0.259991 
0.806394 0.345939 0.245285 
0.80669 0.362843 0.230493 
0.806986 0.379679 0.215623 
0.807282 0.396449 0.20068 
0.807578 0.413154 0.185663 
0.807874 0.429785 0.170566 
0.808171 0.446329 0.155368 
0.808467 0.462735 0.140037 
0.808763 0.478897 0.124474 
0.809059 0.494232 0.108412 
0.809355 0.486857 0.106061 
0.809651 0.468001 0.118298 
0.809947 0.449647 0.13125 
0.810243 0.431519 0.144513 
0.810539 0.413507 0.157934 
0.810835 0.395574 0.171461 
0.811131 0.377691 0.185053 
0.811427 0.359835 0.19868 
0.811723 0.341986 0.212318 
0.812019 0.324127 0.225941 
0.812315 0.306238 0.239526 
0.812611 0.288303 0.253049 
0.812907 0.270303 0.266486 
0.813203 0.252218 0.279808 
0.813499 0.234027 0.292986 
0.813795 0.215707 0.305983 
0.814091 0.197232 0.31876 
0.814387 0.178576 0.33127 
0.814683 0.159706 0.343456 
0.814979 0.140587 0.355248 
0.815275 0.12118 0.36656 
0.815571 0.101441 0.37728 
0.815867 0.0813178 0.387262 
0.816163 0.060758 0.396309 
0.816459 0.0397079 0.404147 
0.816755 0.01813 0.41038 
0.817052 -0.00395846 0.41443 
0.817348 -0.0263834 0.415447 
0.817644 -0.0485956 0.412282 
0.81794 -0.0693582 0.403797 
0.818236 -0.0869022 0.389809 
0.818532 -0.100093 0.371623 
0.818828 -0.109067 0.351001 
0.819124 -0.114619 0.329236 
0.81942 -0.117565 0.306965 
0.819716 -0.118515 0.284522 
0.820012 -0.117912 0.262067 
0.820308 -0.116079 0.239679 
0.820604 -0.113249 0.217395 
0.8209 -0.109603 0.19523 
0.821196 -0.10528 0.173187 
0.821492 -0.100392 0.151263 
0.821788 -0.0950291 0.12945 
0.822084 -0.089268 0.107739 
0.82238 -0.0831737 0.086119 
0.822676 -0.0768034 0.0645789 
0.822972 -0.0702073 0.0431069 
0.823268 -0.0634314 0.0216909 
0.823564 -0.056518 0.000319082 
0.82386 -0.0495065 -0.0210208 
0.824156 -0.0424349 -0.0423408 
0.824452 -0.0353398 -0.0636531 
0.824748 -0.0282576 -0.0849696 
0.825044 -0.0212246 -0.106302 
0.82534 -0.014278 -0.127663 
0.825636 -0.00745675 -0.149065 
0.825933 -0.00080182 -0.170519 
0.826229 0.00564232 -0.192037 
0.826525 0.0118266 -0.213631 
0.826821 0.0176955 -0.235313 
0.827117 0.0231853 -0.257094 
0.827413 0.0282202 -0.278984 
0.827709 0.0327081 -0.300993 
0.828005 0.0365337 -0.323127 
0.828301 0.0395479 -0.345386 
0.828597 0.0415504 -0.367758 
0.828893 0.0422606 -0.390208 
0.829189 0.0412671 -0.412646 
0.829485 0.0379372 -0.434854 
0.829781 0.0312712 -0.456291 
0.830077 0.0198324 -0.475591 
0.830373 0.00259237 -0.48992 
0.830669 -0.0187767 -0.496546 
0.830965 -0.0411994 -0.496232 
0.831261 -0.0631045 -0.491308 
0.831557 -0.0841589 -0.48349 
0.831853 -0.104409 -0.473772 
0.832149 -0.123973 -0.462735 
0.832445 -0.142961 -0.450735 
0.832741 -0.161468 -0.438004 
0.833037 -0.179568 -0.424702 
0.833333 -0.197322 -0.410941 
0.833629 -0.21478 -0.396806 
0.833925 -0.231979 -0.382358 
0.834221 -0.248954 -0.367647 
0.834517 -0.265729 -0.352709 
0.834813 -0.282327 -0.337573 
0.83511 -0.298764 -0.322264 
0.835406 -0.315053 -0.306797 
0.835702 -0.331203 -0.291185 
0.835998 -0.347221 -0.275438 
0.836294 -0.363107 -0.259557 
0.83659 -0.378858 -0.243542 
0.836886 -0.394463 -0.227387 
0.837182 -0.409906 -0.211075 
0.837478 -0.425154 -0.194581 
0.837774 -0.440156 -0.177862 
0.83807 -0.454815 -0.160843 
0.838366 -0.468949 -0.143385 
0.838662 -0.482104 -0.125178 
0.838958 -0.492285 -0.105211 
0.839254 -0.477513 -0.0958089 
0.83955 -0.456465 -0.103458 
0.839846 -0.43634 -0.113397 
0.840142 -0.416695 -0.124291 
0.840438 -0.397367 -0.135736 
0.840734 -0.378257 -0.14754 
0.84103 -0.359301 -0.159591 
0.841326 -0.340455 -0.171813 
0.841622 -0.321683 -0.184149 
0.841918 -0.302955 -0.196551 
0.842214 -0.284245 -0.20898 
0.84251 -0.265528 -0.221398 
0.842806 -0.246778 -0.233769 
0.843102 -0.227974 -0.246054 
0.843398 -0.209088 -0.258215 
0.843694 -0.190096 -0.27021 
0.843991 -0.170972 -0.281991 
0.844287 -0.151684 -0.293505 
0.844583 -0.132204 -0.30469 
0.844879 -0.112496 -0.315468 
0.845175 -0.0925241 -0.325748 
0.845471 -0.072248 -0.335415 
0.845767 -0.0516257 -0.34432 
0.846063 -0.0306156 -0.352264 
0.846359 -0.00918268 -0.358983 
0.846655 0.0126849 -0.364106 
0.846951 0.0349387 -0.367111 
0.847247 0.0573907 -0.367272 
0.847543 0.079545 -0.363653 
0.847839 0.100393 -0.355339 
0.848135 0.118493 -0.342054 
0.848431 0.132708 -0.32465 
0.848727 0.142883 -0.304607 
0.849023 0.14956 -0.283147 
0.849319 0.153464 -0.261024 
0.849615 0.155206 -0.238626 
0.849911 0.155251 -0.21616 
0.850207 0.153946 -0.193734 
0.850503 0.151548 -0.171399 
0.850799 0.148255 -0.149178 
0.851095 0.14422 -0.127081 
0.851391 0.139567 -0.105105 
0.851687 0.134395 -0.083246 
0.851983 0.128787 -0.0614948 
0.852279 0.122814 -0.039841 
0.852575 0.116538 -0.0182734 
0.852872 0.110011 0.00321995 
0.853168 0.103284 0.0246511 
0.853464 0.096399 0.0460322 
0.85376 0.0893984 0.0673757 
0.854056 0.082321 0.0886938 
0.854352 0.0752041 0.109999 
0.854648 0.0680844 0.131303 
0.854944 0.0609984 0.152618 
0.85524 0.0539831 0.173957 
0.855536 0.0470765 0.195331 
0.855832 0.0403194 0.216753 
0.856128 0.0337549 0.238234 
0.856424 0.0274311 0.259788 
0.85672 0.021402 0.281426 
0.857016 0.0157305 0.30316 
0.857312 0.0104913 0.325003 
0.857608 0.0057764 0.346964 
0.857904 0.00170319 0.369054 
0.8582 -0.00157298 0.391275 
0.858496 -0.00383641 0.413621 
0.858792 -0.0047707 0.43606 
0.859088 -0.00388012 0.458499 
0.859384 -0.000329201 0.480663 
0.85968 0.00735876 0.501722 
0.859976 0.0213898 0.519131 
0.860272 0.0418244 0.528087 
0.860568 0.0642293 0.527775 
0.860864 0.0858485 0.521732 
0.86116 0.106326 0.512507 
0.861456 0.125831 0.501367 
0.861753 0.144559 0.488965 
0.862049 0.162666 0.475672 
0.862345 0.180268 0.461717 
0.862641 0.197451 0.447249 
0.862937 0.214281 0.432373 
0.863233 0.23081 0.417162 
0.863529 0.247076 0.401671 
0.863825 0.263109 0.385939 
0.864121 0.278933 0.369996 
0.864417 0.294564 0.353865 
0.864713 0.310016 0.337562 
0.865009 0.325294 0.321096 
0.865305 0.340402 0.304473 
0.865601 0.355335 0.287693 
0.865897 0.370086 0.270752 
0.866193 0.384636 0.25364 
0.866489 0.398961 0.236338 
0.866785 0.413019 0.218818 
0.867081 0.426747 0.201039 
0.867377 0.440046 0.182937 
0.867673 0.452746 0.16441 
0.867969 0.464529 0.145288 
0.868265 0.474662 0.125246 
0.868561 0.48063 0.103659 
0.868857 0.469692 0.0860137 
0.869153 0.44733 0.086128 
0.869449 0.425665 0.0920289 
0.869745 0.404687 0.100056 
0.870041 0.384185 0.109231 
0.870337 0.364022 0.119132 
0.870634 0.344112 0.12953 
0.87093 0.32439 0.140282 
0.871226 0.304808 0.151286 
0.871522 0.285326 0.162466 
0.871818 0.26591 0.17376 
0.872114 0.246528 0.185114 
0.87241 0.227152 0.196477 
0.872706 0.207754 0.207803 
0.873002 0.188307 0.219044 
0.873298 0.168783 0.230151 
0.873594 0.149154 0.241072 
0.87389 0.129391 0.251749 
0.874186 0.109463 0.262114 
0.874482 0.0893378 0.272092 
0.874778 0.0689813 0.281588 
0.875074 0.0483582 0.290491 
0.87537 0.0274327 0.298657 
0.875666 0.0061713 0.305903 
0.875962 -0.0154505 0.311984 
0.876258 -0.0374361 0.316572 
0.876554 -0.0597377 0.31922 
0.87685 -0.0821942 0.319317 
0.877146 -0.104414 0.316083 
0.877442 -0.125617 0.308698 
0.877738 -0.144606 0.29671 
0.878034 -0.160197 0.280533 
0.87833 -0.1719 0.261338 
0.878626 -0.179973 0.240347 
0.878922 -0.185031 0.218457 
0.879218 -0.1877 0.196151 
0.879515 -0.188482 0.173698 
0.879811 -0.187759 0.151245 
0.880107 -0.185824 0.128865 
0.880403 -0.182899 0.106593 
0.880699 -0.179158 0.0844439 
0.880995 -0.174736 0.0624208 
0.881291 -0.169745 0.0405196 
0.881587 -0.164278 0.0187326 
0.881883 -0.158412 -0.0029501 
0.882179 -0.152212 -0.0245399 
0.882475 -0.145738 -0.0460489 
0.882771 -0.13904 -0.0674894 
0.883067 -0.132166 -0.088874 
0.883363 -0.125158 -0.110215 
0.883659 -0.118057 -0.131526 
0.883955 -0.110902 -0.152818 
0.884251 -0.103729 -0.174104 
0.884547 -0.0965749 -0.195396 
0.884843 -0.0894771 -0.216708 
0.885139 -0.0824735 -0.23805 
0.885435 -0.0756041 -0.259436 
0.885731 -0.0689119 -0.280878 
0.886027 -0.0624442 -0.302389 
0.886323 -0.0562551 -0.323982 
0.886619 -0.0504074 -0.34567 
0.886915 -0.0449774 -0.367466 
0.887211 -0.0400607 -0.389383 
0.887507 -0.0357824 -0.411434 
0.887803 -0.0323148 -0.433627 
0.888099 -0.0299102 -0.455959 
0.888396 -0.0289666 -0.478399 
0.888692 -0.030181 -0.500821 
0.888988 -0.0349241 -0.522751 
0.889284 -0.0460552 -0.542141 
0.88958 -0.0657901 -0.552303 
0.889876 -0.0880933 -0.550438 
0.890172 -0.108988 -0.542235 
0.890468 -0.128451 -0.531026 
0.890764 -0.14685 -0.518141 
0.89106 -0.164456 -0.504191 
0.891356 -0.181452 -0.489504 
0.891652 -0.197962 -0.474274 
0.891948 -0.214075 -0.458623 
0.892244 -0.229854 -0.442636 
0.89254 -0.245346 -0.426371 
0.892836 -0.260585 -0.409868 
0.893132 -0.275595 -0.393157 
0.893428 -0.290395 -0.37626 
0.893724 -0.304995 -0.359189 
0.89402 -0.319399 -0.341953 
0.894316 -0.333608 -0.324556 
0.894612 -0.347614 -0.306994 
0.894908 -0.361403 -0.289263 
0.895204 -0.374954 -0.271348 
0.8955 -0.388234 -0.253232 
0.895796 -0.401196 -0.234886 
0.896092 -0.413772 -0.216274 
0.896388 -0.425857 -0.197339 
0.896684 -0.437292 -0.178006 
0.89698 -0.447809 -0.158158 
0.897276 -0.456905 -0.137623 
0.897573 -0.463464 -0.116153 
0.897869 -0.464253 -0.093808 
0.898165 -0.451355 -0.0761543 
0.898461 -0.42949 -0.0717324 
0.898757 -0.407175 -0.0741415 
0.899053 -0.38538 -0.0795586 
0.899349 -0.364065 -0.0866402 
0.899645 -0.34313 -0.0947814 
0.899941 -0.322494 -0.103651 
0.900237 -0.302089 -0.113044 
0.900533 -0.281864 -0.122816 
0.900829 -0.261774 -0.132864 
0.901125 -0.241782 -0.143103 
0.901421 -0.221851 -0.153463 
0.901717 -0.201951 -0.163881 
0.902013 -0.182052 -0.174301 
0.902309 -0.162124 -0.184665 
0.902605 -0.142137 -0.194917 
0.902901 -0.122064 -0.204997 
0.903197 -0.101873 -0.214841 
0.903493 -0.0815344 -0.224376 
0.903789 -0.0610165 -0.233518 
0.904085 -0.0402874 -0.24217 
0.904381 -0.0193141 -0.250213 
0.904677 0.00193437 -0.257496 
0.904973 0.0234837 -0.263831 
0.905269 0.0453487 -0.268969 
0.905565 0.0675166 -0.272581 
0.905861 0.089916 -0.274223 
0.906157 0.112356 -0.273308 
0.906454 0.134417 -0.269113 
0.90675 0.155323 -0.260915 
0.907046 0.173951 -0.248364 
0.907342 0.189234 -0.231894 
0.907638 0.200733 -0.212575 
0.907934 0.208683 -0.191536 
0.90823 0.213658 -0.169626 
0.908526 0.216253 -0.147312 
0.908822 0.216959 -0.124859 
0.909118 0.216154 -0.10241 
0.909414 0.21413 -0.0800376 
0.90971 0.21111 -0.0577786 
0.910006 0.207269 -0.0356469 
0.910302 0.202745 -0.0136447 
0.910598 0.197651 0.00823253 
0.910894 0.192081 0.0299931 
0.91119 0.186112 0.0516478 
0.911486 0.179812 0.0732086 
0.911782 0.17324 0.094688 
0.912078 0.166447 0.116099 
0.912374 0.159482 0.137454 
0.91267 0.152386 0.158766 
0.912966 0.145201 0.180048 
0.913262 0.137966 0.201313 
0.913558 0.130716 0.222573 
0.913854 0.123491 0.243841 
0.91415 0.116326 0.26513 
0.914446 0.109261 0.286452 
0.914742 0.102336 0.307821 
0.915038 0.0955966 0.329248 
0.915335 0.0890933 0.350749 
0.915631 0.0828847 0.372336 
0.915927 0.0770416 0.394025 
0.916223 0.0716535 0.415831 
0.916519 0.066839 0.437771 
0.916815 0.0627643 0.459861 
0.917111 0.0596815 0.482109 
0.917407 0.0580101 0.504507 
0.917703 0.058555 0.526957 
0.917999 0.0632006 0.548898 
0.918295 0.0768177 0.566377 
0.918591 0.0988434 0.568394 
0.918887 0.119618 0.559911 
0.919183 0.138459 0.547689 
0.919479 0.156033 0.533701 
0.919775 0.172737 0.518683 
0.920071 0.188805 0.502986 
0.920367 0.204383 0.486803 
0.920663 0.219568 0.470251 
0.920959 0.234426 0.453405 
0.921255 0.249003 0.436314 
0.921551 0.263331 0.419015 
0.921847 0.277432 0.40153 
0.922143 0.291319 0.383875 
0.922439 0.304999 0.366059 
0.922735 0.318473 0.348086 
0.923031 0.331732 0.329954 
0.923327 0.344764 0.311659 
0.923623 0.357549 0.293189 
0.923919 0.370054 0.27453 
0.924216 0.382239 0.255659 
0.924512 0.394042 0.236547 
0.924808 0.405379 0.217155 
0.925104 0.416129 0.197432 
0.9254 0.426107 0.177307 
0.925696 0.435018 0.156689 
0.925992 0.442349 0.135459 
0.926288 0.447092 0.113514 
0.926584 0.446985 0.0911014 
0.92688 0.437485 0.0709954 
0.927176 0.41812 0.0599281 
0.927472 0.395849 0.0573942 
0.927768 0.373485 0.0593894 
0.928064 0.351485 0.0639077 
0.92836 0.329868 0.0700053 
0.928656 0.308581 0.0771747 
0.928952 0.287566 0.0851082 
0.929248 0.266772 0.0936011 
0.929544 0.24615 0.102506 
0.92984 0.225661 0.111712 
0.930136 0.205267 0.121126 
0.930432 0.184933 0.130671 
0.930728 0.164629 0.140277 
0.931024 0.144322 0.149879 
0.93132 0.123983 0.159412 
0.931616 0.103582 0.168811 
0.931912 0.0830879 0.178007 
0.932208 0.0624713 0.186924 
0.932504 0.0417012 0.195479 
0.9328 0.020747 0.203571 
0.933097 -0.000421615 0.211083 
0.933393 -0.0218334 0.217871 
0.933689 -0.0435111 0.223753 
0.933985 -0.0654664 0.228494 
0.934281 -0.0876846 0.231788 
0.934577 -0.110099 0.233225 
0.934873 -0.132538 0.232271 
0.935169 -0.154636 0.228261 
0.935465 -0.17571 0.2205 
0.935761 -0.194738 0.208562 
0.936057 -0.210639 0.192686 
0.936353 -0.222826 0.173801 
0.936649 -0.231404 0.153024 
0.936945 -0.236876 0.131235 
0.937241 -0.23984 0.108967 
0.937537 -0.240805 0.0865242 
0.937833 -0.240177 0.0640703 
0.938129 -0.238264 0.0416889 
0.938425 -0.235307 0.0194218 
0.938721 -0.231491 -0.00271382 
0.939017 -0.226965 -0.0247152 
0.939313 -0.221847 -0.0465864 
0.939609 -0.216235 -0.0683364 
0.939905 -0.210211 -0.0899761 
0.940201 -0.203847 -0.111518 
0.940497 -0.197201 -0.132975 
0.940793 -0.190328 -0.15436 
0.941089 -0.183276 -0.175686 
0.941385 -0.176089 -0.196968 
0.941681 -0.168808 -0.218217 
0.941978 -0.161472 -0.239448 
0.942274 -0.154118 -0.260672 
0.94257 -0.146784 -0.281903 
0.942866 -0.139507 -0.303154 
0.943162 -0.132325 -0.324437 
0.943458 -0.125281 -0.345766 
0.943754 -0.11842 -0.367155 
0.94405 -0.111796 -0.388618 
0.944346 -0.10547 -0.410172 
0.944642 -0.0995226 -0.431832 
0.944938 -0.0940564 -0.453619 
0.945234 -0.0892184 -0.475554 
0.94553 -0.085233 -0.497659 
0.945826 -0.0824866 -0.519952 
0.946122 -0.0817666 -0.542398 
0.946418 -0.0852208 -0.564555 
0.946714 -0.100175 -0.580093 
0.94701 -0.121899 -0.575433 
0.947306 -0.14069 -0.563159 
0.947602 -0.157731 -0.548525 
0.947898 -0.17373 -0.532758 
0.948194 -0.189024 -0.516307 
0.94849 -0.203804 -0.499393 
0.948786 -0.218184 -0.482137 
0.949082 -0.232239 -0.464614 
0.949378 -0.246017 -0.446874 
0.949674 -0.25955 -0.428946 
0.94997 -0.27286 -0.410852 
0.950266 -0.285958 -0.392603 
0.950562 -0.298848 -0.374207 
0.950858 -0.311526 -0.355664 
0.951155 -0.323982 -0.336973 
0.951451 -0.336202 -0.318124 
0.951747 -0.348158 -0.299108 
0.952043 -0.359816 -0.279908 
0.952339 -0.371131 -0.260503 
0.952635 -0.382037 -0.240866 
0.952931 -0.392449 -0.220962 
0.953227 -0.402245 -0.200747 
0.953523 -0.411247 -0.180167 
0.953819 -0.419188 -0.159156 
0.954115 -0.425637 -0.137641 
0.954411 -0.429844 -0.115582 
0.954707 -0.430394 -0.093146 
0.955003 -0.424674 -0.0715052 
0.955299 -0.410198 -0.0545162 
0.955595 -0.389661 -0.0455838 
0.955891 -0.367375 -0.0430066 
0.956187 -0.344955 -0.0442558 
0.956483 -0.32279 -0.0478763 
0.956779 -0.300939 -0.0530747 
0.957075 -0.279381 -0.0593813 
0.957371 -0.258075 -0.0664945 
0.957667 -0.236978 -0.0742062 
0.957963 -0.216049 -0.0823626 
0.958259 -0.19525 -0.0908439 
0.958555 -0.174544 -0.0995518 
0.958851 -0.153899 -0.108401 
0.959147 -0.133281 -0.117316 
0.959443 -0.11266 -0.126223 
0.959739 -0.092006 -0.135052 
0.960036 -0.0712877 -0.14373 
0.960332 -0.0504752 -0.15218 
0.960628 -0.0295381 -0.160317 
0.960924 -0.00844673 -0.168044 
0.96122 0.0128283 -0.175249 
0.961516 0.0343148 -0.181797 
0.961812 0.0560354 -0.18752 
0.962108 0.0780031 -0.192205 
0.962404 0.10021 -0.195577 
0.9627 0.122607 -0.197274 
0.962996 0.145063 -0.19682 
0.963292 0.167293 -0.193613 
0.963588 0.188747 -0.186973 
0.963884 0.208533 -0.176349 
0.96418 0.225561 -0.1617 
0.964476 0.239019 -0.143705 
0.964772 0.248762 -0.123452 
0.965068 0.255175 -0.101921 
0.965364 0.25885 -0.0797609 
0.96566 0.260338 -0.0573479 
0.965956 0.260085 -0.0348874 
0.966252 0.258438 -0.012486 
0.966548 0.255664 0.00980363 
0.966844 0.251968 0.0319593 
0.96714 0.247513 0.0539751 
0.967436 0.242428 0.0758543 
0.967732 0.236819 0.0976052 
0.968028 0.230775 0.119239 
0.968324 0.224369 0.140769 
0.96862 0.217666 0.162208 
0.968917 0.210721 0.183569 
0.969213 0.203584 0.204868 
0.969509 0.196301 0.226116 
0.969805 0.188912 0.247329 
0.970101 0.181457 0.268518 
0.970397 0.173974 0.289697 
0.970693 0.1665 0.310879 
0.970989 0.159072 0.332077 
0.971285 0.151727 0.353305 
0.971581 0.144509 0.374576 
0.971877 0.137463 0.395905 
0.972173 0.130643 0.417306 
0.972469 0.124114 0.438799 
0.972765 0.11796 0.460402 
0.973061 0.1123 0.482139 
0.973357 0.107309 0.50404 
0.973653 0.103292 0.526139 
0.973949 0.100863 0.548467 
0.974245 0.10181 0.570879 
0.974541 0.114906 0.587248 
0.974837 0.135612 0.579277 
0.975133 0.152833 0.564875 
0.975429 0.168481 0.548761 
0.975725 0.183238 0.531826 
0.976021 0.197403 0.514393 
0.976317 0.211137 0.496619 
0.976613 0.224535 0.478589 
0.976909 0.237653 0.460356 
0.977205 0.250531 0.441952 
0.977501 0.263191 0.423396 
0.977798 0.275644 0.404702 
0.978094 0.287894 0.385874 
0.97839 0.299938 0.366914 
0.978686 0.311766 0.347818 
0.978982 0.32336 0.328579 
0.979278 0.334695 0.309186 
0.979574 0.345738 0.289625 
0.97987 0.356443 0.269877 
0.980166 0.366752 0.24992 
0.980462 0.376584 0.229723 
0.980758 0.385834 0.209253 
0.981054 0.394352 0.188468 
0.98135 0.401926 0.167321 
0.981646 0.408236 0.145764 
0.981942 0.412778 0.123767 
0.982238 0.414707 0.101395 
0.982534 0.412573 0.0790589 
0.98283 0.404237 0.0582703 
0.983126 0.38858 0.0422706 
0.983422 0.368119 0.03314 
0.983718 0.345959 0.0296085 
0.984014 0.323507 0.0297695 
0.98431 0.301198 0.0323581 
0.984606 0.279145 0.0366132 
0.984902 0.257354 0.0420614 
0.985198 0.235801 0.048388 
0.985494 0.214452 0.0553714 
0.98579 0.19327 0.0628462 
0.986086 0.17222 0.0706828 
0.986382 0.151265 0.0787742 
0.986679 0.130375 0.0870282 
0.986975 0.109515 0.0953617 
0.987271 0.0886566 0.103696 
0.987567 0.0677676 0.111955 
0.987863 0.0468181 0.120059 
0.988159 0.0257778 0.127924 
0.988455 0.00461714 0.13546 
0.988751 -0.0166931 0.142561 
0.989047 -0.0381808 0.149105 
0.989343 -0.0598706 0.154944 
0.989639 -0.0817802 0.159895 
0.989935 -0.103913 0.163724 
0.990231 -0.126246 0.166127 
0.990527 -0.1487 0.166706 
0.990823 -0.171091 0.164944 
0.991119 -0.193044 0.160206 
0.991415 -0.213883 0.151839 
0.991711 -0.232609 0.139446 
0.992007 -0.248179 0.123256 
0.992303 -0.260021 0.104156 
0.992599 -0.268227 0.0832309 
0.992895 -0.273305 0.0613533 
0.993191 -0.275859 0.0390373 
0.993487 -0.276405 0.016583 
0.993783 -0.275356 -0.0058534 
0.994079 -0.273027 -0.0281937 
0.994375 -0.26966 -0.0504018 
0.994671 -0.265445 -0.0724649 
0.994967 -0.26053 -0.0943831 
0.995263 -0.255036 -0.116163 
0.99556 -0.249061 -0.137816 
0.995856 -0.242685 -0.159355 
0.996152 -0.23598 -0.180793 
0.996448 -0.229006 -0.202145 
0.996744 -0.221814 -0.223425 
0.99704 -0.214452 -0.244647 
0.997336 -0.206964 -0.265824 
0.997632 -0.199389 -0.286971 
0.997928 -0.191765 -0.308099 
0.998224 -0.184128 -0.329224 
0.99852 -0.176516 -0.350357 
0.998816 -0.168965 -0.371512 
0.999112 -0.161516 -0.392703 
0.999408 -0.154213 -0.413945 
0.999704 -0.147106 -0.435253 
