PARAMETRIC_CURVE_CARTESIAN_3D
Body1
t1: 0
t2: 20
NumPoints: 2001
0 0 0 0 
0.01 -2.38114e-06 0.0199995 0.0499996 
0.02 -7.14936e-06 0.0399984 0.0999988 
0.03 -1.43107e-05 0.0599968 0.149998 
0.04 -2.38714e-05 0.0799948 0.199996 
0.05 -3.58379e-05 0.0999921 0.249994 
0.06 -5.02165e-05 0.119989 0.299992 
0.07 -6.7014e-05 0.139985 0.349989 
0.08 -8.62371e-05 0.159981 0.399986 
0.09 -0.000107893 0.179977 0.449982 
0.1 -0.000131988 0.199971 0.499978 
0.11 -0.00015853 0.219966 0.549974 
0.12 -0.000187527 0.23996 0.59997 
0.13 -0.000218985 0.259953 0.649965 
0.14 -0.000252913 0.279946 0.69996 
0.15 -0.000289318 0.299938 0.749955 
0.16 -0.000328209 0.31993 0.799949 
0.17 -0.000369593 0.339922 0.849943 
0.18 -0.000413479 0.359913 0.899937 
0.19 -0.000459876 0.379904 0.949931 
0.2 -0.000508792 0.399894 0.999924 
0.21 -0.000560236 0.419883 1.04992 
0.22 -0.000614218 0.439873 1.09991 
0.23 -0.000670746 0.459861 1.1499 
0.24 -0.000729829 0.47985 1.1999 
0.25 -0.000791478 0.499838 1.24989 
0.26 -0.000855702 0.519825 1.29988 
0.27 -0.000922512 0.539812 1.34987 
0.28 -0.000991916 0.559799 1.39986 
0.29 -0.00106393 0.579786 1.44985 
0.3 -0.00113855 0.599771 1.49985 
0.31 -0.00121581 0.619757 1.54984 
0.32 -0.0012957 0.639742 1.59983 
0.33 -0.00137824 0.659727 1.64982 
0.34 -0.00146344 0.679711 1.69981 
0.35 -0.00155131 0.699696 1.7498 
0.36 -0.00164187 0.719679 1.79979 
0.37 -0.00173512 0.739663 1.84978 
0.38 -0.00183107 0.759646 1.89977 
0.39 -0.00192975 0.779629 1.94977 
0.4 -0.00203116 0.799611 1.99976 
0.41 -0.00213532 0.819593 2.04975 
0.42 -0.00224223 0.839575 2.09974 
0.43 -0.00235192 0.859557 2.14973 
0.44 -0.00246438 0.879538 2.19972 
0.45 -0.00257965 0.899519 2.24971 
0.46 -0.00269773 0.9195 2.2997 
0.47 -0.00281863 0.939481 2.34969 
0.48 -0.00294238 0.959461 2.39968 
0.49 -0.00306898 0.979442 2.44967 
0.5 -0.00319845 0.999422 2.49966 
0.51 -0.0033308 1.0194 2.54965 
0.52 -0.00346605 1.03938 2.59965 
0.53 -0.00360422 1.05936 2.64964 
0.54 -0.00374532 1.07934 2.69963 
0.55 -0.00388936 1.09932 2.74962 
0.56 -0.00403637 1.1193 2.79961 
0.57 -0.00418635 1.13928 2.8496 
0.58 -0.00433933 1.15926 2.8996 
0.59 -0.00449532 1.17924 2.94959 
0.6 -0.00465433 1.19921 2.99958 
0.61 -0.0048164 1.21919 3.04957 
0.62 -0.00498152 1.23917 3.09957 
0.63 -0.00514973 1.25915 3.14956 
0.64 -0.00532103 1.27913 3.19955 
0.65 -0.00549545 1.29911 3.24955 
0.66 -0.00567301 1.31909 3.29954 
0.67 -0.00585371 1.33907 3.34953 
0.68 -0.00603759 1.35904 3.39953 
0.69 -0.00622466 1.37902 3.44952 
0.7 -0.00641494 1.399 3.49952 
0.71 -0.00660845 1.41898 3.54951 
0.72 -0.0068052 1.43896 3.59951 
0.73 -0.00700523 1.45894 3.64951 
0.74 -0.00720854 1.47892 3.6995 
0.75 -0.00741516 1.4989 3.7495 
0.76 -0.00762511 1.51888 3.7995 
0.77 -0.00783841 1.53886 3.84949 
0.78 -0.00805508 1.55884 3.89949 
0.79 -0.00827515 1.57882 3.94949 
0.8 -0.00849862 1.5988 3.99949 
0.81 -0.00872553 1.61879 4.04949 
0.82 -0.0089559 1.63877 4.09949 
0.83 -0.00918974 1.65875 4.14949 
0.84 -0.00942709 1.67873 4.19949 
0.85 -0.00966795 1.69872 4.24949 
0.86 -0.00991236 1.7187 4.29949 
0.87 -0.0101603 1.73869 4.34949 
0.88 -0.0104119 1.75867 4.39949 
0.89 -0.0106671 1.77866 4.4495 
0.9 -0.0109259 1.79864 4.4995 
0.91 -0.0111884 1.81863 4.5495 
0.92 -0.0114546 1.83862 4.59951 
0.93 -0.0117244 1.8586 4.64951 
0.94 -0.011998 1.87859 4.69952 
0.95 -0.0122754 1.89858 4.74953 
0.96 -0.0125565 1.91857 4.79953 
0.97 -0.0128415 1.93856 4.84954 
0.98 -0.0131302 1.95855 4.89955 
0.99 -0.0134229 1.97855 4.94955 
1 -0.0137194 1.99854 4.99956 
1.01 -0.0140198 2.01853 5.04957 
1.02 -0.0143241 2.03853 5.09958 
1.03 -0.0146324 2.05853 5.14959 
1.04 -0.0149446 2.07852 5.19961 
1.05 -0.0152609 2.09852 5.24962 
1.06 -0.0155812 2.11852 5.29963 
1.07 -0.0159056 2.13852 5.34964 
1.08 -0.016234 2.15852 5.39966 
1.09 -0.0165665 2.17853 5.44967 
1.1 -0.0169032 2.19853 5.49969 
1.11 -0.017244 2.21854 5.5497 
1.12 -0.017589 2.23854 5.59972 
1.13 -0.0179383 2.25855 5.64974 
1.14 -0.0182917 2.27856 5.69975 
1.15 -0.0186494 2.29857 5.74977 
1.16 -0.0190115 2.31859 5.79979 
1.17 -0.0193778 2.3386 5.84981 
1.18 -0.0197484 2.35862 5.89983 
1.19 -0.0201235 2.37863 5.94985 
1.2 -0.0205029 2.39865 5.99987 
1.21 -0.0208868 2.41867 6.0499 
1.22 -0.0212751 2.43869 6.09992 
1.23 -0.0216678 2.45872 6.14994 
1.24 -0.0220651 2.47874 6.19997 
1.25 -0.0224669 2.49877 6.24999 
1.26 -0.0228732 2.5188 6.30002 
1.27 -0.0232842 2.53883 6.35004 
1.28 -0.0236997 2.55887 6.40007 
1.29 -0.0241198 2.5789 6.4501 
1.3 -0.0245446 2.59894 6.50013 
1.31 -0.0249741 2.61898 6.55016 
1.32 -0.0254083 2.63902 6.60019 
1.33 -0.0258473 2.65907 6.65022 
1.34 -0.0262909 2.67912 6.70025 
1.35 -0.0267394 2.69917 6.75028 
1.36 -0.0271927 2.71922 6.80031 
1.37 -0.0276508 2.73927 6.85034 
1.38 -0.0281138 2.75933 6.90038 
1.39 -0.0285816 2.77939 6.95041 
1.4 -0.0290544 2.79945 7.00045 
1.41 -0.029532 2.81952 7.05048 
1.42 -0.0300147 2.83958 7.10052 
1.43 -0.0305023 2.85965 7.15056 
1.44 -0.0309949 2.87973 7.20059 
1.45 -0.0314925 2.8998 7.25063 
1.46 -0.0319952 2.91988 7.30067 
1.47 -0.032503 2.93997 7.35071 
1.48 -0.0330158 2.96005 7.40075 
1.49 -0.0335338 2.98014 7.45079 
1.5 -0.0340569 3.00023 7.50083 
1.51 -0.0345851 3.02033 7.55088 
1.52 -0.0351185 3.04043 7.60092 
1.53 -0.0356571 3.06053 7.65096 
1.54 -0.036201 3.08064 7.70101 
1.55 -0.03675 3.10075 7.75105 
1.56 -0.0373044 3.12086 7.80109 
1.57 -0.037864 3.14098 7.85114 
1.58 -0.0384289 3.1611 7.90119 
1.59 -0.0389991 3.18122 7.95123 
1.6 -0.0395746 3.20135 8.00128 
1.61 -0.0401555 3.22148 8.05133 
1.62 -0.0407417 3.24162 8.10138 
1.63 -0.0413333 3.26176 8.15142 
1.64 -0.0419303 3.28191 8.20147 
1.65 -0.0425327 3.30206 8.25152 
1.66 -0.0431405 3.32221 8.30157 
1.67 -0.0437537 3.34237 8.35162 
1.68 -0.0443724 3.36253 8.40167 
1.69 -0.0449966 3.3827 8.45173 
1.7 -0.0456262 3.40287 8.50178 
1.71 -0.0462612 3.42305 8.55183 
1.72 -0.0469018 3.44323 8.60188 
1.73 -0.0475478 3.46342 8.65194 
1.74 -0.0481994 3.48361 8.70199 
1.75 -0.0488565 3.50381 8.75204 
1.76 -0.049519 3.52401 8.8021 
1.77 -0.0501871 3.54422 8.85215 
1.78 -0.0508607 3.56443 8.90221 
1.79 -0.0515399 3.58465 8.95226 
1.8 -0.0522245 3.60487 9.00232 
1.81 -0.0529147 3.6251 9.05237 
1.82 -0.0536104 3.64534 9.10243 
1.83 -0.0543117 3.66558 9.15248 
1.84 -0.0550184 3.68583 9.20254 
1.85 -0.0557307 3.70608 9.2526 
1.86 -0.0564485 3.72634 9.30265 
1.87 -0.0571719 3.7466 9.35271 
1.88 -0.0579007 3.76688 9.40277 
1.89 -0.058635 3.78715 9.45283 
1.9 -0.0593749 3.80744 9.50288 
1.91 -0.0601202 3.82773 9.55294 
1.92 -0.060871 3.84803 9.603 
1.93 -0.0616272 3.86833 9.65306 
1.94 -0.0623889 3.88864 9.70312 
1.95 -0.063156 3.90896 9.75317 
1.96 -0.0639285 3.92929 9.80323 
1.97 -0.0647064 3.94962 9.85329 
1.98 -0.0654897 3.96996 9.90335 
1.99 -0.0662783 3.99031 9.95341 
2 -0.0670723 4.01066 10.0035 
2.01 -0.0678715 4.03102 10.0535 
2.02 -0.0686761 4.05139 10.1036 
2.03 -0.0694859 4.07177 10.1536 
2.04 -0.0703009 4.09216 10.2037 
2.05 -0.0711211 4.11255 10.2538 
2.06 -0.0719465 4.13295 10.3038 
2.07 -0.072777 4.15336 10.3539 
2.08 -0.0736125 4.17378 10.4039 
2.09 -0.0744532 4.1942 10.454 
2.1 -0.0752988 4.21464 10.504 
2.11 -0.0761494 4.23508 10.5541 
2.12 -0.077005 4.25553 10.6042 
2.13 -0.0778654 4.27599 10.6542 
2.14 -0.0787307 4.29646 10.7043 
2.15 -0.0796007 4.31694 10.7543 
2.16 -0.0804755 4.33743 10.8044 
2.17 -0.081355 4.35793 10.8544 
2.18 -0.0822391 4.37843 10.9045 
2.19 -0.0831278 4.39895 10.9545 
2.2 -0.0840209 4.41947 11.0046 
2.21 -0.0849186 4.44001 11.0546 
2.22 -0.0858206 4.46055 11.1047 
2.23 -0.0867269 4.48111 11.1548 
2.24 -0.0876375 4.50167 11.2048 
2.25 -0.0885523 4.52224 11.2549 
2.26 -0.0894712 4.54283 11.3049 
2.27 -0.0903941 4.56342 11.355 
2.28 -0.091321 4.58403 11.405 
2.29 -0.0922518 4.60464 11.4551 
2.3 -0.0931864 4.62527 11.5051 
2.31 -0.0941247 4.6459 11.5551 
2.32 -0.0950667 4.66655 11.6052 
2.33 -0.0960122 4.68721 11.6552 
2.34 -0.0969611 4.70788 11.7053 
2.35 -0.0979135 4.72856 11.7553 
2.36 -0.0988691 4.74925 11.8054 
2.37 -0.0998278 4.76995 11.8554 
2.38 -0.10079 4.79067 11.9055 
2.39 -0.101755 4.81139 11.9555 
2.4 -0.102722 4.83213 12.0055 
2.41 -0.103693 4.85288 12.0556 
2.42 -0.104666 4.87364 12.1056 
2.43 -0.105642 4.89441 12.1557 
2.44 -0.10662 4.91519 12.2057 
2.45 -0.1076 4.93599 12.2557 
2.46 -0.108583 4.9568 12.3058 
2.47 -0.109568 4.97762 12.3558 
2.48 -0.110554 4.99845 12.4058 
2.49 -0.111543 5.01929 12.4559 
2.5 -0.112533 5.04015 12.5059 
2.51 -0.113525 5.06102 12.5559 
2.52 -0.114518 5.0819 12.606 
2.53 -0.115513 5.1028 12.656 
2.54 -0.116509 5.1237 12.706 
2.55 -0.117506 5.14462 12.756 
2.56 -0.118504 5.16555 12.8061 
2.57 -0.119502 5.1865 12.8561 
2.58 -0.120501 5.20746 12.9061 
2.59 -0.121501 5.22843 12.9561 
2.6 -0.122501 5.24941 13.0062 
2.61 -0.123502 5.27041 13.0562 
2.62 -0.124502 5.29142 13.1062 
2.63 -0.125502 5.31245 13.1562 
2.64 -0.126503 5.33348 13.2062 
2.65 -0.127502 5.35454 13.2562 
2.66 -0.128501 5.3756 13.3062 
2.67 -0.1295 5.39668 13.3563 
2.68 -0.130497 5.41777 13.4063 
2.69 -0.131494 5.43887 13.4563 
2.7 -0.132489 5.45999 13.5063 
2.71 -0.133484 5.48112 13.5563 
2.72 -0.134476 5.50226 13.6063 
2.73 -0.135467 5.52342 13.6563 
2.74 -0.136456 5.54459 13.7063 
2.75 -0.137443 5.56578 13.7563 
2.76 -0.138428 5.58698 13.8063 
2.77 -0.139411 5.60819 13.8563 
2.78 -0.140391 5.62942 13.9063 
2.79 -0.141369 5.65066 13.9563 
2.8 -0.142344 5.67191 14.0063 
2.81 -0.143315 5.69318 14.0562 
2.82 -0.144284 5.71446 14.1062 
2.83 -0.145249 5.73575 14.1562 
2.84 -0.146211 5.75706 14.2062 
2.85 -0.147169 5.77838 14.2562 
2.86 -0.148124 5.79972 14.3062 
2.87 -0.149074 5.82107 14.3561 
2.88 -0.15002 5.84243 14.4061 
2.89 -0.150962 5.8638 14.4561 
2.9 -0.1519 5.88519 14.5061 
2.91 -0.152833 5.90659 14.556 
2.92 -0.153761 5.92801 14.606 
2.93 -0.154684 5.94944 14.656 
2.94 -0.155602 5.97088 14.706 
2.95 -0.156515 5.99234 14.7559 
2.96 -0.157422 6.0138 14.8059 
2.97 -0.158323 6.03529 14.8558 
2.98 -0.159219 6.05678 14.9058 
2.99 -0.160109 6.07829 14.9558 
3 -0.160993 6.09981 15.0057 
3.01 -0.161871 6.12134 15.0557 
3.02 -0.162742 6.14289 15.1056 
3.03 -0.163606 6.16445 15.1556 
3.04 -0.164464 6.18602 15.2055 
3.05 -0.165315 6.20761 15.2555 
3.06 -0.166159 6.2292 15.3054 
3.07 -0.166996 6.25081 15.3554 
3.08 -0.167826 6.27243 15.4053 
3.09 -0.168648 6.29407 15.4553 
3.1 -0.169463 6.31571 15.5052 
3.11 -0.17027 6.33737 15.5551 
3.12 -0.171069 6.35904 15.6051 
3.13 -0.17186 6.38072 15.655 
3.14 -0.172643 6.40242 15.7049 
3.15 -0.173418 6.42412 15.7549 
3.16 -0.174184 6.44584 15.8048 
3.17 -0.174942 6.46757 15.8547 
3.18 -0.175691 6.48931 15.9046 
3.19 -0.176432 6.51106 15.9546 
3.2 -0.177164 6.53282 16.0045 
3.21 -0.177886 6.55459 16.0544 
3.22 -0.1786 6.57638 16.1043 
3.23 -0.179304 6.59817 16.1542 
3.24 -0.18 6.61998 16.2042 
3.25 -0.180685 6.64179 16.2541 
3.26 -0.181362 6.66362 16.304 
3.27 -0.182028 6.68545 16.3539 
3.28 -0.182685 6.7073 16.4038 
3.29 -0.183332 6.72916 16.4537 
3.3 -0.183969 6.75102 16.5036 
3.31 -0.184597 6.7729 16.5535 
3.32 -0.185214 6.79479 16.6034 
3.33 -0.185821 6.81668 16.6533 
3.34 -0.186417 6.83859 16.7032 
3.35 -0.187004 6.8605 16.7531 
3.36 -0.18758 6.88243 16.803 
3.37 -0.188145 6.90436 16.8529 
3.38 -0.1887 6.9263 16.9028 
3.39 -0.189244 6.94825 16.9527 
3.4 -0.189778 6.97021 17.0026 
3.41 -0.190301 6.99217 17.0524 
3.42 -0.190813 7.01415 17.1023 
3.43 -0.191314 7.03613 17.1522 
3.44 -0.191804 7.05812 17.2021 
3.45 -0.192283 7.08012 17.252 
3.46 -0.192751 7.10213 17.3018 
3.47 -0.193209 7.12415 17.3517 
3.48 -0.193654 7.14617 17.4016 
3.49 -0.194089 7.1682 17.4515 
3.5 -0.194513 7.19024 17.5013 
3.51 -0.194925 7.21228 17.5512 
3.52 -0.195326 7.23433 17.6011 
3.53 -0.195716 7.25639 17.6509 
3.54 -0.196094 7.27846 17.7008 
3.55 -0.196461 7.30053 17.7507 
3.56 -0.196816 7.3226 17.8005 
3.57 -0.19716 7.34469 17.8504 
3.58 -0.197492 7.36678 17.9002 
3.59 -0.197813 7.38888 17.9501 
3.6 -0.198123 7.41098 17.9999 
3.61 -0.19842 7.43309 18.0498 
3.62 -0.198707 7.4552 18.0997 
3.63 -0.198981 7.47732 18.1495 
3.64 -0.199245 7.49944 18.1994 
3.65 -0.199496 7.52157 18.2492 
3.66 -0.199736 7.54371 18.299 
3.67 -0.199964 7.56585 18.3489 
3.68 -0.200181 7.588 18.3987 
3.69 -0.200386 7.61015 18.4486 
3.7 -0.200579 7.6323 18.4984 
3.71 -0.200761 7.65446 18.5483 
3.72 -0.200931 7.67662 18.5981 
3.73 -0.20109 7.69879 18.6479 
3.74 -0.201237 7.72096 18.6978 
3.75 -0.201372 7.74314 18.7476 
3.76 -0.201496 7.76532 18.7974 
3.77 -0.201608 7.7875 18.8473 
3.78 -0.201708 7.80969 18.8971 
3.79 -0.201797 7.83188 18.9469 
3.8 -0.201874 7.85408 18.9967 
3.81 -0.20194 7.87627 19.0466 
3.82 -0.201994 7.89848 19.0964 
3.83 -0.202037 7.92068 19.1462 
3.84 -0.202069 7.94289 19.196 
3.85 -0.202088 7.9651 19.2459 
3.86 -0.202097 7.98731 19.2957 
3.87 -0.202094 8.00953 19.3455 
3.88 -0.202079 8.03175 19.3953 
3.89 -0.202053 8.05397 19.4451 
3.9 -0.202016 8.07619 19.4949 
3.91 -0.201968 8.09842 19.5448 
3.92 -0.201908 8.12064 19.5946 
3.93 -0.201837 8.14287 19.6444 
3.94 -0.201754 8.16511 19.6942 
3.95 -0.201661 8.18734 19.744 
3.96 -0.201556 8.20958 19.7938 
3.97 -0.20144 8.23181 19.8436 
3.98 -0.201313 8.25405 19.8934 
3.99 -0.201175 8.27629 19.9432 
4 -0.201026 8.29854 19.993 
4.01 -0.200866 8.32078 20.0428 
4.02 -0.200695 8.34302 20.0926 
4.03 -0.200512 8.36527 20.1424 
4.04 -0.200319 8.38752 20.1922 
4.05 -0.200116 8.40977 20.242 
4.06 -0.199901 8.43202 20.2918 
4.07 -0.199675 8.45427 20.3416 
4.08 -0.199439 8.47652 20.3914 
4.09 -0.199192 8.49877 20.4412 
4.1 -0.198934 8.52102 20.491 
4.11 -0.198666 8.54327 20.5408 
4.12 -0.198387 8.56553 20.5906 
4.13 -0.198097 8.58778 20.6404 
4.14 -0.197797 8.61003 20.6902 
4.15 -0.197487 8.63229 20.74 
4.16 -0.197166 8.65454 20.7897 
4.17 -0.196835 8.6768 20.8395 
4.18 -0.196493 8.69905 20.8893 
4.19 -0.196141 8.72131 20.9391 
4.2 -0.195779 8.74356 20.9889 
4.21 -0.195406 8.76581 21.0387 
4.22 -0.195024 8.78807 21.0885 
4.23 -0.194631 8.81032 21.1382 
4.24 -0.194228 8.83258 21.188 
4.25 -0.193815 8.85483 21.2378 
4.26 -0.193392 8.87708 21.2876 
4.27 -0.19296 8.89933 21.3374 
4.28 -0.192517 8.92158 21.3871 
4.29 -0.192064 8.94383 21.4369 
4.3 -0.191602 8.96608 21.4867 
4.31 -0.19113 8.98833 21.5365 
4.32 -0.190648 9.01058 21.5862 
4.33 -0.190156 9.03283 21.636 
4.34 -0.189655 9.05507 21.6858 
4.35 -0.189144 9.07732 21.7355 
4.36 -0.188624 9.09956 21.7853 
4.37 -0.188094 9.12181 21.8351 
4.38 -0.187554 9.14405 21.8849 
4.39 -0.187006 9.16629 21.9346 
4.4 -0.186448 9.18853 21.9844 
4.41 -0.18588 9.21077 22.0342 
4.42 -0.185304 9.233 22.0839 
4.43 -0.184718 9.25524 22.1337 
4.44 -0.184123 9.27747 22.1835 
4.45 -0.183519 9.2997 22.2332 
4.46 -0.182905 9.32194 22.283 
4.47 -0.182283 9.34416 22.3327 
4.48 -0.181652 9.36639 22.3825 
4.49 -0.181011 9.38862 22.4323 
4.5 -0.180362 9.41084 22.482 
4.51 -0.179704 9.43306 22.5318 
4.52 -0.179038 9.45528 22.5815 
4.53 -0.178362 9.4775 22.6313 
4.54 -0.177678 9.49972 22.6811 
4.55 -0.176985 9.52193 22.7308 
4.56 -0.176283 9.54415 22.7806 
4.57 -0.175573 9.56636 22.8303 
4.58 -0.174854 9.58857 22.8801 
4.59 -0.174127 9.61077 22.9298 
4.6 -0.173392 9.63298 22.9796 
4.61 -0.172648 9.65518 23.0294 
4.62 -0.171895 9.67738 23.0791 
4.63 -0.171134 9.69958 23.1289 
4.64 -0.170365 9.72178 23.1786 
4.65 -0.169588 9.74397 23.2284 
4.66 -0.168803 9.76616 23.2781 
4.67 -0.168009 9.78835 23.3279 
4.68 -0.167208 9.81054 23.3776 
4.69 -0.166398 9.83272 23.4274 
4.7 -0.16558 9.8549 23.4771 
4.71 -0.164755 9.87708 23.5269 
4.72 -0.163921 9.89926 23.5766 
4.73 -0.16308 9.92143 23.6264 
4.74 -0.162231 9.94361 23.6761 
4.75 -0.161374 9.96577 23.7258 
4.76 -0.160509 9.98794 23.7756 
4.77 -0.159636 10.0101 23.8253 
4.78 -0.158756 10.0323 23.8751 
4.79 -0.157868 10.0544 23.9248 
4.8 -0.156973 10.0766 23.9746 
4.81 -0.15607 10.0987 24.0243 
4.82 -0.155159 10.1209 24.0741 
4.83 -0.154241 10.143 24.1238 
4.84 -0.153316 10.1652 24.1735 
4.85 -0.152383 10.1873 24.2233 
4.86 -0.151443 10.2095 24.273 
4.87 -0.150496 10.2316 24.3228 
4.88 -0.149541 10.2537 24.3725 
4.89 -0.14858 10.2759 24.4222 
4.9 -0.147611 10.298 24.472 
4.91 -0.146635 10.3201 24.5217 
4.92 -0.145651 10.3422 24.5715 
4.93 -0.144661 10.3644 24.6212 
4.94 -0.143664 10.3865 24.6709 
4.95 -0.142659 10.4086 24.7207 
4.96 -0.141648 10.4307 24.7704 
4.97 -0.14063 10.4528 24.8201 
4.98 -0.139605 10.4749 24.8699 
4.99 -0.138573 10.497 24.9196 
5 -0.137534 10.5191 24.9694 
5.01 -0.136489 10.5412 25.0191 
5.02 -0.135437 10.5633 25.0688 
5.03 -0.134378 10.5854 25.1186 
5.04 -0.133313 10.6075 25.1683 
5.05 -0.132241 10.6295 25.218 
5.06 -0.131162 10.6516 25.2678 
5.07 -0.130077 10.6737 25.3175 
5.08 -0.128985 10.6958 25.3672 
5.09 -0.127887 10.7178 25.417 
5.1 -0.126782 10.7399 25.4667 
5.11 -0.125671 10.762 25.5164 
5.12 -0.124554 10.784 25.5661 
5.13 -0.12343 10.8061 25.6159 
5.14 -0.1223 10.8281 25.6656 
5.15 -0.121164 10.8502 25.7153 
5.16 -0.120022 10.8722 25.7651 
5.17 -0.118873 10.8943 25.8148 
5.18 -0.117719 10.9163 25.8645 
5.19 -0.116558 10.9384 25.9143 
5.2 -0.115391 10.9604 25.964 
5.21 -0.114218 10.9824 26.0137 
5.22 -0.113039 11.0044 26.0634 
5.23 -0.111854 11.0265 26.1132 
5.24 -0.110663 11.0485 26.1629 
5.25 -0.109466 11.0705 26.2126 
5.26 -0.108263 11.0925 26.2624 
5.27 -0.107054 11.1145 26.3121 
5.28 -0.10584 11.1365 26.3618 
5.29 -0.10462 11.1585 26.4115 
5.3 -0.103394 11.1805 26.4613 
5.31 -0.102162 11.2025 26.511 
5.32 -0.100925 11.2245 26.5607 
5.33 -0.0996816 11.2465 26.6104 
5.34 -0.0984329 11.2685 26.6602 
5.35 -0.0971786 11.2905 26.7099 
5.36 -0.0959187 11.3124 26.7596 
5.37 -0.0946533 11.3344 26.8093 
5.38 -0.0933823 11.3564 26.8591 
5.39 -0.0921059 11.3784 26.9088 
5.4 -0.090824 11.4003 26.9585 
5.41 -0.0895367 11.4223 27.0082 
5.42 -0.088244 11.4442 27.058 
5.43 -0.0869459 11.4662 27.1077 
5.44 -0.0856425 11.4881 27.1574 
5.45 -0.0843338 11.5101 27.2071 
5.46 -0.0830198 11.532 27.2569 
5.47 -0.0817006 11.554 27.3066 
5.48 -0.0803761 11.5759 27.3563 
5.49 -0.0790465 11.5978 27.406 
5.5 -0.0777117 11.6198 27.4557 
5.51 -0.0763717 11.6417 27.5055 
5.52 -0.0750266 11.6636 27.5552 
5.53 -0.0736765 11.6855 27.6049 
5.54 -0.0723213 11.7074 27.6546 
5.55 -0.0709611 11.7294 27.7044 
5.56 -0.0695958 11.7513 27.7541 
5.57 -0.0682256 11.7732 27.8038 
5.58 -0.0668505 11.7951 27.8535 
5.59 -0.0654704 11.817 27.9032 
5.6 -0.0640855 11.8389 27.953 
5.61 -0.0626956 11.8607 28.0027 
5.62 -0.061301 11.8826 28.0524 
5.63 -0.0599015 11.9045 28.1021 
5.64 -0.0584972 11.9264 28.1518 
5.65 -0.0570882 11.9483 28.2016 
5.66 -0.0556744 11.9701 28.2513 
5.67 -0.0542559 11.992 28.301 
5.68 -0.0528327 12.0139 28.3507 
5.69 -0.0514049 12.0357 28.4004 
5.7 -0.0499724 12.0576 28.4502 
5.71 -0.0485353 12.0794 28.4999 
5.72 -0.0470936 12.1013 28.5496 
5.73 -0.0456473 12.1231 28.5993 
5.74 -0.0441965 12.145 28.649 
5.75 -0.0427412 12.1668 28.6988 
5.76 -0.0412814 12.1886 28.7485 
5.77 -0.0398172 12.2105 28.7982 
5.78 -0.0383484 12.2323 28.8479 
5.79 -0.0368753 12.2541 28.8976 
5.8 -0.0353978 12.2759 28.9474 
5.81 -0.0339158 12.2977 28.9971 
5.82 -0.0324296 12.3196 29.0468 
5.83 -0.030939 12.3414 29.0965 
5.84 -0.0294441 12.3632 29.1462 
5.85 -0.0279449 12.385 29.196 
5.86 -0.0264414 12.4068 29.2457 
5.87 -0.0249338 12.4286 29.2954 
5.88 -0.0234219 12.4503 29.3451 
5.89 -0.0219058 12.4721 29.3948 
5.9 -0.0203855 12.4939 29.4445 
5.91 -0.0188611 12.5157 29.4943 
5.92 -0.0173325 12.5375 29.544 
5.93 -0.0157999 12.5592 29.5937 
5.94 -0.0142631 12.581 29.6434 
5.95 -0.0127223 12.6028 29.6931 
5.96 -0.0111775 12.6245 29.7429 
5.97 -0.0096286 12.6463 29.7926 
5.98 -0.00807572 12.668 29.8423 
5.99 -0.00651887 12.6898 29.892 
6 -0.00495806 12.7115 29.9417 
6.01 -0.00339331 12.7333 29.9915 
6.02 -0.00182464 12.755 30.0412 
6.03 -0.000252079 12.7767 30.0909 
6.04 0.00132436 12.7985 30.1406 
6.05 0.00290466 12.8202 30.1903 
6.06 0.0044888 12.8419 30.2401 
6.07 0.00607675 12.8636 30.2898 
6.08 0.00766851 12.8854 30.3395 
6.09 0.00926403 12.9071 30.3892 
6.1 0.0108633 12.9288 30.4389 
6.11 0.0124663 12.9505 30.4887 
6.12 0.0140731 12.9722 30.5384 
6.13 0.0156835 12.9939 30.5881 
6.14 0.0172977 13.0156 30.6378 
6.15 0.0189155 13.0373 30.6875 
6.16 0.0205369 13.0589 30.7372 
6.17 0.0221619 13.0806 30.787 
6.18 0.0237906 13.1023 30.8367 
6.19 0.0254228 13.124 30.8864 
6.2 0.0270587 13.1457 30.9361 
6.21 0.028698 13.1673 30.9858 
6.22 0.0303409 13.189 31.0356 
6.23 0.0319873 13.2106 31.0853 
6.24 0.0336372 13.2323 31.135 
6.25 0.0352906 13.254 31.1847 
6.26 0.0369474 13.2756 31.2345 
6.27 0.0386077 13.2973 31.2842 
6.28 0.0402714 13.3189 31.3339 
6.29 0.0419385 13.3405 31.3836 
6.3 0.043609 13.3622 31.4333 
6.31 0.0452829 13.3838 31.4831 
6.32 0.0469601 13.4054 31.5328 
6.33 0.0486407 13.427 31.5825 
6.34 0.0503246 13.4487 31.6322 
6.35 0.0520118 13.4703 31.6819 
6.36 0.0537022 13.4919 31.7317 
6.37 0.055396 13.5135 31.7814 
6.38 0.057093 13.5351 31.8311 
6.39 0.0587932 13.5567 31.8808 
6.4 0.0604966 13.5783 31.9306 
6.41 0.0622033 13.5999 31.9803 
6.42 0.0639131 13.6215 32.03 
6.43 0.0656261 13.6431 32.0797 
6.44 0.0673422 13.6647 32.1294 
6.45 0.0690615 13.6862 32.1792 
6.46 0.0707839 13.7078 32.2289 
6.47 0.0725095 13.7294 32.2786 
6.48 0.0742381 13.751 32.3283 
6.49 0.0759697 13.7725 32.3781 
6.5 0.0777045 13.7941 32.4278 
6.51 0.0794422 13.8156 32.4775 
6.52 0.081183 13.8372 32.5272 
6.53 0.0829269 13.8587 32.577 
6.54 0.0846737 13.8803 32.6267 
6.55 0.0864234 13.9018 32.6764 
6.56 0.0881762 13.9234 32.7261 
6.57 0.0899319 13.9449 32.7759 
6.58 0.0916905 13.9664 32.8256 
6.59 0.0934521 13.988 32.8753 
6.6 0.0952166 14.0095 32.925 
6.61 0.0969839 14.031 32.9748 
6.62 0.0987541 14.0525 33.0245 
6.63 0.100527 14.074 33.0742 
6.64 0.102303 14.0956 33.1239 
6.65 0.104082 14.1171 33.1737 
6.66 0.105863 14.1386 33.2234 
6.67 0.107648 14.1601 33.2731 
6.68 0.109435 14.1816 33.3228 
6.69 0.111225 14.2031 33.3726 
6.7 0.113018 14.2245 33.4223 
6.71 0.114813 14.246 33.472 
6.72 0.116611 14.2675 33.5218 
6.73 0.118412 14.289 33.5715 
6.74 0.120216 14.3105 33.6212 
6.75 0.122022 14.3319 33.6709 
6.76 0.123831 14.3534 33.7207 
6.77 0.125643 14.3749 33.7704 
6.78 0.127457 14.3963 33.8201 
6.79 0.129274 14.4178 33.8699 
6.8 0.131093 14.4392 33.9196 
6.81 0.132915 14.4607 33.9693 
6.82 0.13474 14.4821 34.019 
6.83 0.136567 14.5036 34.0688 
6.84 0.138397 14.525 34.1185 
6.85 0.14023 14.5464 34.1682 
6.86 0.142065 14.5679 34.218 
6.87 0.143902 14.5893 34.2677 
6.88 0.145742 14.6107 34.3174 
6.89 0.147585 14.6321 34.3672 
6.9 0.14943 14.6536 34.4169 
6.91 0.151277 14.675 34.4666 
6.92 0.153127 14.6964 34.5164 
6.93 0.15498 14.7178 34.5661 
6.94 0.156834 14.7392 34.6158 
6.95 0.158692 14.7606 34.6656 
6.96 0.160551 14.782 34.7153 
6.97 0.162413 14.8034 34.765 
6.98 0.164278 14.8248 34.8148 
6.99 0.166145 14.8461 34.8645 
7 0.168014 14.8675 34.9142 
7.01 0.169885 14.8889 34.964 
7.02 0.171759 14.9103 35.0137 
7.03 0.173636 14.9316 35.0634 
7.04 0.175514 14.953 35.1132 
7.05 0.177395 14.9744 35.1629 
7.06 0.179278 14.9957 35.2127 
7.07 0.181163 15.0171 35.2624 
7.08 0.183051 15.0384 35.3121 
7.09 0.184941 15.0598 35.3619 
7.1 0.186833 15.0811 35.4116 
7.11 0.188728 15.1025 35.4613 
7.12 0.190624 15.1238 35.5111 
7.13 0.192523 15.1451 35.5608 
7.14 0.194424 15.1665 35.6106 
7.15 0.196327 15.1878 35.6603 
7.16 0.198233 15.2091 35.71 
7.17 0.20014 15.2305 35.7598 
7.18 0.20205 15.2518 35.8095 
7.19 0.203962 15.2731 35.8593 
7.2 0.205876 15.2944 35.909 
7.21 0.207792 15.3157 35.9587 
7.22 0.20971 15.337 36.0085 
7.23 0.21163 15.3583 36.0582 
7.24 0.213553 15.3796 36.108 
7.25 0.215477 15.4009 36.1577 
7.26 0.217403 15.4222 36.2075 
7.27 0.219332 15.4435 36.2572 
7.28 0.221263 15.4648 36.3069 
7.29 0.223195 15.486 36.3567 
7.3 0.22513 15.5073 36.4064 
7.31 0.227066 15.5286 36.4562 
7.32 0.229005 15.5498 36.5059 
7.33 0.230946 15.5711 36.5557 
7.34 0.232888 15.5924 36.6054 
7.35 0.234833 15.6136 36.6552 
7.36 0.236779 15.6349 36.7049 
7.37 0.238728 15.6561 36.7547 
7.38 0.240678 15.6774 36.8044 
7.39 0.24263 15.6986 36.8542 
7.4 0.244585 15.7199 36.9039 
7.41 0.246541 15.7411 36.9536 
7.42 0.248499 15.7623 37.0034 
7.43 0.250459 15.7836 37.0531 
7.44 0.25242 15.8048 37.1029 
7.45 0.254384 15.826 37.1526 
7.46 0.25635 15.8472 37.2024 
7.47 0.258317 15.8685 37.2521 
7.48 0.260286 15.8897 37.3019 
7.49 0.262257 15.9109 37.3517 
7.5 0.26423 15.9321 37.4014 
7.51 0.266204 15.9533 37.4512 
7.52 0.268181 15.9745 37.5009 
7.53 0.270159 15.9957 37.5507 
7.54 0.272139 16.0169 37.6004 
7.55 0.27412 16.0381 37.6502 
7.56 0.276104 16.0593 37.6999 
7.57 0.278089 16.0804 37.7497 
7.58 0.280076 16.1016 37.7994 
7.59 0.282065 16.1228 37.8492 
7.6 0.284055 16.144 37.8989 
7.61 0.286047 16.1651 37.9487 
7.62 0.288041 16.1863 37.9985 
7.63 0.290036 16.2075 38.0482 
7.64 0.292033 16.2286 38.098 
7.65 0.294032 16.2498 38.1477 
7.66 0.296032 16.2709 38.1975 
7.67 0.298034 16.2921 38.2473 
7.68 0.300038 16.3132 38.297 
7.69 0.302043 16.3344 38.3468 
7.7 0.30405 16.3555 38.3965 
7.71 0.306059 16.3766 38.4463 
7.72 0.308069 16.3978 38.4961 
7.73 0.310081 16.4189 38.5458 
7.74 0.312094 16.44 38.5956 
7.75 0.314109 16.4611 38.6453 
7.76 0.316126 16.4823 38.6951 
7.77 0.318144 16.5034 38.7449 
7.78 0.320163 16.5245 38.7946 
7.79 0.322184 16.5456 38.8444 
7.8 0.324207 16.5667 38.8942 
7.81 0.326231 16.5878 38.9439 
7.82 0.328257 16.6089 38.9937 
7.83 0.330284 16.63 39.0435 
7.84 0.332312 16.6511 39.0932 
7.85 0.334342 16.6722 39.143 
7.86 0.336374 16.6932 39.1928 
7.87 0.338407 16.7143 39.2425 
7.88 0.340442 16.7354 39.2923 
7.89 0.342478 16.7565 39.3421 
7.9 0.344515 16.7775 39.3918 
7.91 0.346554 16.7986 39.4416 
7.92 0.348594 16.8197 39.4914 
7.93 0.350636 16.8407 39.5411 
7.94 0.352679 16.8618 39.5909 
7.95 0.354723 16.8828 39.6407 
7.96 0.356769 16.9039 39.6905 
7.97 0.358816 16.9249 39.7402 
7.98 0.360865 16.946 39.79 
7.99 0.362915 16.967 39.8398 
8 0.364966 16.9881 39.8895 
8.01 0.367019 17.0091 39.9393 
8.02 0.369073 17.0301 39.9891 
8.03 0.371128 17.0512 40.0389 
8.04 0.373185 17.0722 40.0886 
8.05 0.375243 17.0932 40.1384 
8.06 0.377302 17.1142 40.1882 
8.07 0.379363 17.1352 40.238 
8.08 0.381424 17.1562 40.2878 
8.09 0.383487 17.1773 40.3375 
8.1 0.385552 17.1983 40.3873 
8.11 0.387618 17.2193 40.4371 
8.12 0.389684 17.2403 40.4869 
8.13 0.391753 17.2613 40.5366 
8.14 0.393822 17.2822 40.5864 
8.15 0.395893 17.3032 40.6362 
8.16 0.397964 17.3242 40.686 
8.17 0.400038 17.3452 40.7358 
8.18 0.402112 17.3662 40.7856 
8.19 0.404187 17.3872 40.8353 
8.2 0.406264 17.4081 40.8851 
8.21 0.408342 17.4291 40.9349 
8.22 0.410421 17.4501 40.9847 
8.23 0.412501 17.471 41.0345 
8.24 0.414582 17.492 41.0843 
8.25 0.416665 17.5129 41.134 
8.26 0.418748 17.5339 41.1838 
8.27 0.420833 17.5548 41.2336 
8.28 0.422919 17.5758 41.2834 
8.29 0.425006 17.5967 41.3332 
8.3 0.427094 17.6177 41.383 
8.31 0.429183 17.6386 41.4328 
8.32 0.431274 17.6595 41.4826 
8.33 0.433365 17.6805 41.5324 
8.34 0.435458 17.7014 41.5821 
8.35 0.437551 17.7223 41.6319 
8.36 0.439646 17.7432 41.6817 
8.37 0.441742 17.7641 41.7315 
8.38 0.443838 17.785 41.7813 
8.39 0.445936 17.806 41.8311 
8.4 0.448035 17.8269 41.8809 
8.41 0.450135 17.8478 41.9307 
8.42 0.452236 17.8687 41.9805 
8.43 0.454338 17.8896 42.0303 
8.44 0.456441 17.9105 42.0801 
8.45 0.458544 17.9313 42.1299 
8.46 0.460649 17.9522 42.1797 
8.47 0.462755 17.9731 42.2295 
8.48 0.464862 17.994 42.2793 
8.49 0.46697 18.0149 42.3291 
8.5 0.469079 18.0357 42.3789 
8.51 0.471188 18.0566 42.4287 
8.52 0.473299 18.0775 42.4785 
8.53 0.475411 18.0983 42.5283 
8.54 0.477523 18.1192 42.5781 
8.55 0.479637 18.1401 42.6279 
8.56 0.481751 18.1609 42.6777 
8.57 0.483867 18.1818 42.7275 
8.58 0.485983 18.2026 42.7773 
8.59 0.4881 18.2235 42.8271 
8.6 0.490218 18.2443 42.8769 
8.61 0.492337 18.2651 42.9267 
8.62 0.494457 18.286 42.9765 
8.63 0.496577 18.3068 43.0263 
8.64 0.498699 18.3276 43.0761 
8.65 0.500821 18.3485 43.1259 
8.66 0.502944 18.3693 43.1757 
8.67 0.505068 18.3901 43.2256 
8.68 0.507193 18.4109 43.2754 
8.69 0.509319 18.4317 43.3252 
8.7 0.511446 18.4525 43.375 
8.71 0.513573 18.4734 43.4248 
8.72 0.515701 18.4942 43.4746 
8.73 0.51783 18.515 43.5244 
8.74 0.51996 18.5358 43.5742 
8.75 0.52209 18.5565 43.624 
8.76 0.524221 18.5773 43.6739 
8.77 0.526354 18.5981 43.7237 
8.78 0.528486 18.6189 43.7735 
8.79 0.53062 18.6397 43.8233 
8.8 0.532754 18.6605 43.8731 
8.81 0.534889 18.6812 43.9229 
8.82 0.537025 18.702 43.9728 
8.83 0.539162 18.7228 44.0226 
8.84 0.541299 18.7435 44.0724 
8.85 0.543437 18.7643 44.1222 
8.86 0.545576 18.7851 44.172 
8.87 0.547715 18.8058 44.2219 
8.88 0.549855 18.8266 44.2717 
8.89 0.551996 18.8473 44.3215 
8.9 0.554137 18.8681 44.3713 
8.91 0.55628 18.8888 44.4211 
8.92 0.558422 18.9096 44.471 
8.93 0.560566 18.9303 44.5208 
8.94 0.56271 18.951 44.5706 
8.95 0.564855 18.9718 44.6204 
8.96 0.567 18.9925 44.6703 
8.97 0.569146 19.0132 44.7201 
8.98 0.571293 19.0339 44.7699 
8.99 0.57344 19.0546 44.8198 
9 0.575588 19.0754 44.8696 
9.01 0.577737 19.0961 44.9194 
9.02 0.579886 19.1168 44.9692 
9.03 0.582035 19.1375 45.0191 
9.04 0.584186 19.1582 45.0689 
9.05 0.586337 19.1789 45.1187 
9.06 0.588488 19.1996 45.1686 
9.07 0.59064 19.2203 45.2184 
9.08 0.592793 19.241 45.2682 
9.09 0.594946 19.2617 45.3181 
9.1 0.5971 19.2823 45.3679 
9.11 0.599254 19.303 45.4177 
9.12 0.601409 19.3237 45.4676 
9.13 0.603564 19.3444 45.5174 
9.14 0.60572 19.365 45.5672 
9.15 0.607876 19.3857 45.6171 
9.16 0.610033 19.4064 45.6669 
9.17 0.61219 19.427 45.7168 
9.18 0.614348 19.4477 45.7666 
9.19 0.616507 19.4683 45.8164 
9.2 0.618665 19.489 45.8663 
9.21 0.620825 19.5096 45.9161 
9.22 0.622985 19.5303 45.966 
9.23 0.625145 19.5509 46.0158 
9.24 0.627306 19.5716 46.0657 
9.25 0.629467 19.5922 46.1155 
9.26 0.631628 19.6128 46.1653 
9.27 0.63379 19.6335 46.2152 
9.28 0.635953 19.6541 46.265 
9.29 0.638116 19.6747 46.3149 
9.3 0.640279 19.6954 46.3647 
9.31 0.642443 19.716 46.4146 
9.32 0.644607 19.7366 46.4644 
9.33 0.646772 19.7572 46.5143 
9.34 0.648937 19.7778 46.5641 
9.35 0.651102 19.7984 46.614 
9.36 0.653268 19.819 46.6638 
9.37 0.655434 19.8396 46.7137 
9.38 0.6576 19.8602 46.7635 
9.39 0.659767 19.8808 46.8134 
9.4 0.661934 19.9014 46.8632 
9.41 0.664102 19.922 46.9131 
9.42 0.66627 19.9426 46.9629 
9.43 0.668438 19.9631 47.0128 
9.44 0.670607 19.9837 47.0627 
9.45 0.672776 20.0043 47.1125 
9.46 0.674945 20.0249 47.1624 
9.47 0.677114 20.0454 47.2122 
9.48 0.679284 20.066 47.2621 
9.49 0.681454 20.0866 47.3119 
9.5 0.683625 20.1071 47.3618 
9.51 0.685796 20.1277 47.4117 
9.52 0.687967 20.1482 47.4615 
9.53 0.690138 20.1688 47.5114 
9.54 0.692309 20.1893 47.5613 
9.55 0.694481 20.2099 47.6111 
9.56 0.696653 20.2304 47.661 
9.57 0.698826 20.251 47.7108 
9.58 0.700998 20.2715 47.7607 
9.59 0.703171 20.292 47.8106 
9.6 0.705344 20.3126 47.8604 
9.61 0.707517 20.3331 47.9103 
9.62 0.709691 20.3536 47.9602 
9.63 0.711865 20.3741 48.0101 
9.64 0.714039 20.3946 48.0599 
9.65 0.716213 20.4152 48.1098 
9.66 0.718387 20.4357 48.1597 
9.67 0.720562 20.4562 48.2095 
9.68 0.722736 20.4767 48.2594 
9.69 0.724911 20.4972 48.3093 
9.7 0.727086 20.5177 48.3592 
9.71 0.729261 20.5382 48.409 
9.72 0.731437 20.5587 48.4589 
9.73 0.733612 20.5792 48.5088 
9.74 0.735788 20.5996 48.5587 
9.75 0.737964 20.6201 48.6085 
9.76 0.74014 20.6406 48.6584 
9.77 0.742316 20.6611 48.7083 
9.78 0.744492 20.6816 48.7582 
9.79 0.746669 20.702 48.8081 
9.8 0.748845 20.7225 48.8579 
9.81 0.751022 20.743 48.9078 
9.82 0.753198 20.7634 48.9577 
9.83 0.755375 20.7839 49.0076 
9.84 0.757552 20.8043 49.0575 
9.85 0.759729 20.8248 49.1073 
9.86 0.761906 20.8452 49.1572 
9.87 0.764083 20.8657 49.2071 
9.88 0.76626 20.8861 49.257 
9.89 0.768437 20.9066 49.3069 
9.9 0.770614 20.927 49.3568 
9.91 0.772792 20.9475 49.4067 
9.92 0.774969 20.9679 49.4566 
9.93 0.777146 20.9883 49.5064 
9.94 0.779324 21.0087 49.5563 
9.95 0.781501 21.0292 49.6062 
9.96 0.783678 21.0496 49.6561 
9.97 0.785856 21.07 49.706 
9.98 0.788033 21.0904 49.7559 
9.99 0.790211 21.1108 49.8058 
10 0.792388 21.1312 49.8557 
10.01 0.794566 21.1516 49.9056 
10.02 0.796743 21.172 49.9555 
10.03 0.79892 21.1924 50.0054 
10.04 0.801098 21.2128 50.0553 
10.05 0.803275 21.2332 50.1052 
10.06 0.805452 21.2536 50.1551 
10.07 0.807629 21.274 50.205 
10.08 0.809806 21.2944 50.2549 
10.09 0.811983 21.3148 50.3048 
10.1 0.81416 21.3351 50.3547 
10.11 0.816337 21.3555 50.4046 
10.12 0.818514 21.3759 50.4545 
10.13 0.820691 21.3963 50.5044 
10.14 0.822867 21.4166 50.5543 
10.15 0.825044 21.437 50.6042 
10.16 0.82722 21.4574 50.6541 
10.17 0.829397 21.4777 50.704 
10.18 0.831573 21.4981 50.7539 
10.19 0.833749 21.5184 50.8038 
10.2 0.835925 21.5388 50.8537 
10.21 0.838101 21.5591 50.9036 
10.22 0.840276 21.5794 50.9536 
10.23 0.842452 21.5998 51.0035 
10.24 0.844627 21.6201 51.0534 
10.25 0.846802 21.6405 51.1033 
10.26 0.848977 21.6608 51.1532 
10.27 0.851152 21.6811 51.2031 
10.28 0.853327 21.7014 51.253 
10.29 0.855501 21.7218 51.3029 
10.3 0.857676 21.7421 51.3529 
10.31 0.85985 21.7624 51.4028 
10.32 0.862024 21.7827 51.4527 
10.33 0.864197 21.803 51.5026 
10.34 0.866371 21.8233 51.5525 
10.35 0.868544 21.8436 51.6025 
10.36 0.870717 21.8639 51.6524 
10.37 0.87289 21.8842 51.7023 
10.38 0.875063 21.9045 51.7522 
10.39 0.877235 21.9248 51.8021 
10.4 0.879407 21.9451 51.8521 
10.41 0.881579 21.9654 51.902 
10.42 0.88375 21.9857 51.9519 
10.43 0.885921 22.0059 52.0018 
10.44 0.888092 22.0262 52.0518 
10.45 0.890263 22.0465 52.1017 
10.46 0.892434 22.0668 52.1516 
10.47 0.894604 22.087 52.2015 
10.48 0.896773 22.1073 52.2515 
10.49 0.898943 22.1276 52.3014 
10.5 0.901112 22.1478 52.3513 
10.51 0.903281 22.1681 52.4013 
10.52 0.90545 22.1883 52.4512 
10.53 0.907618 22.2086 52.5011 
10.54 0.909786 22.2288 52.5511 
10.55 0.911953 22.2491 52.601 
10.56 0.91412 22.2693 52.6509 
10.57 0.916287 22.2895 52.7009 
10.58 0.918454 22.3098 52.7508 
10.59 0.92062 22.33 52.8008 
10.6 0.922785 22.3502 52.8507 
10.61 0.924951 22.3705 52.9006 
10.62 0.927116 22.3907 52.9506 
10.63 0.92928 22.4109 53.0005 
10.64 0.931444 22.4311 53.0505 
10.65 0.933608 22.4513 53.1004 
10.66 0.935772 22.4715 53.1503 
10.67 0.937934 22.4918 53.2003 
10.68 0.940097 22.512 53.2502 
10.69 0.942259 22.5322 53.3002 
10.7 0.944421 22.5524 53.3501 
10.71 0.946582 22.5726 53.4001 
10.72 0.948743 22.5928 53.45 
10.73 0.950903 22.6129 53.5 
10.74 0.953063 22.6331 53.5499 
10.75 0.955222 22.6533 53.5999 
10.76 0.957381 22.6735 53.6498 
10.77 0.959539 22.6937 53.6998 
10.78 0.961697 22.7139 53.7497 
10.79 0.963855 22.734 53.7997 
10.8 0.966011 22.7542 53.8496 
10.81 0.968168 22.7744 53.8996 
10.82 0.970324 22.7945 53.9495 
10.83 0.972479 22.8147 53.9995 
10.84 0.974634 22.8348 54.0494 
10.85 0.976788 22.855 54.0994 
10.86 0.978942 22.8752 54.1494 
10.87 0.981095 22.8953 54.1993 
10.88 0.983248 22.9155 54.2493 
10.89 0.9854 22.9356 54.2992 
10.9 0.987552 22.9557 54.3492 
10.91 0.989703 22.9759 54.3992 
10.92 0.991853 22.996 54.4491 
10.93 0.994003 23.0161 54.4991 
10.94 0.996152 23.0363 54.549 
10.95 0.998301 23.0564 54.599 
10.96 1.00045 23.0765 54.649 
10.97 1.0026 23.0966 54.6989 
10.98 1.00474 23.1168 54.7489 
10.99 1.00689 23.1369 54.7989 
11 1.00903 23.157 54.8488 
11.01 1.01118 23.1771 54.8988 
11.02 1.01332 23.1972 54.9488 
11.03 1.01547 23.2173 54.9988 
11.04 1.01761 23.2374 55.0487 
11.05 1.01975 23.2575 55.0987 
11.06 1.02189 23.2776 55.1487 
11.07 1.02404 23.2977 55.1987 
11.08 1.02618 23.3178 55.2486 
11.09 1.02832 23.3379 55.2986 
11.1 1.03045 23.3579 55.3486 
11.11 1.03259 23.378 55.3986 
11.12 1.03473 23.3981 55.4485 
11.13 1.03687 23.4182 55.4985 
11.14 1.039 23.4382 55.5485 
11.15 1.04114 23.4583 55.5985 
11.16 1.04327 23.4784 55.6485 
11.17 1.04541 23.4984 55.6984 
11.18 1.04754 23.5185 55.7484 
11.19 1.04967 23.5385 55.7984 
11.2 1.0518 23.5586 55.8484 
11.21 1.05394 23.5786 55.8984 
11.22 1.05607 23.5987 55.9484 
11.23 1.05819 23.6187 55.9984 
11.24 1.06032 23.6388 56.0483 
11.25 1.06245 23.6588 56.0983 
11.26 1.06458 23.6789 56.1483 
11.27 1.0667 23.6989 56.1983 
11.28 1.06883 23.7189 56.2483 
11.29 1.07095 23.7389 56.2983 
11.3 1.07308 23.759 56.3483 
11.31 1.0752 23.779 56.3983 
11.32 1.07732 23.799 56.4483 
11.33 1.07944 23.819 56.4983 
11.34 1.08156 23.839 56.5483 
11.35 1.08368 23.859 56.5983 
11.36 1.0858 23.879 56.6483 
11.37 1.08792 23.8991 56.6983 
11.38 1.09004 23.9191 56.7483 
11.39 1.09215 23.9391 56.7983 
11.4 1.09427 23.959 56.8483 
11.41 1.09638 23.979 56.8983 
11.42 1.09849 23.999 56.9483 
11.43 1.10061 24.019 56.9983 
11.44 1.10272 24.039 57.0483 
11.45 1.10483 24.059 57.0983 
11.46 1.10694 24.079 57.1483 
11.47 1.10905 24.0989 57.1983 
11.48 1.11115 24.1189 57.2483 
11.49 1.11326 24.1389 57.2983 
11.5 1.11537 24.1588 57.3483 
11.51 1.11747 24.1788 57.3983 
11.52 1.11957 24.1988 57.4483 
11.53 1.12168 24.2187 57.4983 
11.54 1.12378 24.2387 57.5483 
11.55 1.12588 24.2586 57.5984 
11.56 1.12798 24.2786 57.6484 
11.57 1.13008 24.2985 57.6984 
11.58 1.13218 24.3185 57.7484 
11.59 1.13427 24.3384 57.7984 
11.6 1.13637 24.3583 57.8484 
11.61 1.13846 24.3783 57.8984 
11.62 1.14056 24.3982 57.9485 
11.63 1.14265 24.4181 57.9985 
11.64 1.14474 24.4381 58.0485 
11.65 1.14683 24.458 58.0985 
11.66 1.14892 24.4779 58.1485 
11.67 1.15101 24.4978 58.1986 
11.68 1.15309 24.5177 58.2486 
11.69 1.15518 24.5376 58.2986 
11.7 1.15727 24.5575 58.3486 
11.71 1.15935 24.5774 58.3987 
11.72 1.16143 24.5973 58.4487 
11.73 1.16351 24.6172 58.4987 
11.74 1.16559 24.6371 58.5488 
11.75 1.16767 24.657 58.5988 
11.76 1.16975 24.6769 58.6488 
11.77 1.17183 24.6968 58.6988 
11.78 1.1739 24.7167 58.7489 
11.79 1.17598 24.7366 58.7989 
11.8 1.17805 24.7565 58.8489 
11.81 1.18012 24.7763 58.899 
11.82 1.18219 24.7962 58.949 
11.83 1.18426 24.8161 58.999 
11.84 1.18633 24.8359 59.0491 
11.85 1.1884 24.8558 59.0991 
11.86 1.19046 24.8757 59.1492 
11.87 1.19253 24.8955 59.1992 
11.88 1.19459 24.9154 59.2492 
11.89 1.19666 24.9352 59.2993 
11.9 1.19872 24.9551 59.3493 
11.91 1.20078 24.9749 59.3994 
11.92 1.20283 24.9948 59.4494 
11.93 1.20489 25.0146 59.4994 
11.94 1.20695 25.0345 59.5495 
11.95 1.209 25.0543 59.5995 
11.96 1.21105 25.0741 59.6496 
11.97 1.21311 25.094 59.6996 
11.98 1.21516 25.1138 59.7497 
11.99 1.21721 25.1336 59.7997 
12 1.21925 25.1534 59.8498 
12.01 1.2213 25.1733 59.8998 
12.02 1.22335 25.1931 59.9499 
12.03 1.22539 25.2129 59.9999 
12.04 1.22743 25.2327 60.05 
12.05 1.22947 25.2525 60.1 
12.06 1.23151 25.2723 60.1501 
12.07 1.23355 25.2921 60.2001 
12.08 1.23559 25.3119 60.2502 
12.09 1.23762 25.3317 60.3003 
12.1 1.23966 25.3515 60.3503 
12.11 1.24169 25.3713 60.4004 
12.12 1.24372 25.3911 60.4504 
12.13 1.24575 25.4109 60.5005 
12.14 1.24778 25.4306 60.5506 
12.15 1.2498 25.4504 60.6006 
12.16 1.25183 25.4702 60.6507 
12.17 1.25385 25.49 60.7007 
12.18 1.25587 25.5097 60.7508 
12.19 1.2579 25.5295 60.8009 
12.2 1.25991 25.5493 60.8509 
12.21 1.26193 25.569 60.901 
12.22 1.26395 25.5888 60.9511 
12.23 1.26596 25.6085 61.0012 
12.24 1.26798 25.6283 61.0512 
12.25 1.26999 25.648 61.1013 
12.26 1.272 25.6678 61.1514 
12.27 1.274 25.6875 61.2014 
12.28 1.27601 25.7073 61.2515 
12.29 1.27802 25.727 61.3016 
12.3 1.28002 25.7468 61.3517 
12.31 1.28202 25.7665 61.4017 
12.32 1.28402 25.7862 61.4518 
12.33 1.28602 25.8059 61.5019 
12.34 1.28802 25.8257 61.552 
12.35 1.29001 25.8454 61.602 
12.36 1.29201 25.8651 61.6521 
12.37 1.294 25.8848 61.7022 
12.38 1.29599 25.9045 61.7523 
12.39 1.29798 25.9242 61.8024 
12.4 1.29996 25.944 61.8525 
12.41 1.30195 25.9637 61.9025 
12.42 1.30393 25.9834 61.9526 
12.43 1.30591 26.0031 62.0027 
12.44 1.30789 26.0228 62.0528 
12.45 1.30987 26.0425 62.1029 
12.46 1.31185 26.0621 62.153 
12.47 1.31382 26.0818 62.2031 
12.48 1.3158 26.1015 62.2532 
12.49 1.31777 26.1212 62.3032 
12.5 1.31974 26.1409 62.3533 
12.51 1.3217 26.1605 62.4034 
12.52 1.32367 26.1802 62.4535 
12.53 1.32563 26.1999 62.5036 
12.54 1.3276 26.2196 62.5537 
12.55 1.32956 26.2392 62.6038 
12.56 1.33152 26.2589 62.6539 
12.57 1.33347 26.2785 62.704 
12.58 1.33543 26.2982 62.7541 
12.59 1.33738 26.3179 62.8042 
12.6 1.33933 26.3375 62.8543 
12.61 1.34128 26.3572 62.9044 
12.62 1.34323 26.3768 62.9545 
12.63 1.34517 26.3964 63.0046 
12.64 1.34711 26.4161 63.0547 
12.65 1.34906 26.4357 63.1048 
12.66 1.35099 26.4554 63.1549 
12.67 1.35293 26.475 63.205 
12.68 1.35487 26.4946 63.2551 
12.69 1.3568 26.5142 63.3053 
12.7 1.35873 26.5339 63.3554 
12.71 1.36066 26.5535 63.4055 
12.72 1.36259 26.5731 63.4556 
12.73 1.36451 26.5927 63.5057 
12.74 1.36644 26.6123 63.5558 
12.75 1.36836 26.6319 63.6059 
12.76 1.37028 26.6515 63.656 
12.77 1.37219 26.6711 63.7062 
12.78 1.37411 26.6907 63.7563 
12.79 1.37602 26.7103 63.8064 
12.8 1.37793 26.7299 63.8565 
12.81 1.37984 26.7495 63.9066 
12.82 1.38175 26.7691 63.9568 
12.83 1.38365 26.7887 64.0069 
12.84 1.38556 26.8083 64.057 
12.85 1.38746 26.8279 64.1071 
12.86 1.38935 26.8474 64.1572 
12.87 1.39125 26.867 64.2074 
12.88 1.39314 26.8866 64.2575 
12.89 1.39503 26.9062 64.3076 
12.9 1.39692 26.9257 64.3577 
12.91 1.39881 26.9453 64.4079 
12.92 1.40069 26.9649 64.458 
12.93 1.40258 26.9844 64.5081 
12.94 1.40446 27.004 64.5583 
12.95 1.40634 27.0235 64.6084 
12.96 1.40821 27.0431 64.6585 
12.97 1.41008 27.0626 64.7087 
12.98 1.41195 27.0822 64.7588 
12.99 1.41382 27.1017 64.8089 
13 1.41569 27.1212 64.8591 
13.01 1.41755 27.1408 64.9092 
13.02 1.41942 27.1603 64.9593 
13.03 1.42127 27.1798 65.0095 
13.04 1.42313 27.1994 65.0596 
13.05 1.42499 27.2189 65.1098 
13.06 1.42684 27.2384 65.1599 
13.07 1.42869 27.2579 65.21 
13.08 1.43053 27.2775 65.2602 
13.09 1.43238 27.297 65.3103 
13.1 1.43422 27.3165 65.3605 
13.11 1.43606 27.336 65.4106 
13.12 1.4379 27.3555 65.4608 
13.13 1.43973 27.375 65.5109 
13.14 1.44157 27.3945 65.5611 
13.15 1.4434 27.414 65.6112 
13.16 1.44522 27.4335 65.6614 
13.17 1.44705 27.453 65.7115 
13.18 1.44887 27.4725 65.7617 
13.19 1.45069 27.492 65.8118 
13.2 1.45251 27.5114 65.862 
13.21 1.45432 27.5309 65.9121 
13.22 1.45613 27.5504 65.9623 
13.23 1.45794 27.5699 66.0124 
13.24 1.45975 27.5894 66.0626 
13.25 1.46155 27.6088 66.1128 
13.26 1.46335 27.6283 66.1629 
13.27 1.46515 27.6478 66.2131 
13.28 1.46695 27.6672 66.2632 
13.29 1.46874 27.6867 66.3134 
13.3 1.47053 27.7061 66.3636 
13.31 1.47232 27.7256 66.4137 
13.32 1.4741 27.745 66.4639 
13.33 1.47588 27.7645 66.5141 
13.34 1.47766 27.7839 66.5642 
13.35 1.47944 27.8034 66.6144 
13.36 1.48121 27.8228 66.6646 
13.37 1.48298 27.8423 66.7147 
13.38 1.48475 27.8617 66.7649 
13.39 1.48652 27.8811 66.8151 
13.4 1.48828 27.9006 66.8652 
13.41 1.49004 27.92 66.9154 
13.42 1.49179 27.9394 66.9656 
13.43 1.49355 27.9588 67.0158 
13.44 1.4953 27.9783 67.0659 
13.45 1.49705 27.9977 67.1161 
13.46 1.49879 28.0171 67.1663 
13.47 1.50053 28.0365 67.2165 
13.48 1.50227 28.0559 67.2667 
13.49 1.50401 28.0753 67.3168 
13.5 1.50574 28.0947 67.367 
13.51 1.50747 28.1141 67.4172 
13.52 1.50919 28.1335 67.4674 
13.53 1.51092 28.1529 67.5176 
13.54 1.51264 28.1723 67.5677 
13.55 1.51436 28.1917 67.6179 
13.56 1.51607 28.2111 67.6681 
13.57 1.51778 28.2305 67.7183 
13.58 1.51949 28.2499 67.7685 
13.59 1.52119 28.2692 67.8187 
13.6 1.5229 28.2886 67.8689 
13.61 1.52459 28.308 67.9191 
13.62 1.52629 28.3274 67.9693 
13.63 1.52798 28.3467 68.0194 
13.64 1.52967 28.3661 68.0696 
13.65 1.53135 28.3855 68.1198 
13.66 1.53304 28.4048 68.17 
13.67 1.53472 28.4242 68.2202 
13.68 1.53639 28.4436 68.2704 
13.69 1.53806 28.4629 68.3206 
13.7 1.53973 28.4823 68.3708 
13.71 1.5414 28.5016 68.421 
13.72 1.54306 28.521 68.4712 
13.73 1.54472 28.5403 68.5214 
13.74 1.54637 28.5597 68.5716 
13.75 1.54803 28.579 68.6218 
13.76 1.54967 28.5983 68.672 
13.77 1.55132 28.6177 68.7222 
13.78 1.55296 28.637 68.7725 
13.79 1.5546 28.6563 68.8227 
13.8 1.55623 28.6757 68.8729 
13.81 1.55786 28.695 68.9231 
13.82 1.55949 28.7143 68.9733 
13.83 1.56111 28.7336 69.0235 
13.84 1.56273 28.7529 69.0737 
13.85 1.56435 28.7723 69.1239 
13.86 1.56596 28.7916 69.1741 
13.87 1.56757 28.8109 69.2244 
13.88 1.56918 28.8302 69.2746 
13.89 1.57078 28.8495 69.3248 
13.9 1.57238 28.8688 69.375 
13.91 1.57397 28.8881 69.4252 
13.92 1.57556 28.9074 69.4754 
13.93 1.57715 28.9267 69.5257 
13.94 1.57873 28.946 69.5759 
13.95 1.58031 28.9653 69.6261 
13.96 1.58189 28.9846 69.6763 
13.97 1.58346 29.0039 69.7266 
13.98 1.58503 29.0231 69.7768 
13.99 1.58659 29.0424 69.827 
14 1.58815 29.0617 69.8772 
14.01 1.58971 29.081 69.9275 
14.02 1.59126 29.1003 69.9777 
14.03 1.59281 29.1195 70.0279 
14.04 1.59435 29.1388 70.0782 
14.05 1.59589 29.1581 70.1284 
14.06 1.59743 29.1773 70.1786 
14.07 1.59896 29.1966 70.2289 
14.08 1.60049 29.2159 70.2791 
14.09 1.60201 29.2351 70.3293 
14.1 1.60353 29.2544 70.3796 
14.11 1.60504 29.2736 70.4298 
14.12 1.60656 29.2929 70.48 
14.13 1.60806 29.3121 70.5303 
14.14 1.60957 29.3314 70.5805 
14.15 1.61106 29.3506 70.6308 
14.16 1.61256 29.3699 70.681 
14.17 1.61405 29.3891 70.7312 
14.18 1.61553 29.4083 70.7815 
14.19 1.61702 29.4276 70.8317 
14.2 1.61849 29.4468 70.882 
14.21 1.61997 29.4661 70.9322 
14.22 1.62144 29.4853 70.9825 
14.23 1.6229 29.5045 71.0327 
14.24 1.62436 29.5237 71.083 
14.25 1.62581 29.543 71.1332 
14.26 1.62726 29.5622 71.1835 
14.27 1.62871 29.5814 71.2337 
14.28 1.63015 29.6006 71.284 
14.29 1.63159 29.6198 71.3342 
14.3 1.63302 29.6391 71.3845 
14.31 1.63445 29.6583 71.4347 
14.32 1.63587 29.6775 71.485 
14.33 1.63729 29.6967 71.5352 
14.34 1.63871 29.7159 71.5855 
14.35 1.64012 29.7351 71.6358 
14.36 1.64152 29.7543 71.686 
14.37 1.64292 29.7735 71.7363 
14.38 1.64432 29.7927 71.7865 
14.39 1.64571 29.8119 71.8368 
14.4 1.64709 29.8311 71.8871 
14.41 1.64847 29.8503 71.9373 
14.42 1.64985 29.8695 71.9876 
14.43 1.65122 29.8887 72.0379 
14.44 1.65258 29.9079 72.0881 
14.45 1.65395 29.927 72.1384 
14.46 1.6553 29.9462 72.1887 
14.47 1.65665 29.9654 72.2389 
14.48 1.658 29.9846 72.2892 
14.49 1.65934 30.0038 72.3395 
14.5 1.66068 30.0229 72.3898 
14.51 1.66201 30.0421 72.44 
14.52 1.66333 30.0613 72.4903 
14.53 1.66465 30.0805 72.5406 
14.54 1.66597 30.0996 72.5909 
14.55 1.66728 30.1188 72.6411 
14.56 1.66858 30.138 72.6914 
14.57 1.66988 30.1571 72.7417 
14.58 1.67118 30.1763 72.792 
14.59 1.67247 30.1955 72.8423 
14.6 1.67375 30.2146 72.8925 
14.61 1.67503 30.2338 72.9428 
14.62 1.6763 30.2529 72.9931 
14.63 1.67757 30.2721 73.0434 
14.64 1.67883 30.2912 73.0937 
14.65 1.68009 30.3104 73.144 
14.66 1.68134 30.3295 73.1943 
14.67 1.68258 30.3487 73.2445 
14.68 1.68382 30.3678 73.2948 
14.69 1.68506 30.387 73.3451 
14.7 1.68629 30.4061 73.3954 
14.71 1.68751 30.4253 73.4457 
14.72 1.68873 30.4444 73.496 
14.73 1.68994 30.4636 73.5463 
14.74 1.69115 30.4827 73.5966 
14.75 1.69235 30.5019 73.6469 
14.76 1.69354 30.521 73.6972 
14.77 1.69473 30.5401 73.7475 
14.78 1.69591 30.5593 73.7978 
14.79 1.69709 30.5784 73.8481 
14.8 1.69826 30.5975 73.8984 
14.81 1.69942 30.6167 73.9487 
14.82 1.70058 30.6358 73.999 
14.83 1.70174 30.6549 74.0493 
14.84 1.70288 30.6741 74.0996 
14.85 1.70402 30.6932 74.1499 
14.86 1.70516 30.7123 74.2002 
14.87 1.70629 30.7314 74.2505 
14.88 1.70741 30.7506 74.3008 
14.89 1.70853 30.7697 74.3511 
14.9 1.70964 30.7888 74.4014 
14.91 1.71074 30.8079 74.4517 
14.92 1.71184 30.8271 74.5021 
14.93 1.71293 30.8462 74.5524 
14.94 1.71401 30.8653 74.6027 
14.95 1.71509 30.8844 74.653 
14.96 1.71616 30.9036 74.7033 
14.97 1.71723 30.9227 74.7536 
14.98 1.71829 30.9418 74.8039 
14.99 1.71934 30.9609 74.8543 
15 1.72039 30.98 74.9046 
15.01 1.72142 30.9992 74.9549 
15.02 1.72246 31.0183 75.0052 
15.03 1.72348 31.0374 75.0555 
15.04 1.7245 31.0565 75.1058 
15.05 1.72552 31.0756 75.1562 
15.06 1.72652 31.0947 75.2065 
15.07 1.72752 31.1139 75.2568 
15.08 1.72851 31.133 75.3071 
15.09 1.7295 31.1521 75.3575 
15.1 1.73048 31.1712 75.4078 
15.11 1.73145 31.1903 75.4581 
15.12 1.73242 31.2094 75.5084 
15.13 1.73337 31.2286 75.5588 
15.14 1.73432 31.2477 75.6091 
15.15 1.73527 31.2668 75.6594 
15.16 1.73621 31.2859 75.7098 
15.17 1.73714 31.305 75.7601 
15.18 1.73806 31.3241 75.8104 
15.19 1.73897 31.3433 75.8608 
15.2 1.73988 31.3624 75.9111 
15.21 1.74078 31.3815 75.9614 
15.22 1.74168 31.4006 76.0118 
15.23 1.74256 31.4197 76.0621 
15.24 1.74344 31.4389 76.1124 
15.25 1.74432 31.458 76.1628 
15.26 1.74518 31.4771 76.2131 
15.27 1.74604 31.4962 76.2635 
15.28 1.74689 31.5153 76.3138 
15.29 1.74773 31.5345 76.3641 
15.3 1.74857 31.5536 76.4145 
15.31 1.74939 31.5727 76.4648 
15.32 1.75021 31.5918 76.5152 
15.33 1.75103 31.611 76.5655 
15.34 1.75183 31.6301 76.6159 
15.35 1.75263 31.6492 76.6662 
15.36 1.75342 31.6684 76.7165 
15.37 1.7542 31.6875 76.7669 
15.38 1.75497 31.7066 76.8172 
15.39 1.75574 31.7258 76.8676 
15.4 1.7565 31.7449 76.9179 
15.41 1.75725 31.764 76.9683 
15.42 1.75799 31.7832 77.0186 
15.43 1.75873 31.8023 77.069 
15.44 1.75945 31.8215 77.1193 
15.45 1.76017 31.8406 77.1697 
15.46 1.76089 31.8598 77.22 
15.47 1.76159 31.8789 77.2704 
15.48 1.76228 31.8981 77.3208 
15.49 1.76297 31.9172 77.3711 
15.5 1.76365 31.9364 77.4215 
15.51 1.76432 31.9555 77.4718 
15.52 1.76499 31.9747 77.5222 
15.53 1.76564 31.9938 77.5725 
15.54 1.76629 32.013 77.6229 
15.55 1.76693 32.0322 77.6733 
15.56 1.76756 32.0513 77.7236 
15.57 1.76818 32.0705 77.774 
15.58 1.76879 32.0897 77.8243 
15.59 1.7694 32.1089 77.8747 
15.6 1.77 32.128 77.9251 
15.61 1.77059 32.1472 77.9754 
15.62 1.77117 32.1664 78.0258 
15.63 1.77174 32.1856 78.0762 
15.64 1.7723 32.2048 78.1265 
15.65 1.77286 32.224 78.1769 
15.66 1.77341 32.2432 78.2272 
15.67 1.77395 32.2624 78.2776 
15.68 1.77448 32.2816 78.328 
15.69 1.775 32.3008 78.3783 
15.7 1.77551 32.32 78.4287 
15.71 1.77602 32.3392 78.4791 
15.72 1.77652 32.3585 78.5294 
15.73 1.77701 32.3777 78.5798 
15.74 1.77749 32.3969 78.6302 
15.75 1.77796 32.4162 78.6806 
15.76 1.77842 32.4354 78.7309 
15.77 1.77888 32.4546 78.7813 
15.78 1.77932 32.4739 78.8317 
15.79 1.77976 32.4931 78.882 
15.8 1.78019 32.5124 78.9324 
15.81 1.78061 32.5317 78.9828 
15.82 1.78102 32.5509 79.0332 
15.83 1.78143 32.5702 79.0835 
15.84 1.78182 32.5895 79.1339 
15.85 1.78221 32.6088 79.1843 
15.86 1.78259 32.628 79.2346 
15.87 1.78296 32.6473 79.285 
15.88 1.78332 32.6666 79.3354 
15.89 1.78367 32.6859 79.3858 
15.9 1.78402 32.7052 79.4361 
15.91 1.78435 32.7246 79.4865 
15.92 1.78468 32.7439 79.5369 
15.93 1.785 32.7632 79.5873 
15.94 1.78531 32.7825 79.6377 
15.95 1.78562 32.8019 79.688 
15.96 1.78591 32.8212 79.7384 
15.97 1.7862 32.8406 79.7888 
15.98 1.78647 32.8599 79.8392 
15.99 1.78674 32.8793 79.8895 
16 1.787 32.8987 79.9399 
16.01 1.78726 32.9181 79.9903 
16.02 1.7875 32.9374 80.0407 
16.03 1.78774 32.9568 80.091 
16.04 1.78797 32.9762 80.1414 
16.05 1.78819 32.9956 80.1918 
16.06 1.7884 33.0151 80.2422 
16.07 1.7886 33.0345 80.2926 
16.08 1.7888 33.0539 80.3429 
16.09 1.78899 33.0734 80.3933 
16.1 1.78917 33.0928 80.4437 
16.11 1.78934 33.1123 80.4941 
16.12 1.78951 33.1317 80.5445 
16.13 1.78966 33.1512 80.5948 
16.14 1.78981 33.1707 80.6452 
16.15 1.78996 33.1902 80.6956 
16.16 1.79009 33.2097 80.746 
16.17 1.79022 33.2292 80.7963 
16.18 1.79034 33.2487 80.8467 
16.19 1.79045 33.2682 80.8971 
16.2 1.79055 33.2877 80.9475 
16.21 1.79065 33.3073 80.9979 
16.22 1.79074 33.3268 81.0482 
16.23 1.79083 33.3464 81.0986 
16.24 1.7909 33.366 81.149 
16.25 1.79097 33.3855 81.1994 
16.26 1.79103 33.4051 81.2497 
16.27 1.79109 33.4247 81.3001 
16.28 1.79114 33.4443 81.3505 
16.29 1.79118 33.464 81.4009 
16.3 1.79122 33.4836 81.4512 
16.31 1.79125 33.5032 81.5016 
16.32 1.79127 33.5229 81.552 
16.33 1.79129 33.5426 81.6024 
16.34 1.7913 33.5622 81.6527 
16.35 1.79131 33.5819 81.7031 
16.36 1.7913 33.6016 81.7535 
16.37 1.7913 33.6213 81.8039 
16.38 1.79129 33.641 81.8542 
16.39 1.79127 33.6608 81.9046 
16.4 1.79125 33.6805 81.955 
16.41 1.79122 33.7003 82.0054 
16.42 1.79118 33.72 82.0557 
16.43 1.79115 33.7398 82.1061 
16.44 1.7911 33.7596 82.1565 
16.45 1.79105 33.7794 82.2068 
16.46 1.791 33.7992 82.2572 
16.47 1.79094 33.819 82.3076 
16.48 1.79088 33.8389 82.358 
16.49 1.79082 33.8587 82.4083 
16.5 1.79075 33.8786 82.4587 
16.51 1.79067 33.8984 82.5091 
16.52 1.79059 33.9183 82.5594 
16.53 1.79051 33.9382 82.6098 
16.54 1.79043 33.9581 82.6601 
16.55 1.79034 33.978 82.7105 
16.56 1.79025 33.998 82.7609 
16.57 1.79015 34.0179 82.8112 
16.58 1.79005 34.0379 82.8616 
16.59 1.78995 34.0579 82.912 
16.6 1.78985 34.0778 82.9623 
16.61 1.78974 34.0978 83.0127 
16.62 1.78963 34.1179 83.063 
16.63 1.78952 34.1379 83.1134 
16.64 1.78941 34.1579 83.1638 
16.65 1.7893 34.178 83.2141 
16.66 1.78918 34.198 83.2645 
16.67 1.78907 34.2181 83.3148 
16.68 1.78895 34.2382 83.3652 
16.69 1.78883 34.2583 83.4155 
16.7 1.78871 34.2784 83.4659 
16.71 1.78858 34.2986 83.5162 
16.72 1.78846 34.3187 83.5666 
16.73 1.78834 34.3389 83.6169 
16.74 1.78822 34.359 83.6673 
16.75 1.78809 34.3792 83.7176 
16.76 1.78797 34.3994 83.768 
16.77 1.78785 34.4196 83.8183 
16.78 1.78773 34.4399 83.8687 
16.79 1.7876 34.4601 83.919 
16.8 1.78748 34.4804 83.9694 
16.81 1.78736 34.5006 84.0197 
16.82 1.78724 34.5209 84.0701 
16.83 1.78713 34.5412 84.1204 
16.84 1.78701 34.5615 84.1707 
16.85 1.78689 34.5818 84.2211 
16.86 1.78678 34.6022 84.2714 
16.87 1.78667 34.6225 84.3218 
16.88 1.78656 34.6429 84.3721 
16.89 1.78645 34.6632 84.4224 
16.9 1.78635 34.6836 84.4728 
16.91 1.78625 34.704 84.5231 
16.92 1.78615 34.7244 84.5734 
16.93 1.78605 34.7449 84.6238 
16.94 1.78596 34.7653 84.6741 
16.95 1.78587 34.7857 84.7244 
16.96 1.78579 34.8062 84.7747 
16.97 1.7857 34.8267 84.8251 
16.98 1.78562 34.8472 84.8754 
16.99 1.78555 34.8677 84.9257 
17 1.78548 34.8882 84.9761 
17.01 1.78541 34.9087 85.0264 
17.02 1.78535 34.9293 85.0767 
17.03 1.78529 34.9498 85.127 
17.04 1.78524 34.9704 85.1773 
17.05 1.78519 34.9909 85.2277 
17.06 1.78515 35.0115 85.278 
17.07 1.78511 35.0321 85.3283 
17.08 1.78508 35.0527 85.3786 
17.09 1.78505 35.0734 85.4289 
17.1 1.78502 35.094 85.4792 
17.11 1.78501 35.1146 85.5296 
17.12 1.785 35.1353 85.5799 
17.13 1.78499 35.156 85.6302 
17.14 1.78499 35.1766 85.6805 
17.15 1.785 35.1973 85.7308 
17.16 1.78501 35.218 85.7811 
17.17 1.78503 35.2388 85.8314 
17.18 1.78506 35.2595 85.8817 
17.19 1.78509 35.2802 85.932 
17.2 1.78513 35.301 85.9823 
17.21 1.78518 35.3217 86.0327 
17.22 1.78523 35.3425 86.083 
17.23 1.78529 35.3633 86.1333 
17.24 1.78536 35.384 86.1836 
17.25 1.78543 35.4048 86.2339 
17.26 1.78551 35.4257 86.2842 
17.27 1.7856 35.4465 86.3345 
17.28 1.7857 35.4673 86.3848 
17.29 1.7858 35.4881 86.4351 
17.3 1.78591 35.509 86.4854 
17.31 1.78603 35.5298 86.5357 
17.32 1.78616 35.5507 86.586 
17.33 1.78629 35.5716 86.6363 
17.34 1.78643 35.5924 86.6865 
17.35 1.78658 35.6133 86.7368 
17.36 1.78674 35.6342 86.7871 
17.37 1.78691 35.6551 86.8374 
17.38 1.78708 35.676 86.8877 
17.39 1.78727 35.697 86.938 
17.4 1.78746 35.7179 86.9883 
17.41 1.78766 35.7388 87.0386 
17.42 1.78786 35.7598 87.0889 
17.43 1.78808 35.7807 87.1392 
17.44 1.78831 35.8017 87.1895 
17.45 1.78854 35.8227 87.2397 
17.46 1.78878 35.8436 87.29 
17.47 1.78903 35.8646 87.3403 
17.48 1.78929 35.8856 87.3906 
17.49 1.78956 35.9066 87.4409 
17.5 1.78984 35.9276 87.4912 
17.51 1.79012 35.9486 87.5415 
17.52 1.79041 35.9697 87.5917 
17.53 1.79072 35.9907 87.642 
17.54 1.79103 36.0117 87.6923 
17.55 1.79135 36.0327 87.7426 
17.56 1.79168 36.0538 87.7929 
17.57 1.79202 36.0748 87.8431 
17.58 1.79236 36.0959 87.8934 
17.59 1.79272 36.1169 87.9437 
17.6 1.79308 36.138 87.994 
17.61 1.79346 36.1591 88.0443 
17.62 1.79384 36.1802 88.0945 
17.63 1.79423 36.2012 88.1448 
17.64 1.79463 36.2223 88.1951 
17.65 1.79504 36.2434 88.2454 
17.66 1.79546 36.2645 88.2956 
17.67 1.79589 36.2856 88.3459 
17.68 1.79633 36.3067 88.3962 
17.69 1.79677 36.3278 88.4465 
17.7 1.79722 36.3489 88.4967 
17.71 1.79769 36.37 88.547 
17.72 1.79816 36.3912 88.5973 
17.73 1.79864 36.4123 88.6476 
17.74 1.79913 36.4334 88.6978 
17.75 1.79963 36.4546 88.7481 
17.76 1.80014 36.4757 88.7984 
17.77 1.80065 36.4968 88.8487 
17.78 1.80118 36.518 88.8989 
17.79 1.80171 36.5391 88.9492 
17.8 1.80226 36.5603 88.9995 
17.81 1.80281 36.5814 89.0497 
17.82 1.80337 36.6026 89.1 
17.83 1.80394 36.6237 89.1503 
17.84 1.80452 36.6449 89.2006 
17.85 1.8051 36.6661 89.2508 
17.86 1.8057 36.6872 89.3011 
17.87 1.8063 36.7084 89.3514 
17.88 1.80691 36.7296 89.4016 
17.89 1.80754 36.7507 89.4519 
17.9 1.80817 36.7719 89.5022 
17.91 1.8088 36.7931 89.5525 
17.92 1.80945 36.8143 89.6027 
17.93 1.81011 36.8355 89.653 
17.94 1.81077 36.8567 89.7033 
17.95 1.81144 36.8778 89.7535 
17.96 1.81212 36.899 89.8038 
17.97 1.81281 36.9202 89.8541 
17.98 1.81351 36.9414 89.9043 
17.99 1.81421 36.9626 89.9546 
18 1.81493 36.9838 90.0049 
18.01 1.81565 37.005 90.0552 
18.02 1.81638 37.0262 90.1054 
18.03 1.81712 37.0474 90.1557 
18.04 1.81787 37.0686 90.206 
18.05 1.81862 37.0898 90.2562 
18.06 1.81938 37.111 90.3065 
18.07 1.82015 37.1322 90.3568 
18.08 1.82093 37.1534 90.407 
18.09 1.82172 37.1746 90.4573 
18.1 1.82251 37.1958 90.5076 
18.11 1.82332 37.217 90.5579 
18.12 1.82413 37.2382 90.6081 
18.13 1.82494 37.2594 90.6584 
18.14 1.82577 37.2806 90.7087 
18.15 1.8266 37.3018 90.7589 
18.16 1.82744 37.3231 90.8092 
18.17 1.82829 37.3443 90.8595 
18.18 1.82915 37.3655 90.9098 
18.19 1.83001 37.3867 90.96 
18.2 1.83088 37.4079 91.0103 
18.21 1.83176 37.4291 91.0606 
18.22 1.83265 37.4503 91.1108 
18.23 1.83354 37.4715 91.1611 
18.24 1.83444 37.4927 91.2114 
18.25 1.83535 37.5139 91.2617 
18.26 1.83627 37.5351 91.3119 
18.27 1.83719 37.5563 91.3622 
18.28 1.83812 37.5775 91.4125 
18.29 1.83905 37.5988 91.4627 
18.3 1.84 37.62 91.513 
18.31 1.84095 37.6412 91.5633 
18.32 1.84191 37.6624 91.6136 
18.33 1.84287 37.6836 91.6638 
18.34 1.84384 37.7048 91.7141 
18.35 1.84482 37.726 91.7644 
18.36 1.84581 37.7472 91.8147 
18.37 1.8468 37.7684 91.8649 
18.38 1.8478 37.7896 91.9152 
18.39 1.8488 37.8108 91.9655 
18.4 1.84982 37.832 92.0158 
18.41 1.85084 37.8532 92.066 
18.42 1.85186 37.8744 92.1163 
18.43 1.85289 37.8956 92.1666 
18.44 1.85393 37.9168 92.2169 
18.45 1.85498 37.938 92.2672 
18.46 1.85603 37.9592 92.3174 
18.47 1.85709 37.9803 92.3677 
18.48 1.85815 38.0015 92.418 
18.49 1.85922 38.0227 92.4683 
18.5 1.8603 38.0439 92.5186 
18.51 1.86138 38.0651 92.5688 
18.52 1.86247 38.0863 92.6191 
18.53 1.86356 38.1075 92.6694 
18.54 1.86467 38.1286 92.7197 
18.55 1.86577 38.1498 92.77 
18.56 1.86689 38.171 92.8202 
18.57 1.86801 38.1922 92.8705 
18.58 1.86913 38.2134 92.9208 
18.59 1.87026 38.2345 92.9711 
18.6 1.8714 38.2557 93.0214 
18.61 1.87254 38.2769 93.0717 
18.62 1.87369 38.298 93.1219 
18.63 1.87484 38.3192 93.1722 
18.64 1.876 38.3404 93.2225 
18.65 1.87717 38.3615 93.2728 
18.66 1.87834 38.3827 93.3231 
18.67 1.87952 38.4038 93.3734 
18.68 1.8807 38.425 93.4236 
18.69 1.88189 38.4462 93.4739 
18.7 1.88308 38.4673 93.5242 
18.71 1.88428 38.4885 93.5745 
18.72 1.88548 38.5096 93.6248 
18.73 1.88669 38.5308 93.6751 
18.74 1.88791 38.5519 93.7254 
18.75 1.88913 38.5731 93.7757 
18.76 1.89035 38.5942 93.826 
18.77 1.89158 38.6153 93.8763 
18.78 1.89282 38.6365 93.9265 
18.79 1.89406 38.6576 93.9768 
18.8 1.8953 38.6787 94.0271 
18.81 1.89655 38.6999 94.0774 
18.82 1.89781 38.721 94.1277 
18.83 1.89907 38.7421 94.178 
18.84 1.90034 38.7632 94.2283 
18.85 1.90161 38.7844 94.2786 
18.86 1.90288 38.8055 94.3289 
18.87 1.90416 38.8266 94.3792 
18.88 1.90545 38.8477 94.4295 
18.89 1.90674 38.8688 94.4798 
18.9 1.90803 38.8899 94.5301 
18.91 1.90933 38.911 94.5804 
18.92 1.91063 38.9322 94.6307 
18.93 1.91194 38.9533 94.681 
18.94 1.91326 38.9744 94.7313 
18.95 1.91457 38.9955 94.7816 
18.96 1.91589 39.0166 94.8319 
18.97 1.91722 39.0376 94.8822 
18.98 1.91855 39.0587 94.9325 
18.99 1.91989 39.0798 94.9828 
19 1.92123 39.1009 95.0331 
19.01 1.92257 39.122 95.0834 
19.02 1.92392 39.1431 95.1337 
19.03 1.92527 39.1642 95.184 
19.04 1.92663 39.1852 95.2343 
19.05 1.92799 39.2063 95.2846 
19.06 1.92936 39.2274 95.3349 
19.07 1.93073 39.2484 95.3852 
19.08 1.9321 39.2695 95.4355 
19.09 1.93348 39.2906 95.4858 
19.1 1.93486 39.3116 95.5361 
19.11 1.93625 39.3327 95.5865 
19.12 1.93764 39.3537 95.6368 
19.13 1.93903 39.3748 95.6871 
19.14 1.94043 39.3958 95.7374 
19.15 1.94183 39.4169 95.7877 
19.16 1.94324 39.4379 95.838 
19.17 1.94465 39.459 95.8883 
19.18 1.94606 39.48 95.9386 
19.19 1.94748 39.501 95.989 
19.2 1.9489 39.5221 96.0393 
19.21 1.95032 39.5431 96.0896 
19.22 1.95175 39.5641 96.1399 
19.23 1.95318 39.5852 96.1902 
19.24 1.95462 39.6062 96.2405 
19.25 1.95606 39.6272 96.2908 
19.26 1.9575 39.6482 96.3412 
19.27 1.95895 39.6692 96.3915 
19.28 1.9604 39.6902 96.4418 
19.29 1.96186 39.7113 96.4921 
19.3 1.96331 39.7323 96.5424 
19.31 1.96477 39.7533 96.5928 
19.32 1.96624 39.7743 96.6431 
19.33 1.96771 39.7953 96.6934 
19.34 1.96918 39.8163 96.7437 
19.35 1.97065 39.8372 96.7941 
19.36 1.97213 39.8582 96.8444 
19.37 1.97361 39.8792 96.8947 
19.38 1.9751 39.9002 96.945 
19.39 1.97658 39.9212 96.9954 
19.4 1.97807 39.9422 97.0457 
19.41 1.97957 39.9631 97.096 
19.42 1.98107 39.9841 97.1463 
19.43 1.98257 40.0051 97.1967 
19.44 1.98407 40.026 97.247 
19.45 1.98558 40.047 97.2973 
19.46 1.98709 40.068 97.3477 
19.47 1.9886 40.0889 97.398 
19.48 1.99012 40.1099 97.4483 
19.49 1.99164 40.1308 97.4987 
19.5 1.99316 40.1518 97.549 
19.51 1.99468 40.1727 97.5993 
19.52 1.99621 40.1937 97.6497 
19.53 1.99774 40.2146 97.7 
19.54 1.99928 40.2355 97.7503 
19.55 2.00081 40.2565 97.8007 
19.56 2.00235 40.2774 97.851 
19.57 2.00389 40.2983 97.9013 
19.58 2.00544 40.3192 97.9517 
19.59 2.00699 40.3402 98.002 
19.6 2.00854 40.3611 98.0524 
19.61 2.01009 40.382 98.1027 
19.62 2.01165 40.4029 98.153 
19.63 2.01321 40.4238 98.2034 
19.64 2.01477 40.4447 98.2537 
19.65 2.01633 40.4656 98.3041 
19.66 2.0179 40.4865 98.3544 
19.67 2.01947 40.5074 98.4048 
19.68 2.02104 40.5283 98.4551 
19.69 2.02262 40.5492 98.5055 
19.7 2.02419 40.5701 98.5558 
19.71 2.02577 40.591 98.6061 
19.72 2.02736 40.6119 98.6565 
19.73 2.02894 40.6328 98.7068 
19.74 2.03053 40.6536 98.7572 
19.75 2.03212 40.6745 98.8075 
19.76 2.03371 40.6954 98.8579 
19.77 2.0353 40.7162 98.9082 
19.78 2.0369 40.7371 98.9586 
19.79 2.0385 40.758 99.009 
19.8 2.0401 40.7788 99.0593 
19.81 2.04171 40.7997 99.1097 
19.82 2.04331 40.8205 99.16 
19.83 2.04492 40.8414 99.2104 
19.84 2.04653 40.8622 99.2607 
19.85 2.04814 40.8831 99.3111 
19.86 2.04976 40.9039 99.3614 
19.87 2.05138 40.9248 99.4118 
19.88 2.053 40.9456 99.4622 
19.89 2.05462 40.9664 99.5125 
19.9 2.05624 40.9872 99.5629 
19.91 2.05787 41.0081 99.6132 
19.92 2.0595 41.0289 99.6636 
19.93 2.06113 41.0497 99.714 
19.94 2.06276 41.0705 99.7643 
19.95 2.0644 41.0913 99.8147 
19.96 2.06603 41.1122 99.8651 
19.97 2.06767 41.133 99.9154 
19.98 2.06931 41.1538 99.9658 
19.99 2.07096 41.1746 100.016 
20 2.0726 41.1954 100.067 
