PARAMETRIC_CURVE_CARTESIAN_3D
Body2
t1: 0
t2: 20
NumPoints: 2001
0 -110 -50 10 
0.01 -109.998 -49.4992 9.99983 
0.02 -109.994 -48.9975 9.99949 
0.03 -109.989 -48.495 9.99899 
0.04 -109.981 -47.9916 9.99831 
0.05 -109.972 -47.4874 9.99747 
0.06 -109.961 -46.9824 9.99646 
0.07 -109.948 -46.4766 9.99528 
0.08 -109.932 -45.97 9.99393 
0.09 -109.915 -45.4626 9.99241 
0.1 -109.897 -44.9543 9.99072 
0.11 -109.876 -44.4453 9.98886 
0.12 -109.853 -43.9354 9.98684 
0.13 -109.828 -43.4248 9.98465 
0.14 -109.801 -42.9134 9.98229 
0.15 -109.772 -42.4012 9.97976 
0.16 -109.742 -41.8882 9.97706 
0.17 -109.709 -41.3745 9.97419 
0.18 -109.674 -40.8599 9.97116 
0.19 -109.637 -40.3447 9.96796 
0.2 -109.598 -39.8286 9.96459 
0.21 -109.557 -39.3118 9.96105 
0.22 -109.514 -38.7943 9.95734 
0.23 -109.469 -38.276 9.95347 
0.24 -109.422 -37.757 9.94943 
0.25 -109.373 -37.2372 9.94522 
0.26 -109.321 -36.7168 9.94084 
0.27 -109.268 -36.1956 9.9363 
0.28 -109.212 -35.6737 9.93159 
0.29 -109.155 -35.151 9.92671 
0.3 -109.095 -34.6277 9.92167 
0.31 -109.033 -34.1037 9.91646 
0.32 -108.968 -33.579 9.91108 
0.33 -108.902 -33.0536 9.90553 
0.34 -108.834 -32.5275 9.89982 
0.35 -108.763 -32.0008 9.89395 
0.36 -108.69 -31.4734 9.88791 
0.37 -108.615 -30.9453 9.8817 
0.38 -108.537 -30.4166 9.87532 
0.39 -108.457 -29.8872 9.86879 
0.4 -108.376 -29.3572 9.86208 
0.41 -108.291 -28.8266 9.85521 
0.42 -108.205 -28.2953 9.84818 
0.43 -108.116 -27.7635 9.84098 
0.44 -108.025 -27.231 9.83362 
0.45 -107.932 -26.6979 9.8261 
0.46 -107.836 -26.1642 9.81841 
0.47 -107.738 -25.6299 9.81056 
0.48 -107.637 -25.0951 9.80254 
0.49 -107.535 -24.5597 9.79436 
0.5 -107.429 -24.0237 9.78602 
0.51 -107.322 -23.4871 9.77752 
0.52 -107.212 -22.95 9.76885 
0.53 -107.1 -22.4124 9.76003 
0.54 -106.985 -21.8742 9.75104 
0.55 -106.868 -21.3355 9.74189 
0.56 -106.748 -20.7963 9.73258 
0.57 -106.626 -20.2566 9.72312 
0.58 -106.501 -19.7164 9.71349 
0.59 -106.374 -19.1757 9.7037 
0.6 -106.244 -18.6346 9.69376 
0.61 -106.112 -18.0929 9.68365 
0.62 -105.978 -17.5508 9.67339 
0.63 -105.841 -17.0083 9.66297 
0.64 -105.701 -16.4653 9.65239 
0.65 -105.559 -15.9219 9.64166 
0.66 -105.414 -15.378 9.63077 
0.67 -105.266 -14.8338 9.61972 
0.68 -105.116 -14.2891 9.60852 
0.69 -104.963 -13.7441 9.59716 
0.7 -104.808 -13.1986 9.58565 
0.71 -104.65 -12.6529 9.57399 
0.72 -104.49 -12.1067 9.56217 
0.73 -104.326 -11.5602 9.55021 
0.74 -104.16 -11.0134 9.53808 
0.75 -103.992 -10.4662 9.52581 
0.76 -103.82 -9.91877 9.51339 
0.77 -103.646 -9.371 9.50082 
0.78 -103.47 -8.82295 9.4881 
0.79 -103.29 -8.27462 9.47522 
0.8 -103.108 -7.72602 9.46221 
0.81 -102.922 -7.17718 9.44904 
0.82 -102.735 -6.62809 9.43573 
0.83 -102.544 -6.07878 9.42227 
0.84 -102.35 -5.52926 9.40867 
0.85 -102.154 -4.97953 9.39492 
0.86 -101.955 -4.42962 9.38103 
0.87 -101.753 -3.87954 9.36699 
0.88 -101.548 -3.32929 9.35282 
0.89 -101.34 -2.77891 9.3385 
0.9 -101.129 -2.22839 9.32404 
0.91 -100.915 -1.67775 9.30944 
0.92 -100.699 -1.12701 9.29471 
0.93 -100.479 -0.576188 9.27984 
0.94 -100.257 -0.0252905 9.26483 
0.95 -100.031 0.525664 9.24968 
0.96 -99.8028 1.07666 9.2344 
0.97 -99.5713 1.62768 9.21899 
0.98 -99.3368 2.17871 9.20345 
0.99 -99.0993 2.72974 9.18777 
1 -98.8587 3.28074 9.17196 
1.01 -98.615 3.8317 9.15602 
1.02 -98.3683 4.38261 9.13996 
1.03 -98.1185 4.93344 9.12377 
1.04 -97.8655 5.48418 9.10745 
1.05 -97.6095 6.03482 9.09101 
1.06 -97.3503 6.58532 9.07444 
1.07 -97.0879 7.13569 9.05775 
1.08 -96.8224 7.68589 9.04094 
1.09 -96.5537 8.23591 9.02401 
1.1 -96.2818 8.78573 9.00697 
1.11 -96.0067 9.33533 8.9898 
1.12 -95.7284 9.88469 8.97252 
1.13 -95.4468 10.4338 8.95513 
1.14 -95.162 10.9826 8.93762 
1.15 -94.8739 11.5311 8.92001 
1.16 -94.5825 12.0794 8.90228 
1.17 -94.2879 12.6272 8.88444 
1.18 -93.9899 13.1747 8.8665 
1.19 -93.6886 13.7219 8.84845 
1.2 -93.3839 14.2686 8.8303 
1.21 -93.0759 14.8149 8.81205 
1.22 -92.7645 15.3607 8.7937 
1.23 -92.4497 15.9061 8.77525 
1.24 -92.1315 16.451 8.7567 
1.25 -91.8099 16.9953 8.73806 
1.26 -91.4849 17.5391 8.71932 
1.27 -91.1564 18.0824 8.7005 
1.28 -90.8245 18.6251 8.68158 
1.29 -90.4891 19.1671 8.66258 
1.3 -90.1502 19.7085 8.6435 
1.31 -89.8078 20.2493 8.62433 
1.32 -89.4619 20.7893 8.60507 
1.33 -89.1125 21.3287 8.58574 
1.34 -88.7595 21.8673 8.56634 
1.35 -88.4029 22.4051 8.54685 
1.36 -88.0428 22.9421 8.5273 
1.37 -87.6791 23.4783 8.50768 
1.38 -87.3118 24.0137 8.48798 
1.39 -86.9409 24.5482 8.46822 
1.4 -86.5664 25.0818 8.4484 
1.41 -86.1882 25.6144 8.42852 
1.42 -85.8064 26.1461 8.40858 
1.43 -85.4209 26.6768 8.38859 
1.44 -85.0317 27.2064 8.36854 
1.45 -84.6388 27.735 8.34844 
1.46 -84.2423 28.2625 8.32829 
1.47 -83.842 28.7889 8.3081 
1.48 -83.438 29.3141 8.28786 
1.49 -83.0302 29.8382 8.26759 
1.5 -82.6187 30.3611 8.24727 
1.51 -82.2034 30.8827 8.22693 
1.52 -81.7844 31.403 8.20655 
1.53 -81.3616 31.922 8.18615 
1.54 -80.9349 32.4396 8.16572 
1.55 -80.5045 32.9559 8.14527 
1.56 -80.0702 33.4708 8.1248 
1.57 -79.6321 33.9842 8.10432 
1.58 -79.1902 34.4961 8.08382 
1.59 -78.7444 35.0065 8.06332 
1.6 -78.2947 35.5154 8.04281 
1.61 -77.8412 36.0226 8.02229 
1.62 -77.3838 36.5282 8.00178 
1.63 -76.9225 37.0321 7.98128 
1.64 -76.4573 37.5344 7.96078 
1.65 -75.9882 38.0348 7.9403 
1.66 -75.5152 38.5335 7.91983 
1.67 -75.0383 39.0304 7.89938 
1.68 -74.5574 39.5254 7.87896 
1.69 -74.0726 40.0184 7.85856 
1.7 -73.5839 40.5096 7.8382 
1.71 -73.0912 40.9987 7.81787 
1.72 -72.5946 41.4858 7.79758 
1.73 -72.094 41.9708 7.77734 
1.74 -71.5894 42.4537 7.75715 
1.75 -71.0808 42.9345 7.737 
1.76 -70.5683 43.413 7.71692 
1.77 -70.0518 43.8893 7.69689 
1.78 -69.5313 44.3633 7.67694 
1.79 -69.0069 44.8349 7.65705 
1.8 -68.4784 45.3042 7.63724 
1.81 -67.946 45.771 7.6175 
1.82 -67.4095 46.2354 7.59786 
1.83 -66.8691 46.6972 7.5783 
1.84 -66.3246 47.1565 7.55883 
1.85 -65.7762 47.6131 7.53947 
1.86 -65.2238 48.0671 7.52021 
1.87 -64.6674 48.5184 7.50106 
1.88 -64.107 48.9669 7.48202 
1.89 -63.5426 49.4126 7.4631 
1.9 -62.9743 49.8554 7.44431 
1.91 -62.4019 50.2953 7.42565 
1.92 -61.8256 50.7323 7.40712 
1.93 -61.2453 51.1662 7.38874 
1.94 -60.661 51.5971 7.3705 
1.95 -60.0728 52.0249 7.35242 
1.96 -59.4806 52.4494 7.33449 
1.97 -58.8845 52.8708 7.31673 
1.98 -58.2845 53.2889 7.29914 
1.99 -57.6805 53.7037 7.28173 
2 -57.0726 54.1151 7.26449 
2.01 -56.4608 54.523 7.24744 
2.02 -55.8451 54.9275 7.23059 
2.03 -55.2255 55.3285 7.21394 
2.04 -54.602 55.7258 7.1975 
2.05 -53.9747 56.1195 7.18126 
2.06 -53.3435 56.5095 7.16525 
2.07 -52.7086 56.8957 7.14946 
2.08 -52.0698 57.2781 7.1339 
2.09 -51.4272 57.6567 7.11859 
2.1 -50.7808 58.0313 7.10351 
2.11 -50.1307 58.4019 7.08869 
2.12 -49.4769 58.7685 7.07413 
2.13 -48.8193 59.131 7.05983 
2.14 -48.1581 59.4894 7.04581 
2.15 -47.4932 59.8436 7.03206 
2.16 -46.8247 60.1934 7.0186 
2.17 -46.1525 60.539 7.00544 
2.18 -45.4767 60.8802 6.99257 
2.19 -44.7974 61.217 6.98001 
2.2 -44.1146 61.5492 6.96777 
2.21 -43.4282 61.8769 6.95584 
2.22 -42.7384 62.2001 6.94425 
2.23 -42.0451 62.5185 6.93299 
2.24 -41.3484 62.8323 6.92207 
2.25 -40.6483 63.1412 6.91151 
2.26 -39.9449 63.4454 6.9013 
2.27 -39.2382 63.7446 6.89146 
2.28 -38.5282 64.0389 6.88199 
2.29 -37.815 64.3282 6.8729 
2.3 -37.0985 64.6125 6.86419 
2.31 -36.379 64.8917 6.85589 
2.32 -35.6563 65.1657 6.84798 
2.33 -34.9305 65.4344 6.84049 
2.34 -34.2018 65.698 6.83341 
2.35 -33.47 65.9561 6.82676 
2.36 -32.7353 66.2089 6.82054 
2.37 -31.9978 66.4563 6.81477 
2.38 -31.2573 66.6982 6.80944 
2.39 -30.5142 66.9346 6.80456 
2.4 -29.7682 67.1653 6.80015 
2.41 -29.0196 67.3905 6.79621 
2.42 -28.2684 67.6099 6.79275 
2.43 -27.5145 67.8236 6.78977 
2.44 -26.7582 68.0316 6.78729 
2.45 -25.9994 68.2337 6.78531 
2.46 -25.2381 68.4299 6.78383 
2.47 -24.4746 68.6202 6.78287 
2.48 -23.7087 68.8045 6.78244 
2.49 -22.9406 68.9828 6.78253 
2.5 -22.1704 69.155 6.78316 
2.51 -21.398 69.3211 6.78434 
2.52 -20.6236 69.4811 6.78607 
2.53 -19.8473 69.6349 6.78835 
2.54 -19.069 69.7824 6.79121 
2.55 -18.2889 69.9237 6.79463 
2.56 -17.507 70.0587 6.79864 
2.57 -16.7234 70.1873 6.80323 
2.58 -15.9382 70.3096 6.80842 
2.59 -15.1514 70.4254 6.81421 
2.6 -14.3631 70.5348 6.82061 
2.61 -13.5734 70.6377 6.82761 
2.62 -12.7824 70.7341 6.83524 
2.63 -11.9901 70.8239 6.8435 
2.64 -11.1966 70.9072 6.85239 
2.65 -10.402 70.9839 6.86191 
2.66 -9.60636 71.0539 6.87208 
2.67 -8.80975 71.1173 6.88291 
2.68 -8.01226 71.1741 6.89439 
2.69 -7.21396 71.2241 6.90653 
2.7 -6.41494 71.2674 6.91934 
2.71 -5.61527 71.304 6.93282 
2.72 -4.81504 71.3338 6.94698 
2.73 -4.01432 71.3569 6.96183 
2.74 -3.2132 71.3732 6.97736 
2.75 -2.41176 71.3827 6.99359 
2.76 -1.61009 71.3853 7.01052 
2.77 -0.808257 71.3812 7.02815 
2.78 -0.00635465 71.3703 7.04648 
2.79 0.795537 71.3525 7.06553 
2.8 1.59733 71.3278 7.0853 
2.81 2.39895 71.2964 7.10578 
2.82 3.20031 71.2581 7.12699 
2.83 4.00132 71.2129 7.14893 
2.84 4.8019 71.1609 7.17159 
2.85 5.60196 71.1021 7.19499 
2.86 6.40143 71.0365 7.21913 
2.87 7.20021 70.964 7.24401 
2.88 7.99823 70.8847 7.26963 
2.89 8.79539 70.7986 7.296 
2.9 9.59163 70.7057 7.32312 
2.91 10.3868 70.606 7.35098 
2.92 11.181 70.4996 7.3796 
2.93 11.9739 70.3864 7.40898 
2.94 12.7656 70.2664 7.4391 
2.95 13.5559 70.1398 7.46999 
2.96 14.3448 70.0064 7.50164 
2.97 15.1322 69.8664 7.53404 
2.98 15.918 69.7197 7.56721 
2.99 16.7021 69.5665 7.60114 
3 17.4845 69.4066 7.63583 
3.01 18.265 69.2401 7.67129 
3.02 19.0437 69.0671 7.70751 
3.03 19.8203 68.8876 7.74449 
3.04 20.5949 68.7017 7.78223 
3.05 21.3674 68.5092 7.82074 
3.06 22.1377 68.3104 7.86001 
3.07 22.9057 68.1052 7.90004 
3.08 23.6713 67.8937 7.94084 
3.09 24.4345 67.6759 7.98239 
3.1 25.1951 67.4519 8.0247 
3.11 25.9533 67.2216 8.06778 
3.12 26.7087 66.9852 8.1116 
3.13 27.4615 66.7427 8.15618 
3.14 28.2115 66.494 8.20152 
3.15 28.9586 66.2394 8.2476 
3.16 29.7029 65.9788 8.29443 
3.17 30.4441 65.7122 8.34201 
3.18 31.1824 65.4398 8.39034 
3.19 31.9175 65.1615 8.4394 
3.2 32.6495 64.8775 8.4892 
3.21 33.3782 64.5877 8.53974 
3.22 34.1037 64.2923 8.59101 
3.23 34.8258 63.9912 8.64301 
3.24 35.5446 63.6846 8.69574 
3.25 36.2599 63.3724 8.74918 
3.26 36.9717 63.0549 8.80335 
3.27 37.68 62.7319 8.85823 
3.28 38.3847 62.4036 8.91383 
3.29 39.0857 62.07 8.97013 
3.3 39.783 61.7311 9.02713 
3.31 40.4765 61.3872 9.08484 
3.32 41.1663 61.0381 9.14323 
3.33 41.8523 60.684 9.20232 
3.34 42.5343 60.3249 9.2621 
3.35 43.2125 59.9609 9.32255 
3.36 43.8866 59.592 9.38369 
3.37 44.5568 59.2184 9.44549 
3.38 45.2229 58.84 9.50796 
3.39 45.885 58.4569 9.5711 
3.4 46.5429 58.0693 9.63489 
3.41 47.1967 57.6771 9.69933 
3.42 47.8463 57.2804 9.76442 
3.43 48.4917 56.8793 9.83015 
3.44 49.1329 56.4739 9.89652 
3.45 49.7698 56.0642 9.96351 
3.46 50.4023 55.6502 10.0311 
3.47 51.0306 55.2321 10.0994 
3.48 51.6545 54.8099 10.1682 
3.49 52.274 54.3837 10.2377 
3.5 52.8891 53.9535 10.3078 
3.51 53.4998 53.5194 10.3784 
3.52 54.1061 53.0815 10.4497 
3.53 54.7078 52.6397 10.5215 
3.54 55.3051 52.1943 10.594 
3.55 55.8979 51.7452 10.667 
3.56 56.4862 51.2926 10.7405 
3.57 57.0699 50.8364 10.8146 
3.58 57.6491 50.3768 10.8893 
3.59 58.2237 49.9137 10.9646 
3.6 58.7938 49.4473 11.0403 
3.61 59.3592 48.9777 11.1167 
3.62 59.9201 48.5048 11.1935 
3.63 60.4764 48.0288 11.2709 
3.64 61.028 47.5497 11.3488 
3.65 61.575 47.0676 11.4272 
3.66 62.1174 46.5825 11.5061 
3.67 62.6551 46.0945 11.5855 
3.68 63.1882 45.6036 11.6655 
3.69 63.7167 45.11 11.7459 
3.7 64.2405 44.6136 11.8268 
3.71 64.7596 44.1145 11.9081 
3.72 65.2741 43.6129 11.99 
3.73 65.784 43.1086 12.0723 
3.74 66.2891 42.6019 12.1551 
3.75 66.7897 42.0927 12.2383 
3.76 67.2856 41.5812 12.322 
3.77 67.7768 41.0673 12.4061 
3.78 68.2634 40.5511 12.4906 
3.79 68.7453 40.0327 12.5756 
3.8 69.2226 39.5121 12.661 
3.81 69.6953 38.9894 12.7469 
3.82 70.1633 38.4647 12.8331 
3.83 70.6267 37.9379 12.9198 
3.84 71.0855 37.4092 13.0068 
3.85 71.5397 36.8785 13.0943 
3.86 71.9893 36.3461 13.1821 
3.87 72.4342 35.8118 13.2704 
3.88 72.8747 35.2757 13.359 
3.89 73.3105 34.7379 13.448 
3.9 73.7417 34.1985 13.5373 
3.91 74.1685 33.6575 13.627 
3.92 74.5906 33.1149 13.7171 
3.93 75.0083 32.5708 13.8075 
3.94 75.4214 32.0252 13.8983 
3.95 75.83 31.4782 13.9894 
3.96 76.2341 30.9298 14.0809 
3.97 76.6337 30.3801 14.1727 
3.98 77.0289 29.8291 14.2648 
3.99 77.4196 29.2768 14.3572 
4 77.8059 28.7234 14.4499 
4.01 78.1877 28.1687 14.543 
4.02 78.5651 27.613 14.6364 
4.03 78.9382 27.0562 14.73 
4.04 79.3068 26.4983 14.824 
4.05 79.6711 25.9395 14.9182 
4.06 80.031 25.3797 15.0128 
4.07 80.3866 24.819 15.1076 
4.08 80.7379 24.2574 15.2027 
4.09 81.0849 23.6949 15.298 
4.1 81.4276 23.1317 15.3937 
4.11 81.7661 22.5677 15.4896 
4.12 82.1003 22.0029 15.5857 
4.13 82.4303 21.4375 15.6821 
4.14 82.756 20.8714 15.7788 
4.15 83.0776 20.3048 15.8757 
4.16 83.395 19.7375 15.9728 
4.17 83.7082 19.1696 16.0702 
4.18 84.0173 18.6013 16.1678 
4.19 84.3223 18.0324 16.2656 
4.2 84.6232 17.4632 16.3636 
4.21 84.92 16.8934 16.4619 
4.22 85.2128 16.3234 16.5604 
4.23 85.5015 15.7529 16.6591 
4.24 85.7861 15.1821 16.758 
4.25 86.0668 14.611 16.8571 
4.26 86.3435 14.0397 16.9564 
4.27 86.6162 13.4681 17.0559 
4.28 86.885 12.8964 17.1556 
4.29 87.1499 12.3244 17.2554 
4.3 87.4109 11.7523 17.3555 
4.31 87.6679 11.18 17.4557 
4.32 87.9211 10.6077 17.5561 
4.33 88.1705 10.0353 17.6567 
4.34 88.4161 9.46288 17.7575 
4.35 88.6578 8.89043 17.8584 
4.36 88.8958 8.31798 17.9595 
4.37 89.13 7.74557 18.0607 
4.38 89.3604 7.17321 18.1621 
4.39 89.5872 6.60094 18.2636 
4.4 89.8102 6.02878 18.3653 
4.41 90.0295 5.45675 18.4671 
4.42 90.2452 4.88487 18.5691 
4.43 90.4573 4.31317 18.6712 
4.44 90.6657 3.74167 18.7734 
4.45 90.8705 3.17039 18.8758 
4.46 91.0718 2.59935 18.9783 
4.47 91.2695 2.02858 19.0809 
4.48 91.4636 1.45809 19.1837 
4.49 91.6543 0.887908 19.2865 
4.5 91.8414 0.318053 19.3895 
4.51 92.025 -0.251456 19.4926 
4.52 92.2052 -0.8206 19.5958 
4.53 92.382 -1.38936 19.6991 
4.54 92.5553 -1.95771 19.8025 
4.55 92.7253 -2.52564 19.9061 
4.56 92.8918 -3.09313 20.0097 
4.57 93.055 -3.66016 20.1134 
4.58 93.2149 -4.22672 20.2172 
4.59 93.3714 -4.79278 20.3211 
4.6 93.5247 -5.35833 20.4251 
4.61 93.6747 -5.92335 20.5291 
4.62 93.8214 -6.48782 20.6333 
4.63 93.9648 -7.05174 20.7375 
4.64 94.1051 -7.61508 20.8418 
4.65 94.2421 -8.17783 20.9462 
4.66 94.376 -8.73997 21.0507 
4.67 94.5067 -9.30148 21.1552 
4.68 94.6342 -9.86236 21.2598 
4.69 94.7587 -10.4226 21.3645 
4.7 94.88 -10.9821 21.4692 
4.71 94.9982 -11.541 21.574 
4.72 95.1134 -12.0992 21.6789 
4.73 95.2255 -12.6567 21.7838 
4.74 95.3346 -13.2134 21.8888 
4.75 95.4407 -13.7695 21.9938 
4.76 95.5438 -14.3247 22.0988 
4.77 95.6439 -14.8792 22.204 
4.78 95.7411 -15.433 22.3091 
4.79 95.8353 -15.9859 22.4143 
4.8 95.9266 -16.5381 22.5196 
4.81 96.015 -17.0895 22.6249 
4.82 96.1005 -17.64 22.7302 
4.83 96.1832 -18.1897 22.8356 
4.84 96.263 -18.7386 22.941 
4.85 96.3399 -19.2866 23.0464 
4.86 96.4141 -19.8337 23.1519 
4.87 96.4855 -20.38 23.2574 
4.88 96.5541 -20.9254 23.3629 
4.89 96.6199 -21.4698 23.4685 
4.9 96.683 -22.0134 23.5741 
4.91 96.7434 -22.5561 23.6796 
4.92 96.8011 -23.0978 23.7853 
4.93 96.856 -23.6387 23.8909 
4.94 96.9083 -24.1785 23.9966 
4.95 96.958 -24.7175 24.1022 
4.96 97.005 -25.2554 24.2079 
4.97 97.0494 -25.7924 24.3136 
4.98 97.0912 -26.3284 24.4193 
4.99 97.1303 -26.8635 24.525 
5 97.167 -27.3975 24.6308 
5.01 97.201 -27.9305 24.7365 
5.02 97.2325 -28.4625 24.8422 
5.03 97.2615 -28.9935 24.948 
5.04 97.288 -29.5235 25.0537 
5.05 97.312 -30.0525 25.1595 
5.06 97.3335 -30.5804 25.2652 
5.07 97.3526 -31.1072 25.371 
5.08 97.3692 -31.6331 25.4767 
5.09 97.3834 -32.1578 25.5824 
5.1 97.3951 -32.6815 25.6882 
5.11 97.4045 -33.2041 25.7939 
5.12 97.4115 -33.7256 25.8996 
5.13 97.4161 -34.246 26.0053 
5.14 97.4184 -34.7654 26.111 
5.15 97.4183 -35.2836 26.2166 
5.16 97.4159 -35.8008 26.3223 
5.17 97.4112 -36.3168 26.428 
5.18 97.4042 -36.8317 26.5336 
5.19 97.3949 -37.3455 26.6392 
5.2 97.3833 -37.8582 26.7448 
5.21 97.3695 -38.3697 26.8504 
5.22 97.3535 -38.8801 26.9559 
5.23 97.3353 -39.3894 27.0614 
5.24 97.3148 -39.8975 27.167 
5.25 97.2921 -40.4044 27.2724 
5.26 97.2673 -40.9102 27.3779 
5.27 97.2403 -41.4148 27.4833 
5.28 97.2111 -41.9183 27.5887 
5.29 97.1798 -42.4206 27.6941 
5.3 97.1464 -42.9217 27.7994 
5.31 97.1109 -43.4216 27.9048 
5.32 97.0733 -43.9204 28.01 
5.33 97.0336 -44.4179 28.1153 
5.34 96.9918 -44.9143 28.2205 
5.35 96.9479 -45.4094 28.3257 
5.36 96.9021 -45.9034 28.4308 
5.37 96.8542 -46.3962 28.5359 
5.38 96.8042 -46.8877 28.641 
5.39 96.7523 -47.3781 28.746 
5.4 96.6983 -47.8672 28.851 
5.41 96.6424 -48.3551 28.956 
5.42 96.5846 -48.8418 29.0609 
5.43 96.5247 -49.3272 29.1658 
5.44 96.4629 -49.8115 29.2706 
5.45 96.3992 -50.2945 29.3754 
5.46 96.3336 -50.7762 29.4801 
5.47 96.2661 -51.2567 29.5848 
5.48 96.1967 -51.736 29.6895 
5.49 96.1253 -52.2141 29.7941 
5.5 96.0522 -52.6909 29.8986 
5.51 95.9771 -53.1664 30.0031 
5.52 95.9002 -53.6407 30.1076 
5.53 95.8215 -54.1137 30.212 
5.54 95.741 -54.5855 30.3164 
5.55 95.6586 -55.056 30.4207 
5.56 95.5745 -55.5253 30.5249 
5.57 95.4886 -55.9933 30.6291 
5.58 95.4008 -56.46 30.7333 
5.59 95.3114 -56.9255 30.8374 
5.6 95.2201 -57.3896 30.9414 
5.61 95.1271 -57.8526 31.0454 
5.62 95.0324 -58.3142 31.1493 
5.63 94.936 -58.7746 31.2532 
5.64 94.8379 -59.2336 31.357 
5.65 94.738 -59.6914 31.4608 
5.66 94.6365 -60.148 31.5645 
5.67 94.5333 -60.6032 31.6681 
5.68 94.4284 -61.0571 31.7717 
5.69 94.3219 -61.5098 31.8752 
5.7 94.2137 -61.9612 31.9786 
5.71 94.1039 -62.4112 32.082 
5.72 93.9924 -62.86 32.1854 
5.73 93.8794 -63.3075 32.2886 
5.74 93.7647 -63.7537 32.3918 
5.75 93.6484 -64.1986 32.495 
5.76 93.5306 -64.6422 32.598 
5.77 93.4112 -65.0845 32.701 
5.78 93.2902 -65.5255 32.804 
5.79 93.1676 -65.9652 32.9069 
5.8 93.0436 -66.4036 33.0097 
5.81 92.9179 -66.8407 33.1124 
5.82 92.7908 -67.2765 33.2151 
5.83 92.6621 -67.711 33.3177 
5.84 92.5319 -68.1441 33.4202 
5.85 92.4003 -68.576 33.5227 
5.86 92.2671 -69.0065 33.6251 
5.87 92.1325 -69.4358 33.7274 
5.88 91.9964 -69.8637 33.8296 
5.89 91.8588 -70.2903 33.9318 
5.9 91.7198 -70.7156 34.0339 
5.91 91.5793 -71.1396 34.136 
5.92 91.4374 -71.5623 34.2379 
5.93 91.2941 -71.9836 34.3398 
5.94 91.1494 -72.4037 34.4416 
5.95 91.0033 -72.8224 34.5434 
5.96 90.8557 -73.2398 34.645 
5.97 90.7068 -73.6559 34.7466 
5.98 90.5565 -74.0707 34.8481 
5.99 90.4048 -74.4841 34.9496 
6 90.2518 -74.8963 35.0509 
6.01 90.0974 -75.3071 35.1522 
6.02 89.9417 -75.7166 35.2534 
6.03 89.7846 -76.1247 35.3546 
6.04 89.6262 -76.5316 35.4556 
6.05 89.4665 -76.9371 35.5566 
6.06 89.3055 -77.3413 35.6575 
6.07 89.1431 -77.7442 35.7583 
6.08 88.9795 -78.1458 35.859 
6.09 88.8146 -78.546 35.9597 
6.1 88.6484 -78.9449 36.0603 
6.11 88.4809 -79.3425 36.1608 
6.12 88.3122 -79.7388 36.2612 
6.13 88.1422 -80.1337 36.3615 
6.14 87.971 -80.5273 36.4618 
6.15 87.7985 -80.9196 36.5619 
6.16 87.6248 -81.3106 36.662 
6.17 87.4499 -81.7002 36.762 
6.18 87.2738 -82.0885 36.8619 
6.19 87.0964 -82.4755 36.9618 
6.2 86.9179 -82.8612 37.0615 
6.21 86.7381 -83.2456 37.1612 
6.22 86.5572 -83.6286 37.2608 
6.23 86.3751 -84.0103 37.3603 
6.24 86.1918 -84.3906 37.4597 
6.25 86.0074 -84.7697 37.559 
6.26 85.8218 -85.1474 37.6582 
6.27 85.635 -85.5238 37.7574 
6.28 85.4471 -85.8989 37.8565 
6.29 85.2581 -86.2726 37.9554 
6.3 85.068 -86.6451 38.0543 
6.31 84.8767 -87.0162 38.1531 
6.32 84.6843 -87.3859 38.2519 
6.33 84.4908 -87.7544 38.3505 
6.34 84.2962 -88.1215 38.449 
6.35 84.1005 -88.4873 38.5475 
6.36 83.9038 -88.8518 38.6458 
6.37 83.7059 -89.215 38.7441 
6.38 83.507 -89.5768 38.8423 
6.39 83.307 -89.9374 38.9404 
6.4 83.106 -90.2965 39.0384 
6.41 82.9039 -90.6544 39.1363 
6.42 82.7007 -91.011 39.2342 
6.43 82.4965 -91.3662 39.3319 
6.44 82.2913 -91.7201 39.4295 
6.45 82.0851 -92.0727 39.5271 
6.46 81.8778 -92.424 39.6246 
6.47 81.6696 -92.7739 39.7219 
6.48 81.4603 -93.1226 39.8192 
6.49 81.25 -93.4699 39.9164 
6.5 81.0387 -93.8159 40.0135 
6.51 80.8265 -94.1606 40.1105 
6.52 80.6133 -94.5039 40.2074 
6.53 80.399 -94.846 40.3042 
6.54 80.1839 -95.1867 40.401 
6.55 79.9677 -95.5261 40.4976 
6.56 79.7506 -95.8642 40.5941 
6.57 79.5326 -96.201 40.6906 
6.58 79.3136 -96.5365 40.7869 
6.59 79.0936 -96.8706 40.8832 
6.6 78.8728 -97.2035 40.9793 
6.61 78.651 -97.535 41.0754 
6.62 78.4283 -97.8652 41.1714 
6.63 78.2047 -98.1941 41.2673 
6.64 77.9801 -98.5217 41.363 
6.65 77.7547 -98.848 41.4587 
6.66 77.5284 -99.1729 41.5543 
6.67 77.3011 -99.4966 41.6498 
6.68 77.073 -99.8189 41.7452 
6.69 76.844 -100.14 41.8405 
6.7 76.6142 -100.46 41.9357 
6.71 76.3835 -100.778 42.0308 
6.72 76.1519 -101.095 42.1258 
6.73 75.9194 -101.411 42.2208 
6.74 75.6861 -101.726 42.3156 
6.75 75.452 -102.039 42.4103 
6.76 75.217 -102.351 42.5049 
6.77 74.9811 -102.661 42.5995 
6.78 74.7445 -102.971 42.6939 
6.79 74.507 -103.278 42.7882 
6.8 74.2687 -103.585 42.8824 
6.81 74.0296 -103.891 42.9766 
6.82 73.7897 -104.195 43.0706 
6.83 73.5489 -104.497 43.1646 
6.84 73.3074 -104.799 43.2584 
6.85 73.0651 -105.099 43.3521 
6.86 72.822 -105.398 43.4458 
6.87 72.5781 -105.696 43.5393 
6.88 72.3334 -105.992 43.6328 
6.89 72.088 -106.287 43.7261 
6.9 71.8418 -106.58 43.8193 
6.91 71.5948 -106.873 43.9125 
6.92 71.3471 -107.164 44.0055 
6.93 71.0986 -107.454 44.0985 
6.94 70.8494 -107.742 44.1913 
6.95 70.5994 -108.03 44.2841 
6.96 70.3487 -108.315 44.3767 
6.97 70.0973 -108.6 44.4692 
6.98 69.8451 -108.883 44.5617 
6.99 69.5922 -109.166 44.654 
7 69.3386 -109.446 44.7463 
7.01 69.0843 -109.726 44.8384 
7.02 68.8293 -110.004 44.9304 
7.03 68.5735 -110.281 45.0224 
7.04 68.3171 -110.557 45.1142 
7.05 68.06 -110.831 45.2059 
7.06 67.8022 -111.104 45.2976 
7.07 67.5437 -111.376 45.3891 
7.08 67.2845 -111.646 45.4805 
7.09 67.0246 -111.915 45.5718 
7.1 66.7641 -112.183 45.6631 
7.11 66.5029 -112.45 45.7542 
7.12 66.241 -112.715 45.8452 
7.13 65.9785 -112.979 45.9361 
7.14 65.7153 -113.242 46.0269 
7.15 65.4515 -113.504 46.1176 
7.16 65.187 -113.764 46.2082 
7.17 64.9219 -114.023 46.2987 
7.18 64.6562 -114.281 46.3891 
7.19 64.3898 -114.537 46.4794 
7.2 64.1228 -114.792 46.5696 
7.21 63.8552 -115.046 46.6597 
7.22 63.587 -115.299 46.7497 
7.23 63.3181 -115.55 46.8395 
7.24 63.0486 -115.8 46.9293 
7.25 62.7786 -116.049 47.019 
7.26 62.5079 -116.297 47.1086 
7.27 62.2366 -116.543 47.198 
7.28 61.9648 -116.788 47.2874 
7.29 61.6923 -117.032 47.3766 
7.3 61.4193 -117.274 47.4658 
7.31 61.1457 -117.515 47.5548 
7.32 60.8715 -117.755 47.6438 
7.33 60.5967 -117.994 47.7326 
7.34 60.3214 -118.231 47.8213 
7.35 60.0455 -118.467 47.9099 
7.36 59.769 -118.702 47.9985 
7.37 59.492 -118.936 48.0869 
7.38 59.2144 -119.168 48.1752 
7.39 58.9363 -119.399 48.2634 
7.4 58.6577 -119.629 48.3515 
7.41 58.3785 -119.858 48.4395 
7.42 58.0987 -120.085 48.5274 
7.43 57.8185 -120.311 48.6151 
7.44 57.5377 -120.536 48.7028 
7.45 57.2563 -120.76 48.7904 
7.46 56.9745 -120.982 48.8778 
7.47 56.6921 -121.203 48.9652 
7.48 56.4093 -121.423 49.0524 
7.49 56.1259 -121.641 49.1396 
7.5 55.842 -121.859 49.2266 
7.51 55.5576 -122.075 49.3135 
7.52 55.2727 -122.289 49.4004 
7.53 54.9873 -122.503 49.4871 
7.54 54.7015 -122.715 49.5737 
7.55 54.4151 -122.926 49.6602 
7.56 54.1283 -123.136 49.7466 
7.57 53.8409 -123.345 49.8329 
7.58 53.5531 -123.552 49.9191 
7.59 53.2649 -123.758 50.0051 
7.6 52.9761 -123.963 50.0911 
7.61 52.6869 -124.167 50.177 
7.62 52.3973 -124.369 50.2627 
7.63 52.1071 -124.57 50.3483 
7.64 51.8166 -124.77 50.4339 
7.65 51.5255 -124.969 50.5193 
7.66 51.2341 -125.166 50.6046 
7.67 50.9421 -125.362 50.6898 
7.68 50.6498 -125.557 50.7749 
7.69 50.357 -125.751 50.8599 
7.7 50.0638 -125.943 50.9448 
7.71 49.7701 -126.134 51.0296 
7.72 49.476 -126.324 51.1143 
7.73 49.1815 -126.513 51.1988 
7.74 48.8866 -126.701 51.2833 
7.75 48.5912 -126.887 51.3676 
7.76 48.2955 -127.072 51.4519 
7.77 47.9993 -127.256 51.536 
7.78 47.7028 -127.438 51.62 
7.79 47.4058 -127.62 51.7039 
7.8 47.1084 -127.8 51.7877 
7.81 46.8106 -127.979 51.8714 
7.82 46.5125 -128.157 51.955 
7.83 46.2139 -128.333 52.0385 
7.84 45.915 -128.508 52.1219 
7.85 45.6157 -128.682 52.2051 
7.86 45.316 -128.855 52.2883 
7.87 45.0159 -129.027 52.3713 
7.88 44.7155 -129.197 52.4542 
7.89 44.4147 -129.366 52.5371 
7.9 44.1135 -129.534 52.6198 
7.91 43.8119 -129.701 52.7024 
7.92 43.51 -129.866 52.7849 
7.93 43.2078 -130.03 52.8672 
7.94 42.9052 -130.193 52.9495 
7.95 42.6022 -130.355 53.0317 
7.96 42.2989 -130.516 53.1137 
7.97 41.9952 -130.675 53.1957 
7.98 41.6912 -130.833 53.2775 
7.99 41.3869 -130.99 53.3592 
8 41.0822 -131.146 53.4408 
8.01 40.7772 -131.301 53.5223 
8.02 40.4719 -131.454 53.6037 
8.03 40.1663 -131.606 53.685 
8.04 39.8603 -131.757 53.7662 
8.05 39.554 -131.906 53.8472 
8.06 39.2474 -132.055 53.9282 
8.07 38.9404 -132.202 54.009 
8.08 38.6332 -132.348 54.0898 
8.09 38.3257 -132.493 54.1704 
8.1 38.0178 -132.637 54.2509 
8.11 37.7097 -132.779 54.3313 
8.12 37.4012 -132.92 54.4116 
8.13 37.0925 -133.06 54.4917 
8.14 36.7835 -133.199 54.5718 
8.15 36.4741 -133.337 54.6517 
8.16 36.1645 -133.473 54.7316 
8.17 35.8546 -133.609 54.8113 
8.18 35.5445 -133.743 54.8909 
8.19 35.234 -133.875 54.9704 
8.2 34.9233 -134.007 55.0498 
8.21 34.6123 -134.137 55.1291 
8.22 34.301 -134.267 55.2083 
8.23 33.9895 -134.395 55.2873 
8.24 33.6777 -134.521 55.3663 
8.25 33.3657 -134.647 55.4451 
8.26 33.0533 -134.771 55.5239 
8.27 32.7408 -134.895 55.6025 
8.28 32.428 -135.017 55.681 
8.29 32.1149 -135.138 55.7594 
8.3 31.8016 -135.257 55.8376 
8.31 31.488 -135.376 55.9158 
8.32 31.1742 -135.493 55.9939 
8.33 30.8602 -135.609 56.0718 
8.34 30.5459 -135.724 56.1496 
8.35 30.2314 -135.838 56.2273 
8.36 29.9167 -135.95 56.3049 
8.37 29.6018 -136.061 56.3824 
8.38 29.2866 -136.172 56.4598 
8.39 28.9712 -136.281 56.5371 
8.4 28.6556 -136.388 56.6142 
8.41 28.3397 -136.495 56.6913 
8.42 28.0237 -136.6 56.7682 
8.43 27.7074 -136.704 56.845 
8.44 27.391 -136.808 56.9217 
8.45 27.0743 -136.909 56.9983 
8.46 26.7574 -137.01 57.0748 
8.47 26.4403 -137.109 57.1512 
8.48 26.1231 -137.208 57.2274 
8.49 25.8056 -137.305 57.3036 
8.5 25.488 -137.401 57.3796 
8.51 25.1701 -137.496 57.4555 
8.52 24.8521 -137.589 57.5313 
8.53 24.5339 -137.682 57.607 
8.54 24.2155 -137.773 57.6825 
8.55 23.8969 -137.863 57.758 
8.56 23.5782 -137.952 57.8334 
8.57 23.2593 -138.039 57.9086 
8.58 22.9402 -138.126 57.9837 
8.59 22.621 -138.211 58.0587 
8.6 22.3015 -138.295 58.1336 
8.61 21.982 -138.378 58.2084 
8.62 21.6622 -138.46 58.283 
8.63 21.3423 -138.541 58.3576 
8.64 21.0223 -138.62 58.432 
8.65 20.7021 -138.698 58.5063 
8.66 20.3817 -138.776 58.5806 
8.67 20.0612 -138.852 58.6546 
8.68 19.7406 -138.926 58.7286 
8.69 19.4198 -139 58.8025 
8.7 19.0989 -139.072 58.8762 
8.71 18.7778 -139.144 58.9499 
8.72 18.4566 -139.214 59.0234 
8.73 18.1353 -139.283 59.0968 
8.74 17.8138 -139.35 59.1701 
8.75 17.4923 -139.417 59.2433 
8.76 17.1706 -139.483 59.3163 
8.77 16.8487 -139.547 59.3893 
8.78 16.5268 -139.61 59.4621 
8.79 16.2047 -139.672 59.5349 
8.8 15.8825 -139.733 59.6075 
8.81 15.5603 -139.792 59.6799 
8.82 15.2379 -139.851 59.7523 
8.83 14.9154 -139.908 59.8246 
8.84 14.5928 -139.964 59.8967 
8.85 14.27 -140.019 59.9688 
8.86 13.9472 -140.073 60.0407 
8.87 13.6243 -140.126 60.1125 
8.88 13.3013 -140.177 60.1842 
8.89 12.9782 -140.227 60.2557 
8.9 12.6551 -140.277 60.3272 
8.91 12.3318 -140.325 60.3985 
8.92 12.0085 -140.372 60.4698 
8.93 11.685 -140.417 60.5409 
8.94 11.3615 -140.462 60.6119 
8.95 11.0379 -140.505 60.6827 
8.96 10.7143 -140.547 60.7535 
8.97 10.3905 -140.588 60.8241 
8.98 10.0667 -140.628 60.8947 
8.99 9.74284 -140.667 60.9651 
9 9.4189 -140.705 61.0354 
9.01 9.0949 -140.741 61.1056 
9.02 8.77084 -140.777 61.1756 
9.03 8.44672 -140.811 61.2456 
9.04 8.12255 -140.844 61.3154 
9.05 7.79832 -140.876 61.3851 
9.06 7.47404 -140.906 61.4547 
9.07 7.14971 -140.936 61.5242 
9.08 6.82534 -140.964 61.5936 
9.09 6.50092 -140.992 61.6628 
9.1 6.17647 -141.018 61.732 
9.11 5.85197 -141.043 61.801 
9.12 5.52744 -141.067 61.8699 
9.13 5.20287 -141.089 61.9387 
9.14 4.87827 -141.111 62.0073 
9.15 4.55364 -141.131 62.0759 
9.16 4.22899 -141.15 62.1443 
9.17 3.90431 -141.168 62.2126 
9.18 3.5796 -141.185 62.2808 
9.19 3.25488 -141.201 62.3489 
9.2 2.93014 -141.216 62.4169 
9.21 2.60539 -141.229 62.4847 
9.22 2.28062 -141.242 62.5525 
9.23 1.95584 -141.253 62.6201 
9.24 1.63105 -141.263 62.6876 
9.25 1.30626 -141.272 62.755 
9.26 0.981457 -141.28 62.8222 
9.27 0.656658 -141.286 62.8894 
9.28 0.331859 -141.292 62.9564 
9.29 0.00706403 -141.296 63.0233 
9.3 -0.317726 -141.3 63.0901 
9.31 -0.642508 -141.302 63.1568 
9.32 -0.96728 -141.303 63.2233 
9.33 -1.29204 -141.302 63.2898 
9.34 -1.61678 -141.301 63.3561 
9.35 -1.94151 -141.299 63.4223 
9.36 -2.26622 -141.295 63.4884 
9.37 -2.59091 -141.29 63.5544 
9.38 -2.91557 -141.284 63.6202 
9.39 -3.24021 -141.277 63.6859 
9.4 -3.56482 -141.269 63.7516 
9.41 -3.88939 -141.26 63.817 
9.42 -4.21394 -141.25 63.8824 
9.43 -4.53845 -141.238 63.9477 
9.44 -4.86292 -141.225 64.0128 
9.45 -5.18735 -141.212 64.0778 
9.46 -5.51174 -141.197 64.1427 
9.47 -5.83609 -141.181 64.2075 
9.48 -6.16038 -141.163 64.2722 
9.49 -6.48463 -141.145 64.3367 
9.5 -6.80883 -141.126 64.4012 
9.51 -7.13298 -141.105 64.4655 
9.52 -7.45706 -141.083 64.5297 
9.53 -7.7811 -141.06 64.5937 
9.54 -8.10507 -141.036 64.6577 
9.55 -8.42897 -141.011 64.7215 
9.56 -8.75282 -140.985 64.7852 
9.57 -9.07659 -140.957 64.8488 
9.58 -9.4003 -140.929 64.9123 
9.59 -9.72393 -140.899 64.9756 
9.6 -10.0475 -140.869 65.0389 
9.61 -10.371 -140.837 65.102 
9.62 -10.6944 -140.804 65.165 
9.63 -11.0177 -140.769 65.2278 
9.64 -11.341 -140.734 65.2906 
9.65 -11.6641 -140.698 65.3532 
9.66 -11.9872 -140.66 65.4157 
9.67 -12.3102 -140.621 65.4781 
9.68 -12.633 -140.582 65.5404 
9.69 -12.9558 -140.541 65.6026 
9.7 -13.2785 -140.499 65.6646 
9.71 -13.6011 -140.455 65.7265 
9.72 -13.9236 -140.411 65.7883 
9.73 -14.246 -140.366 65.85 
9.74 -14.5683 -140.319 65.9115 
9.75 -14.8905 -140.272 65.973 
9.76 -15.2126 -140.223 66.0343 
9.77 -15.5345 -140.173 66.0955 
9.78 -15.8564 -140.122 66.1565 
9.79 -16.1781 -140.07 66.2175 
9.8 -16.4997 -140.016 66.2783 
9.81 -16.8212 -139.962 66.339 
9.82 -17.1426 -139.906 66.3996 
9.83 -17.4638 -139.85 66.4601 
9.84 -17.7849 -139.792 66.5204 
9.85 -18.1059 -139.733 66.5806 
9.86 -18.4267 -139.673 66.6407 
9.87 -18.7474 -139.612 66.7007 
9.88 -19.068 -139.55 66.7606 
9.89 -19.3885 -139.486 66.8203 
9.9 -19.7087 -139.422 66.8799 
9.91 -20.0289 -139.356 66.9394 
9.92 -20.3489 -139.289 66.9988 
9.93 -20.6688 -139.221 67.058 
9.94 -20.9885 -139.152 67.1171 
9.95 -21.308 -139.082 67.1761 
9.96 -21.6274 -139.011 67.235 
9.97 -21.9467 -138.939 67.2938 
9.98 -22.2657 -138.865 67.3524 
9.99 -22.5847 -138.791 67.4109 
10 -22.9034 -138.715 67.4693 
10.01 -23.222 -138.638 67.5276 
10.02 -23.5404 -138.56 67.5857 
10.03 -23.8587 -138.481 67.6438 
10.04 -24.1767 -138.401 67.7017 
10.05 -24.4946 -138.32 67.7595 
10.06 -24.8124 -138.237 67.8171 
10.07 -25.1299 -138.154 67.8746 
10.08 -25.4473 -138.069 67.9321 
10.09 -25.7644 -137.984 67.9893 
10.1 -26.0814 -137.897 68.0465 
10.11 -26.3982 -137.809 68.1035 
10.12 -26.7148 -137.72 68.1605 
10.13 -27.0312 -137.63 68.2173 
10.14 -27.3475 -137.538 68.2739 
10.15 -27.6635 -137.446 68.3305 
10.16 -27.9793 -137.352 68.3869 
10.17 -28.2949 -137.258 68.4432 
10.18 -28.6103 -137.162 68.4994 
10.19 -28.9255 -137.065 68.5554 
10.2 -29.2405 -136.967 68.6114 
10.21 -29.5553 -136.868 68.6672 
10.22 -29.8699 -136.768 68.7228 
10.23 -30.1842 -136.666 68.7784 
10.24 -30.4984 -136.564 68.8338 
10.25 -30.8123 -136.46 68.8891 
10.26 -31.126 -136.356 68.9443 
10.27 -31.4394 -136.25 68.9994 
10.28 -31.7527 -136.143 69.0543 
10.29 -32.0657 -136.035 69.1091 
10.3 -32.3785 -135.926 69.1638 
10.31 -32.691 -135.816 69.2184 
10.32 -33.0033 -135.704 69.2728 
10.33 -33.3154 -135.592 69.3271 
10.34 -33.6272 -135.479 69.3813 
10.35 -33.9388 -135.364 69.4353 
10.36 -34.2501 -135.248 69.4893 
10.37 -34.5612 -135.131 69.5431 
10.38 -34.872 -135.013 69.5968 
10.39 -35.1826 -134.894 69.6503 
10.4 -35.4929 -134.774 69.7038 
10.41 -35.803 -134.653 69.7571 
10.42 -36.1128 -134.53 69.8102 
10.43 -36.4223 -134.407 69.8633 
10.44 -36.7316 -134.282 69.9162 
10.45 -37.0406 -134.156 69.969 
10.46 -37.3493 -134.029 70.0217 
10.47 -37.6578 -133.902 70.0742 
10.48 -37.966 -133.772 70.1267 
10.49 -38.2739 -133.642 70.179 
10.5 -38.5815 -133.511 70.2311 
10.51 -38.8889 -133.379 70.2832 
10.52 -39.196 -133.245 70.3351 
10.53 -39.5027 -133.11 70.3869 
10.54 -39.8092 -132.975 70.4385 
10.55 -40.1154 -132.838 70.4901 
10.56 -40.4214 -132.7 70.5415 
10.57 -40.727 -132.561 70.5928 
10.58 -41.0323 -132.421 70.6439 
10.59 -41.3373 -132.28 70.695 
10.6 -41.642 -132.137 70.7459 
10.61 -41.9464 -131.994 70.7966 
10.62 -42.2505 -131.849 70.8473 
10.63 -42.5543 -131.704 70.8978 
10.64 -42.8578 -131.557 70.9482 
10.65 -43.161 -131.409 70.9984 
10.66 -43.4638 -131.26 71.0486 
10.67 -43.7663 -131.11 71.0986 
10.68 -44.0685 -130.959 71.1484 
10.69 -44.3704 -130.806 71.1982 
10.7 -44.672 -130.653 71.2478 
10.71 -44.9732 -130.498 71.2973 
10.72 -45.2741 -130.343 71.3467 
10.73 -45.5746 -130.186 71.3959 
10.74 -45.8748 -130.028 71.445 
10.75 -46.1747 -129.869 71.494 
10.76 -46.4742 -129.709 71.5428 
10.77 -46.7734 -129.548 71.5915 
10.78 -47.0723 -129.386 71.6401 
10.79 -47.3708 -129.223 71.6886 
10.8 -47.6689 -129.058 71.7369 
10.81 -47.9667 -128.893 71.7851 
10.82 -48.2641 -128.726 71.8332 
10.83 -48.5612 -128.558 71.8811 
10.84 -48.8579 -128.389 71.9289 
10.85 -49.1543 -128.219 71.9766 
10.86 -49.4503 -128.048 72.0242 
10.87 -49.7459 -127.876 72.0716 
10.88 -50.0411 -127.703 72.1189 
10.89 -50.336 -127.529 72.1661 
10.9 -50.6305 -127.353 72.2131 
10.91 -50.9246 -127.176 72.26 
10.92 -51.2183 -126.999 72.3068 
10.93 -51.5117 -126.82 72.3534 
10.94 -51.8046 -126.64 72.3999 
10.95 -52.0972 -126.459 72.4463 
10.96 -52.3894 -126.277 72.4925 
10.97 -52.6811 -126.094 72.5386 
10.98 -52.9725 -125.91 72.5846 
10.99 -53.2635 -125.724 72.6305 
11 -53.5541 -125.538 72.6762 
11.01 -53.8443 -125.35 72.7218 
11.02 -54.134 -125.161 72.7672 
11.03 -54.4234 -124.972 72.8126 
11.04 -54.7123 -124.781 72.8578 
11.05 -55.0009 -124.589 72.9028 
11.06 -55.289 -124.396 72.9477 
11.07 -55.5767 -124.201 72.9925 
11.08 -55.864 -124.006 73.0372 
11.09 -56.1508 -123.81 73.0817 
11.1 -56.4372 -123.612 73.1261 
11.11 -56.7232 -123.413 73.1704 
11.12 -57.0087 -123.214 73.2145 
11.13 -57.2939 -123.013 73.2585 
11.14 -57.5785 -122.811 73.3024 
11.15 -57.8628 -122.608 73.3461 
11.16 -58.1466 -122.404 73.3897 
11.17 -58.4299 -122.199 73.4332 
11.18 -58.7128 -121.992 73.4765 
11.19 -58.9952 -121.785 73.5198 
11.2 -59.2772 -121.576 73.5628 
11.21 -59.5587 -121.367 73.6058 
11.22 -59.8398 -121.156 73.6486 
11.23 -60.1204 -120.944 73.6912 
11.24 -60.4005 -120.731 73.7338 
11.25 -60.6802 -120.517 73.7761 
11.26 -60.9594 -120.302 73.8184 
11.27 -61.2381 -120.086 73.8605 
11.28 -61.5163 -119.869 73.9025 
11.29 -61.7941 -119.65 73.9444 
11.3 -62.0714 -119.431 73.9861 
11.31 -62.3482 -119.21 74.0277 
11.32 -62.6245 -118.988 74.0692 
11.33 -62.9003 -118.765 74.1105 
11.34 -63.1756 -118.541 74.1517 
11.35 -63.4504 -118.316 74.1927 
11.36 -63.7248 -118.09 74.2336 
11.37 -63.9986 -117.863 74.2744 
11.38 -64.2719 -117.635 74.315 
11.39 -64.5447 -117.405 74.3555 
11.4 -64.817 -117.175 74.3959 
11.41 -65.0888 -116.943 74.4361 
11.42 -65.3601 -116.71 74.4762 
11.43 -65.6308 -116.477 74.5162 
11.44 -65.901 -116.242 74.556 
11.45 -66.1707 -116.006 74.5957 
11.46 -66.4399 -115.768 74.6353 
11.47 -66.7085 -115.53 74.6747 
11.48 -66.9766 -115.291 74.714 
11.49 -67.2442 -115.051 74.7531 
11.5 -67.5112 -114.809 74.7921 
11.51 -67.7777 -114.566 74.831 
11.52 -68.0436 -114.323 74.8697 
11.53 -68.309 -114.078 74.9083 
11.54 -68.5738 -113.832 74.9467 
11.55 -68.8381 -113.585 74.985 
11.56 -69.1018 -113.337 75.0232 
11.57 -69.365 -113.088 75.0612 
11.58 -69.6276 -112.837 75.0991 
11.59 -69.8896 -112.586 75.1369 
11.6 -70.1511 -112.333 75.1745 
11.61 -70.412 -112.08 75.212 
11.62 -70.6723 -111.825 75.2494 
11.63 -70.932 -111.569 75.2866 
11.64 -71.1911 -111.312 75.3236 
11.65 -71.4497 -111.054 75.3605 
11.66 -71.7077 -110.795 75.3973 
11.67 -71.9651 -110.535 75.434 
11.68 -72.2218 -110.274 75.4705 
11.69 -72.478 -110.011 75.5069 
11.7 -72.7336 -109.748 75.5431 
11.71 -72.9886 -109.483 75.5792 
11.72 -73.243 -109.218 75.6151 
11.73 -73.4967 -108.951 75.6509 
11.74 -73.7499 -108.683 75.6866 
11.75 -74.0024 -108.414 75.7221 
11.76 -74.2543 -108.144 75.7575 
11.77 -74.5056 -107.873 75.7927 
11.78 -74.7562 -107.6 75.8279 
11.79 -75.0063 -107.327 75.8628 
11.8 -75.2557 -107.053 75.8976 
11.81 -75.5044 -106.777 75.9323 
11.82 -75.7525 -106.5 75.9668 
11.83 -76 -106.223 76.0012 
11.84 -76.2468 -105.944 76.0355 
11.85 -76.493 -105.664 76.0696 
11.86 -76.7385 -105.383 76.1036 
11.87 -76.9834 -105.101 76.1374 
11.88 -77.2276 -104.817 76.1711 
11.89 -77.4712 -104.533 76.2046 
11.9 -77.714 -104.248 76.238 
11.91 -77.9562 -103.961 76.2713 
11.92 -78.1978 -103.673 76.3044 
11.93 -78.4386 -103.385 76.3374 
11.94 -78.6788 -103.095 76.3702 
11.95 -78.9183 -102.804 76.4029 
11.96 -79.1571 -102.512 76.4354 
11.97 -79.3952 -102.219 76.4678 
11.98 -79.6326 -101.925 76.5001 
11.99 -79.8694 -101.629 76.5322 
12 -80.1054 -101.333 76.5641 
12.01 -80.3407 -101.035 76.596 
12.02 -80.5753 -100.737 76.6276 
12.03 -80.8092 -100.437 76.6592 
12.04 -81.0424 -100.136 76.6906 
12.05 -81.2748 -99.8344 76.7218 
12.06 -81.5066 -99.5315 76.7529 
12.07 -81.7376 -99.2274 76.7838 
12.08 -81.9678 -98.9222 76.8147 
12.09 -82.1974 -98.616 76.8453 
12.1 -82.4262 -98.3086 76.8758 
12.11 -82.6543 -98.0002 76.9062 
12.12 -82.8816 -97.6906 76.9364 
12.13 -83.1082 -97.38 76.9665 
12.14 -83.334 -97.0683 76.9964 
12.15 -83.5591 -96.7555 77.0262 
12.16 -83.7834 -96.4415 77.0558 
12.17 -84.0069 -96.1265 77.0853 
12.18 -84.2297 -95.8104 77.1147 
12.19 -84.4517 -95.4932 77.1439 
12.2 -84.6729 -95.1749 77.1729 
12.21 -84.8934 -94.8556 77.2018 
12.22 -85.113 -94.5351 77.2306 
12.23 -85.3319 -94.2135 77.2592 
12.24 -85.55 -93.8908 77.2876 
12.25 -85.7673 -93.5671 77.316 
12.26 -85.9838 -93.2422 77.3441 
12.27 -86.1995 -92.9163 77.3721 
12.28 -86.4144 -92.5893 77.4 
12.29 -86.6285 -92.2611 77.4277 
12.3 -86.8418 -91.9319 77.4553 
12.31 -87.0542 -91.6016 77.4827 
12.32 -87.2658 -91.2702 77.51 
12.33 -87.4767 -90.9377 77.5371 
12.34 -87.6866 -90.6042 77.5641 
12.35 -87.8958 -90.2695 77.5909 
12.36 -88.1041 -89.9337 77.6176 
12.37 -88.3115 -89.5969 77.6441 
12.38 -88.5182 -89.2589 77.6705 
12.39 -88.7239 -88.9199 77.6967 
12.4 -88.9288 -88.5798 77.7228 
12.41 -89.1329 -88.2386 77.7487 
12.42 -89.3361 -87.8963 77.7745 
12.43 -89.5384 -87.5529 77.8001 
12.44 -89.7398 -87.2084 77.8255 
12.45 -89.9404 -86.8629 77.8509 
12.46 -90.1401 -86.5162 77.876 
12.47 -90.3389 -86.1685 77.901 
12.48 -90.5369 -85.8196 77.9259 
12.49 -90.7339 -85.4697 77.9506 
12.5 -90.93 -85.1187 77.9752 
12.51 -91.1253 -84.7667 77.9996 
12.52 -91.3196 -84.4135 78.0238 
12.53 -91.513 -84.0592 78.0479 
12.54 -91.7055 -83.7039 78.0719 
12.55 -91.8971 -83.3474 78.0957 
12.56 -92.0877 -82.9899 78.1193 
12.57 -92.2775 -82.6313 78.1428 
12.58 -92.4663 -82.2717 78.1662 
12.59 -92.6541 -81.9109 78.1894 
12.6 -92.8411 -81.549 78.2124 
12.61 -93.027 -81.1861 78.2353 
12.62 -93.2121 -80.8221 78.258 
12.63 -93.3961 -80.457 78.2806 
12.64 -93.5792 -80.0908 78.303 
12.65 -93.7614 -79.7235 78.3252 
12.66 -93.9426 -79.3552 78.3473 
12.67 -94.1228 -78.9858 78.3693 
12.68 -94.302 -78.6153 78.3911 
12.69 -94.4802 -78.2437 78.4127 
12.7 -94.6575 -77.871 78.4342 
12.71 -94.8338 -77.4973 78.4555 
12.72 -95.009 -77.1225 78.4767 
12.73 -95.1833 -76.7466 78.4977 
12.74 -95.3565 -76.3696 78.5186 
12.75 -95.5288 -75.9915 78.5393 
12.76 -95.7 -75.6124 78.5599 
12.77 -95.8702 -75.2322 78.5802 
12.78 -96.0394 -74.8509 78.6005 
12.79 -96.2075 -74.4685 78.6206 
12.8 -96.3746 -74.0851 78.6405 
12.81 -96.5407 -73.7006 78.6603 
12.82 -96.7057 -73.315 78.6799 
12.83 -96.8697 -72.9284 78.6993 
12.84 -97.0326 -72.5406 78.7186 
12.85 -97.1944 -72.1518 78.7377 
12.86 -97.3552 -71.762 78.7567 
12.87 -97.5149 -71.371 78.7755 
12.88 -97.6735 -70.979 78.7942 
12.89 -97.8311 -70.5859 78.8127 
12.9 -97.9875 -70.1918 78.8311 
12.91 -98.1429 -69.7966 78.8492 
12.92 -98.2971 -69.4003 78.8673 
12.93 -98.4503 -69.0029 78.8851 
12.94 -98.6023 -68.6045 78.9028 
12.95 -98.7533 -68.205 78.9204 
12.96 -98.9031 -67.8044 78.9378 
12.97 -99.0518 -67.4028 78.955 
12.98 -99.1993 -67.0002 78.9721 
12.99 -99.3457 -66.5964 78.989 
13 -99.491 -66.1916 79.0057 
13.01 -99.6351 -65.7857 79.0223 
13.02 -99.7781 -65.3788 79.0387 
13.03 -99.9199 -64.9708 79.055 
13.04 -100.061 -64.5618 79.0711 
13.05 -100.2 -64.1517 79.0871 
13.06 -100.338 -63.7405 79.1028 
13.07 -100.475 -63.3283 79.1185 
13.08 -100.611 -62.915 79.1339 
13.09 -100.746 -62.5007 79.1492 
13.1 -100.88 -62.0853 79.1644 
13.11 -101.012 -61.6689 79.1793 
13.12 -101.143 -61.2514 79.1941 
13.13 -101.273 -60.8329 79.2088 
13.14 -101.402 -60.4133 79.2233 
13.15 -101.529 -59.9926 79.2376 
13.16 -101.655 -59.571 79.2518 
13.17 -101.78 -59.1482 79.2658 
13.18 -101.904 -58.7245 79.2796 
13.19 -102.027 -58.2996 79.2933 
13.2 -102.148 -57.8738 79.3068 
13.21 -102.268 -57.4469 79.3201 
13.22 -102.386 -57.0189 79.3333 
13.23 -102.504 -56.5899 79.3463 
13.24 -102.62 -56.1599 79.3592 
13.25 -102.735 -55.7288 79.3718 
13.26 -102.848 -55.2967 79.3844 
13.27 -102.96 -54.8636 79.3967 
13.28 -103.071 -54.4294 79.4089 
13.29 -103.181 -53.9942 79.4209 
13.3 -103.289 -53.558 79.4328 
13.31 -103.396 -53.1207 79.4445 
13.32 -103.502 -52.6824 79.456 
13.33 -103.606 -52.2431 79.4674 
13.34 -103.709 -51.8027 79.4786 
13.35 -103.811 -51.3613 79.4896 
13.36 -103.911 -50.9189 79.5005 
13.37 -104.01 -50.4755 79.5112 
13.38 -104.107 -50.031 79.5217 
13.39 -104.203 -49.5856 79.5321 
13.4 -104.298 -49.1391 79.5423 
13.41 -104.391 -48.6916 79.5523 
13.42 -104.483 -48.2431 79.5622 
13.43 -104.573 -47.7935 79.5719 
13.44 -104.663 -47.343 79.5814 
13.45 -104.75 -46.8914 79.5908 
13.46 -104.836 -46.4389 79.6 
13.47 -104.921 -45.9853 79.609 
13.48 -105.004 -45.5307 79.6178 
13.49 -105.086 -45.0751 79.6265 
13.5 -105.167 -44.6185 79.6351 
13.51 -105.246 -44.161 79.6434 
13.52 -105.323 -43.7024 79.6516 
13.53 -105.399 -43.2428 79.6596 
13.54 -105.474 -42.7822 79.6675 
13.55 -105.547 -42.3207 79.6751 
13.56 -105.618 -41.8581 79.6826 
13.57 -105.688 -41.3946 79.69 
13.58 -105.756 -40.93 79.6972 
13.59 -105.823 -40.4645 79.7042 
13.6 -105.889 -39.998 79.711 
13.61 -105.953 -39.5305 79.7177 
13.62 -106.015 -39.0621 79.7241 
13.63 -106.076 -38.5927 79.7305 
13.64 -106.135 -38.1222 79.7366 
13.65 -106.192 -37.6509 79.7426 
13.66 -106.248 -37.1785 79.7484 
13.67 -106.303 -36.7052 79.7541 
13.68 -106.356 -36.2309 79.7595 
13.69 -106.407 -35.7557 79.7648 
13.7 -106.456 -35.2795 79.77 
13.71 -106.504 -34.8023 79.7749 
13.72 -106.551 -34.3242 79.7797 
13.73 -106.596 -33.8451 79.7843 
13.74 -106.639 -33.3651 79.7888 
13.75 -106.68 -32.8841 79.793 
13.76 -106.72 -32.4022 79.7971 
13.77 -106.758 -31.9194 79.8011 
13.78 -106.794 -31.4356 79.8048 
13.79 -106.829 -30.9509 79.8084 
13.8 -106.862 -30.4652 79.8118 
13.81 -106.893 -29.9786 79.8151 
13.82 -106.923 -29.4911 79.8182 
13.83 -106.951 -29.0026 79.8211 
13.84 -106.977 -28.5133 79.8238 
13.85 -107.001 -28.023 79.8263 
13.86 -107.024 -27.5318 79.8287 
13.87 -107.045 -27.0397 79.8309 
13.88 -107.064 -26.5467 79.833 
13.89 -107.081 -26.0527 79.8348 
13.9 -107.097 -25.5579 79.8365 
13.91 -107.11 -25.0622 79.8381 
13.92 -107.122 -24.5655 79.8394 
13.93 -107.132 -24.068 79.8406 
13.94 -107.141 -23.5696 79.8416 
13.95 -107.147 -23.0703 79.8424 
13.96 -107.152 -22.5701 79.8431 
13.97 -107.155 -22.0691 79.8436 
13.98 -107.156 -21.5672 79.8439 
13.99 -107.155 -21.0644 79.844 
14 -107.152 -20.5607 79.844 
14.01 -107.147 -20.0562 79.8438 
14.02 -107.14 -19.5508 79.8434 
14.03 -107.132 -19.0445 79.8428 
14.04 -107.121 -18.5375 79.8421 
14.05 -107.109 -18.0295 79.8412 
14.06 -107.095 -17.5207 79.8401 
14.07 -107.078 -17.0111 79.8389 
14.08 -107.06 -16.5007 79.8375 
14.09 -107.04 -15.9894 79.8359 
14.1 -107.018 -15.4773 79.8341 
14.11 -106.993 -14.9644 79.8322 
14.12 -106.967 -14.4507 79.8301 
14.13 -106.939 -13.9361 79.8278 
14.14 -106.909 -13.4208 79.8253 
14.15 -106.877 -12.9046 79.8227 
14.16 -106.842 -12.3877 79.8199 
14.17 -106.806 -11.8699 79.8169 
14.18 -106.768 -11.3514 79.8138 
14.19 -106.727 -10.8321 79.8105 
14.2 -106.684 -10.312 79.807 
14.21 -106.64 -9.79117 79.8033 
14.22 -106.593 -9.26956 79.7995 
14.23 -106.544 -8.74719 79.7955 
14.24 -106.493 -8.22407 79.7913 
14.25 -106.44 -7.7002 79.7869 
14.26 -106.385 -7.17558 79.7824 
14.27 -106.327 -6.65024 79.7777 
14.28 -106.267 -6.12416 79.7728 
14.29 -106.206 -5.59736 79.7678 
14.3 -106.142 -5.06984 79.7626 
14.31 -106.075 -4.54161 79.7572 
14.32 -106.007 -4.01268 79.7516 
14.33 -105.936 -3.48305 79.7459 
14.34 -105.863 -2.95272 79.74 
14.35 -105.788 -2.42171 79.734 
14.36 -105.71 -1.89003 79.7277 
14.37 -105.631 -1.35767 79.7213 
14.38 -105.549 -0.824643 79.7147 
14.39 -105.464 -0.290961 79.708 
14.4 -105.378 0.243371 79.7011 
14.41 -105.289 0.778347 79.694 
14.42 -105.197 1.31396 79.6867 
14.43 -105.104 1.8502 79.6793 
14.44 -105.007 2.38706 79.6717 
14.45 -104.909 2.92453 79.6639 
14.46 -104.808 3.46261 79.656 
14.47 -104.705 4.00129 79.6479 
14.48 -104.599 4.54055 79.6396 
14.49 -104.491 5.0804 79.6312 
14.5 -104.381 5.62082 79.6226 
14.51 -104.268 6.1618 79.6138 
14.52 -104.152 6.70334 79.6049 
14.53 -104.035 7.24542 79.5957 
14.54 -103.914 7.78805 79.5865 
14.55 -103.791 8.3312 79.577 
14.56 -103.666 8.87487 79.5674 
14.57 -103.538 9.41905 79.5577 
14.58 -103.407 9.96374 79.5477 
14.59 -103.274 10.5089 79.5376 
14.6 -103.139 11.0546 79.5274 
14.61 -103 11.6007 79.517 
14.62 -102.86 12.1473 79.5064 
14.63 -102.716 12.6943 79.4956 
14.64 -102.57 13.2418 79.4847 
14.65 -102.422 13.7897 79.4736 
14.66 -102.27 14.3381 79.4624 
14.67 -102.116 14.8868 79.451 
14.68 -101.96 15.436 79.4395 
14.69 -101.8 15.9855 79.4277 
14.7 -101.638 16.5354 79.4159 
14.71 -101.473 17.0857 79.4038 
14.72 -101.306 17.6363 79.3917 
14.73 -101.135 18.1873 79.3793 
14.74 -100.962 18.7386 79.3668 
14.75 -100.787 19.2902 79.3542 
14.76 -100.608 19.8421 79.3413 
14.77 -100.426 20.3943 79.3284 
14.78 -100.242 20.9468 79.3152 
14.79 -100.055 21.4996 79.302 
14.8 -99.8652 22.0526 79.2885 
14.81 -99.6724 22.6059 79.275 
14.82 -99.4767 23.1593 79.2612 
14.83 -99.2781 23.713 79.2474 
14.84 -99.0766 24.2669 79.2333 
14.85 -98.8722 24.821 79.2191 
14.86 -98.6648 25.3753 79.2048 
14.87 -98.4545 25.9297 79.1904 
14.88 -98.2412 26.4842 79.1757 
14.89 -98.025 27.0389 79.161 
14.9 -97.8057 27.5937 79.1461 
14.91 -97.5834 28.1486 79.131 
14.92 -97.3581 28.7036 79.1158 
14.93 -97.1297 29.2586 79.1005 
14.94 -96.8983 29.8137 79.085 
14.95 -96.6638 30.3688 79.0694 
14.96 -96.4263 30.9239 79.0536 
14.97 -96.1856 31.4791 79.0377 
14.98 -95.9418 32.0342 79.0217 
14.99 -95.6948 32.5892 79.0055 
15 -95.4447 33.1443 78.9892 
15.01 -95.1915 33.6992 78.9728 
15.02 -94.935 34.2541 78.9562 
15.03 -94.6754 34.8088 78.9396 
15.04 -94.4126 35.3635 78.9227 
15.05 -94.1465 35.918 78.9058 
15.06 -93.8772 36.4723 78.8887 
15.07 -93.6046 37.0264 78.8715 
15.08 -93.3287 37.5803 78.8542 
15.09 -93.0496 38.1341 78.8367 
15.1 -92.7671 38.6875 78.8192 
15.11 -92.4813 39.2407 78.8015 
15.12 -92.1922 39.7936 78.7837 
15.13 -91.8998 40.3462 78.7657 
15.14 -91.6039 40.8985 78.7477 
15.15 -91.3047 41.4505 78.7295 
15.16 -91.0021 42.002 78.7113 
15.17 -90.6961 42.5532 78.6929 
15.18 -90.3866 43.1039 78.6744 
15.19 -90.0737 43.6542 78.6558 
15.2 -89.7573 44.2041 78.6371 
15.21 -89.4375 44.7534 78.6183 
15.22 -89.1142 45.3022 78.5994 
15.23 -88.7873 45.8505 78.5804 
15.24 -88.457 46.3983 78.5613 
15.25 -88.1231 46.9454 78.5422 
15.26 -87.7856 47.492 78.5229 
15.27 -87.4446 48.0379 78.5035 
15.28 -87.1 48.5831 78.484 
15.29 -86.7518 49.1277 78.4645 
15.3 -86.4001 49.6715 78.4448 
15.31 -86.0446 50.2146 78.4251 
15.32 -85.6856 50.7569 78.4053 
15.33 -85.3228 51.2984 78.3854 
15.34 -84.9565 51.8391 78.3655 
15.35 -84.5864 52.3789 78.3454 
15.36 -84.2126 52.9178 78.3253 
15.37 -83.8351 53.4558 78.3051 
15.38 -83.4539 53.9929 78.2849 
15.39 -83.069 54.529 78.2646 
15.4 -82.6803 55.0641 78.2442 
15.41 -82.2878 55.5981 78.2238 
15.42 -81.8916 56.1311 78.2033 
15.43 -81.4915 56.6629 78.1828 
15.44 -81.0877 57.1936 78.1622 
15.45 -80.68 57.7232 78.1416 
15.46 -80.2685 58.2515 78.1209 
15.47 -79.8531 58.7786 78.1002 
15.48 -79.4339 59.3045 78.0794 
15.49 -79.0109 59.829 78.0586 
15.5 -78.5839 60.3522 78.0378 
15.51 -78.1531 60.874 78.0169 
15.52 -77.7183 61.3944 77.996 
15.53 -77.2796 61.9133 77.9751 
15.54 -76.837 62.4308 77.9542 
15.55 -76.3905 62.9467 77.9332 
15.56 -75.94 63.4611 77.9123 
15.57 -75.4856 63.9739 77.8913 
15.58 -75.0271 64.485 77.8703 
15.59 -74.5647 64.9945 77.8494 
15.6 -74.0984 65.5022 77.8284 
15.61 -73.628 66.0082 77.8074 
15.62 -73.1536 66.5123 77.7865 
15.63 -72.6752 67.0147 77.7655 
15.64 -72.1928 67.5151 77.7446 
15.65 -71.7063 68.0137 77.7237 
15.66 -71.2159 68.5102 77.7028 
15.67 -70.7213 69.0048 77.682 
15.68 -70.2227 69.4973 77.6611 
15.69 -69.7201 69.9877 77.6404 
15.7 -69.2134 70.4759 77.6196 
15.71 -68.7026 70.962 77.5989 
15.72 -68.1878 71.4458 77.5783 
15.73 -67.6689 71.9274 77.5577 
15.74 -67.1459 72.4066 77.5372 
15.75 -66.6188 72.8835 77.5167 
15.76 -66.0876 73.358 77.4963 
15.77 -65.5524 73.8299 77.476 
15.78 -65.013 74.2994 77.4558 
15.79 -64.4696 74.7663 77.4356 
15.8 -63.9221 75.2306 77.4156 
15.81 -63.3704 75.6922 77.3956 
15.82 -62.8147 76.1512 77.3757 
15.83 -62.2549 76.6073 77.356 
15.84 -61.691 77.0607 77.3363 
15.85 -61.123 77.5111 77.3168 
15.86 -60.551 77.9587 77.2974 
15.87 -59.9748 78.4033 77.2781 
15.88 -59.3946 78.8449 77.2589 
15.89 -58.8103 79.2834 77.2399 
15.9 -58.2219 79.7188 77.221 
15.91 -57.6295 80.151 77.2023 
15.92 -57.033 80.5799 77.1838 
15.93 -56.4325 81.0056 77.1654 
15.94 -55.828 81.4279 77.1471 
15.95 -55.2194 81.8468 77.1291 
15.96 -54.6068 82.2623 77.1112 
15.97 -53.9902 82.6743 77.0935 
15.98 -53.3697 83.0827 77.076 
15.99 -52.7451 83.4875 77.0587 
16 -52.1166 83.8886 77.0416 
16.01 -51.4841 84.2859 77.0247 
16.02 -50.8477 84.6795 77.0081 
16.03 -50.2074 85.0692 76.9916 
16.04 -49.5632 85.455 76.9754 
16.05 -48.9151 85.8368 76.9595 
16.06 -48.2631 86.2147 76.9437 
16.07 -47.6073 86.5884 76.9283 
16.08 -46.9477 86.958 76.9131 
16.09 -46.2842 87.3234 76.8981 
16.1 -45.6171 87.6845 76.8835 
16.11 -44.9461 88.0413 76.8691 
16.12 -44.2714 88.3937 76.855 
16.13 -43.5931 88.7417 76.8412 
16.14 -42.9111 89.0852 76.8277 
16.15 -42.2254 89.4242 76.8145 
16.16 -41.5361 89.7585 76.8017 
16.17 -40.8432 90.0882 76.7891 
16.18 -40.1468 90.4131 76.7769 
16.19 -39.4469 90.7333 76.7651 
16.2 -38.7435 91.0486 76.7536 
16.21 -38.0367 91.359 76.7424 
16.22 -37.3264 91.6644 76.7316 
16.23 -36.6128 91.9648 76.7212 
16.24 -35.8959 92.2601 76.7112 
16.25 -35.1757 92.5503 76.7015 
16.26 -34.4522 92.8353 76.6923 
16.27 -33.7255 93.1151 76.6834 
16.28 -32.9957 93.3895 76.675 
16.29 -32.2627 93.6586 76.6669 
16.3 -31.5267 93.9222 76.6594 
16.31 -30.7877 94.1804 76.6522 
16.32 -30.0457 94.433 76.6455 
16.33 -29.3008 94.6801 76.6392 
16.34 -28.553 94.9215 76.6334 
16.35 -27.8024 95.1572 76.628 
16.36 -27.049 95.3872 76.6232 
16.37 -26.2929 95.6113 76.6188 
16.38 -25.5342 95.8297 76.6149 
16.39 -24.7729 96.0421 76.6115 
16.4 -24.0091 96.2485 76.6086 
16.41 -23.2428 96.449 76.6062 
16.42 -22.474 96.6434 76.6043 
16.43 -21.7029 96.8318 76.603 
16.44 -20.9296 97.014 76.6022 
16.45 -20.154 97.19 76.6019 
16.46 -19.3762 97.3597 76.6022 
16.47 -18.5964 97.5232 76.6031 
16.48 -17.8146 97.6804 76.6045 
16.49 -17.0307 97.8312 76.6065 
16.5 -16.2451 97.9756 76.6091 
16.51 -15.4575 98.1136 76.6122 
16.52 -14.6683 98.2451 76.616 
16.53 -13.8774 98.3701 76.6203 
16.54 -13.0849 98.4885 76.6253 
16.55 -12.2909 98.6004 76.6309 
16.56 -11.4954 98.7056 76.6371 
16.57 -10.6986 98.8042 76.6439 
16.58 -9.90049 98.8961 76.6514 
16.59 -9.10117 98.9813 76.6595 
16.6 -8.30072 99.0598 76.6683 
16.61 -7.49922 99.1315 76.6777 
16.62 -6.69675 99.1964 76.6878 
16.63 -5.89339 99.2545 76.6985 
16.64 -5.08923 99.3058 76.71 
16.65 -4.28435 99.3502 76.7221 
16.66 -3.47882 99.3877 76.7348 
16.67 -2.67274 99.4184 76.7483 
16.68 -1.86619 99.4421 76.7625 
16.69 -1.05925 99.459 76.7774 
16.7 -0.252005 99.4689 76.7929 
16.71 0.555455 99.4719 76.8092 
16.72 1.36305 99.4679 76.8262 
16.73 2.17068 99.4569 76.844 
16.74 2.97828 99.439 76.8624 
16.75 3.78574 99.4142 76.8816 
16.76 4.593 99.3823 76.9015 
16.77 5.39995 99.3435 76.9221 
16.78 6.20651 99.2978 76.9435 
16.79 7.0126 99.245 76.9656 
16.8 7.81813 99.1854 76.9885 
16.81 8.62301 99.1187 77.0121 
16.82 9.42715 99.0451 77.0365 
16.83 10.2305 98.9646 77.0617 
16.84 11.0329 98.8772 77.0876 
16.85 11.8343 98.7828 77.1142 
16.86 12.6347 98.6815 77.1416 
16.87 13.4338 98.5734 77.1698 
16.88 14.2318 98.4584 77.1988 
16.89 15.0283 98.3366 77.2285 
16.9 15.8235 98.2079 77.259 
16.91 16.6172 98.0725 77.2903 
16.92 17.4093 97.9303 77.3223 
16.93 18.1997 97.7813 77.3551 
16.94 18.9884 97.6256 77.3887 
16.95 19.7752 97.4633 77.4231 
16.96 20.5601 97.2942 77.4582 
16.97 21.3431 97.1186 77.4941 
16.98 22.124 96.9364 77.5308 
16.99 22.9027 96.7476 77.5683 
17 23.6792 96.5523 77.6065 
17.01 24.4534 96.3505 77.6455 
17.02 25.2252 96.1422 77.6853 
17.03 25.9946 95.9276 77.7259 
17.04 26.7614 95.7066 77.7672 
17.05 27.5257 95.4793 77.8093 
17.06 28.2872 95.2458 77.8522 
17.07 29.0461 95.006 77.8958 
17.08 29.8021 94.76 77.9402 
17.09 30.5553 94.5079 77.9854 
17.1 31.3055 94.2498 78.0313 
17.11 32.0527 93.9856 78.078 
17.12 32.7969 93.7154 78.1255 
17.13 33.5379 93.4393 78.1737 
17.14 34.2757 93.1574 78.2226 
17.15 35.0102 92.8696 78.2723 
17.16 35.7415 92.576 78.3228 
17.17 36.4693 92.2768 78.374 
17.18 37.1937 91.9719 78.4259 
17.19 37.9147 91.6615 78.4785 
17.2 38.6321 91.3455 78.5319 
17.21 39.3459 91.024 78.586 
17.22 40.056 90.6971 78.6409 
17.23 40.7624 90.3649 78.6965 
17.24 41.4651 90.0273 78.7527 
17.25 42.164 89.6846 78.8097 
17.26 42.8591 89.3367 78.8674 
17.27 43.5503 88.9836 78.9258 
17.28 44.2375 88.6256 78.9849 
17.29 44.9207 88.2625 79.0447 
17.3 45.6 87.8946 79.1052 
17.31 46.2752 87.5218 79.1663 
17.32 46.9463 87.1442 79.2282 
17.33 47.6132 86.7619 79.2907 
17.34 48.276 86.3749 79.3539 
17.35 48.9346 85.9834 79.4177 
17.36 49.589 85.5873 79.4822 
17.37 50.2391 85.1867 79.5474 
17.38 50.8848 84.7818 79.6132 
17.39 51.5263 84.3726 79.6796 
17.4 52.1634 83.959 79.7467 
17.41 52.7961 83.5413 79.8144 
17.42 53.4244 83.1195 79.8827 
17.43 54.0483 82.6935 79.9517 
17.44 54.6677 82.2636 80.0213 
17.45 55.2827 81.8298 80.0914 
17.46 55.8931 81.392 80.1622 
17.47 56.4991 80.9505 80.2336 
17.48 57.1004 80.5052 80.3056 
17.49 57.6973 80.0563 80.3781 
17.5 58.2895 79.6037 80.4512 
17.51 58.8772 79.1476 80.5249 
17.52 59.4603 78.688 80.5992 
17.53 60.0387 78.225 80.674 
17.54 60.6125 77.7587 80.7494 
17.55 61.1817 77.289 80.8253 
17.56 61.7463 76.8162 80.9018 
17.57 62.3062 76.3401 80.9788 
17.58 62.8614 75.861 81.0563 
17.59 63.4119 75.3788 81.1343 
17.6 63.9578 74.8936 81.2129 
17.61 64.499 74.4055 81.292 
17.62 65.0355 73.9145 81.3716 
17.63 65.5673 73.4208 81.4517 
17.64 66.0944 72.9243 81.5322 
17.65 66.6168 72.4251 81.6133 
17.66 67.1345 71.9233 81.6948 
17.67 67.6475 71.419 81.7769 
17.68 68.1558 70.9121 81.8594 
17.69 68.6595 70.4028 81.9423 
17.7 69.1584 69.8911 82.0257 
17.71 69.6526 69.377 82.1096 
17.72 70.1422 68.8607 82.1939 
17.73 70.6271 68.3422 82.2786 
17.74 71.1072 67.8214 82.3638 
17.75 71.5828 67.2986 82.4494 
17.76 72.0536 66.7737 82.5354 
17.77 72.5198 66.2468 82.6219 
17.78 72.9813 65.7179 82.7087 
17.79 73.4382 65.1872 82.796 
17.8 73.8905 64.6545 82.8836 
17.81 74.3381 64.1201 82.9717 
17.82 74.7811 63.5839 83.0601 
17.83 75.2196 63.0461 83.1489 
17.84 75.6534 62.5065 83.2381 
17.85 76.0826 61.9654 83.3277 
17.86 76.5072 61.4227 83.4176 
17.87 76.9273 60.8785 83.5079 
17.88 77.3429 60.3328 83.5986 
17.89 77.7539 59.7857 83.6895 
17.9 78.1604 59.2372 83.7809 
17.91 78.5623 58.6874 83.8725 
17.92 78.9598 58.1364 83.9646 
17.93 79.3528 57.584 84.0569 
17.94 79.7414 57.0305 84.1495 
17.95 80.1255 56.4759 84.2425 
17.96 80.5051 55.9201 84.3358 
17.97 80.8803 55.3633 84.4294 
17.98 81.2512 54.8054 84.5233 
17.99 81.6176 54.2465 84.6175 
18 81.9797 53.6867 84.712 
18.01 82.3374 53.126 84.8067 
18.02 82.6908 52.5645 84.9018 
18.03 83.0398 52.0021 84.9971 
18.04 83.3846 51.4389 85.0927 
18.05 83.7251 50.8749 85.1886 
18.06 84.0613 50.3102 85.2848 
18.07 84.3933 49.7449 85.3812 
18.08 84.721 49.1789 85.4778 
18.09 85.0445 48.6123 85.5747 
18.1 85.3639 48.0451 85.6719 
18.11 85.679 47.4774 85.7693 
18.12 85.99 46.9091 85.8669 
18.13 86.2969 46.3404 85.9648 
18.14 86.5997 45.7713 86.0629 
18.15 86.8984 45.2017 86.1612 
18.16 87.1929 44.6318 86.2597 
18.17 87.4835 44.0615 86.3585 
18.18 87.77 43.4909 86.4574 
18.19 88.0525 42.92 86.5566 
18.2 88.331 42.3488 86.656 
18.21 88.6055 41.7774 86.7556 
18.22 88.8761 41.2059 86.8553 
18.23 89.1427 40.6341 86.9553 
18.24 89.4054 40.0622 87.0555 
18.25 89.6642 39.4902 87.1558 
18.26 89.9192 38.9181 87.2563 
18.27 90.1703 38.346 87.357 
18.28 90.4175 37.7738 87.4579 
18.29 90.661 37.2016 87.559 
18.3 90.9006 36.6294 87.6602 
18.31 91.1365 36.0573 87.7616 
18.32 91.3686 35.4852 87.8631 
18.33 91.597 34.9133 87.9648 
18.34 91.8217 34.3414 88.0667 
18.35 92.0427 33.7697 88.1687 
18.36 92.2601 33.1981 88.2708 
18.37 92.4738 32.6267 88.3731 
18.38 92.6838 32.0555 88.4755 
18.39 92.8903 31.4846 88.5781 
18.4 93.0931 30.9139 88.6808 
18.41 93.2924 30.3435 88.7836 
18.42 93.4882 29.7733 88.8866 
18.43 93.6804 29.2035 88.9896 
18.44 93.8691 28.634 89.0929 
18.45 94.0544 28.0649 89.1962 
18.46 94.2362 27.4961 89.2996 
18.47 94.4145 26.9277 89.4032 
18.48 94.5894 26.3597 89.5068 
18.49 94.7609 25.7922 89.6106 
18.5 94.929 25.2251 89.7145 
18.51 95.0938 24.6584 89.8184 
18.52 95.2552 24.0923 89.9225 
18.53 95.4133 23.5266 90.0267 
18.54 95.5681 22.9614 90.1309 
18.55 95.7196 22.3968 90.2353 
18.56 95.8678 21.8327 90.3397 
18.57 96.0128 21.2692 90.4443 
18.58 96.1546 20.7063 90.5489 
18.59 96.2931 20.144 90.6536 
18.6 96.4285 19.5823 90.7584 
18.61 96.5607 19.0212 90.8632 
18.62 96.6898 18.4607 90.9681 
18.63 96.8157 17.9009 91.0731 
18.64 96.9386 17.3418 91.1782 
18.65 97.0583 16.7833 91.2833 
18.66 97.175 16.2255 91.3885 
18.67 97.2886 15.6685 91.4938 
18.68 97.3992 15.1122 91.5991 
18.69 97.5068 14.5566 91.7044 
18.7 97.6114 14.0017 91.8099 
18.71 97.713 13.4476 91.9154 
18.72 97.8116 12.8943 92.0209 
18.73 97.9073 12.3418 92.1265 
18.74 98.0001 11.7901 92.2321 
18.75 98.09 11.2391 92.3378 
18.76 98.177 10.689 92.4435 
18.77 98.2611 10.1398 92.5493 
18.78 98.3424 9.59134 92.6551 
18.79 98.4208 9.04376 92.7609 
18.8 98.4965 8.49704 92.8668 
18.81 98.5693 7.9512 92.9727 
18.82 98.6394 7.40624 93.0786 
18.83 98.7067 6.86217 93.1846 
18.84 98.7712 6.31901 93.2906 
18.85 98.833 5.77676 93.3966 
18.86 98.8922 5.23543 93.5027 
18.87 98.9486 4.69503 93.6088 
18.88 99.0024 4.15557 93.7149 
18.89 99.0535 3.61706 93.821 
18.9 99.1019 3.07951 93.9271 
18.91 99.1477 2.54292 94.0333 
18.92 99.191 2.00731 94.1394 
18.93 99.2316 1.47269 94.2456 
18.94 99.2697 0.939052 94.3518 
18.95 99.3052 0.406415 94.458 
18.96 99.3381 -0.125214 94.5642 
18.97 99.3686 -0.65583 94.6705 
18.98 99.3965 -1.18542 94.7767 
18.99 99.4219 -1.71399 94.8829 
19 99.4449 -2.24152 94.9891 
19.01 99.4654 -2.768 95.0954 
19.02 99.4834 -3.29344 95.2016 
19.03 99.499 -3.81781 95.3078 
19.04 99.5122 -4.34113 95.4141 
19.05 99.523 -4.86337 95.5203 
19.06 99.5314 -5.38454 95.6265 
19.07 99.5375 -5.90462 95.7327 
19.08 99.5412 -6.42362 95.8389 
19.09 99.5425 -6.94152 95.9451 
19.1 99.5415 -7.45832 96.0513 
19.11 99.5382 -7.97401 96.1575 
19.12 99.5327 -8.48859 96.2637 
19.13 99.5248 -9.00206 96.3698 
19.14 99.5147 -9.5144 96.4759 
19.15 99.5023 -10.0256 96.5821 
19.16 99.4877 -10.5357 96.6882 
19.17 99.4708 -11.0446 96.7942 
19.18 99.4518 -11.5524 96.9003 
19.19 99.4305 -12.0591 97.0063 
19.2 99.4071 -12.5646 97.1123 
19.21 99.3815 -13.0689 97.2183 
19.22 99.3538 -13.5721 97.3243 
19.23 99.3239 -14.0741 97.4302 
19.24 99.2919 -14.5749 97.5362 
19.25 99.2577 -15.0746 97.642 
19.26 99.2215 -15.5731 97.7479 
19.27 99.1832 -16.0704 97.8537 
19.28 99.1428 -16.5665 97.9595 
19.29 99.1004 -17.0614 98.0653 
19.3 99.0559 -17.5551 98.171 
19.31 99.0094 -18.0477 98.2767 
19.32 98.9608 -18.539 98.3824 
19.33 98.9103 -19.0291 98.488 
19.34 98.8577 -19.518 98.5936 
19.35 98.8032 -20.0057 98.6992 
19.36 98.7467 -20.4922 98.8047 
19.37 98.6883 -20.9775 98.9102 
19.38 98.6279 -21.4615 99.0156 
19.39 98.5655 -21.9443 99.121 
19.4 98.5013 -22.4259 99.2264 
19.41 98.4351 -22.9062 99.3317 
19.42 98.3671 -23.3853 99.4369 
19.43 98.2972 -23.8632 99.5422 
19.44 98.2254 -24.3399 99.6473 
19.45 98.1517 -24.8153 99.7525 
19.46 98.0762 -25.2894 99.8576 
19.47 97.9988 -25.7623 99.9626 
19.48 97.9197 -26.2339 100.068 
19.49 97.8387 -26.7043 100.173 
19.5 97.7559 -27.1735 100.277 
19.51 97.6713 -27.6414 100.382 
19.52 97.5849 -28.108 100.487 
19.53 97.4968 -28.5733 100.592 
19.54 97.4069 -29.0374 100.696 
19.55 97.3153 -29.5003 100.801 
19.56 97.222 -29.9618 100.906 
19.57 97.1269 -30.4221 101.01 
19.58 97.0301 -30.8811 101.115 
19.59 96.9316 -31.3389 101.219 
19.6 96.8314 -31.7953 101.323 
19.61 96.7295 -32.2505 101.428 
19.62 96.626 -32.7044 101.532 
19.63 96.5208 -33.157 101.636 
19.64 96.4139 -33.6084 101.74 
19.65 96.3054 -34.0584 101.844 
19.66 96.1953 -34.5072 101.948 
19.67 96.0836 -34.9547 102.052 
19.68 95.9703 -35.4009 102.156 
19.69 95.8553 -35.8458 102.26 
19.7 95.7388 -36.2894 102.364 
19.71 95.6207 -36.7317 102.467 
19.72 95.501 -37.1728 102.571 
19.73 95.3798 -37.6125 102.675 
19.74 95.257 -38.0509 102.778 
19.75 95.1327 -38.488 102.881 
19.76 95.0069 -38.9239 102.985 
19.77 94.8795 -39.3584 103.088 
19.78 94.7507 -39.7917 103.191 
19.79 94.6203 -40.2236 103.295 
19.8 94.4884 -40.6542 103.398 
19.81 94.3551 -41.0835 103.501 
19.82 94.2203 -41.5116 103.604 
19.83 94.084 -41.9383 103.706 
19.84 93.9463 -42.3637 103.809 
19.85 93.8071 -42.7878 103.912 
19.86 93.6665 -43.2106 104.015 
19.87 93.5245 -43.6321 104.117 
19.88 93.381 -44.0522 104.22 
19.89 93.2362 -44.4711 104.322 
19.9 93.0899 -44.8887 104.425 
19.91 92.9422 -45.3049 104.527 
19.92 92.7932 -45.7198 104.629 
19.93 92.6428 -46.1335 104.731 
19.94 92.491 -46.5458 104.833 
19.95 92.3379 -46.9568 104.935 
19.96 92.1834 -47.3664 105.037 
19.97 92.0276 -47.7748 105.139 
19.98 91.8705 -48.1818 105.241 
19.99 91.712 -48.5876 105.343 
20 91.5522 -48.992 105.444 
