REAL_FUNCTION
example3_wpf_real_func2
x1: -10
x2: 10
NumPoints: 100
-10 -18.1457
-9.79798 -18.238
-9.59596 -17.4869
-9.39394 -15.9942
-9.19192 -13.8919
-8.9899 -11.3331
-8.78788 -8.48372
-8.58586 -5.51285
-8.38384 -2.58401
-8.18182 0.153065
-7.9798 2.56956
-7.77778 4.56322
-7.57576 6.06232
-7.37374 7.02791
-7.17172 7.45409
-6.9697 7.3666
-6.76768 6.81961
-6.56566 5.89124
-6.36364 4.67775
-6.16162 3.28715
-5.9596 1.83218
-5.75758 0.423447
-5.55556 -0.837195
-5.35354 -1.8625
-5.15152 -2.58467
-4.94949 -2.95896
-4.74747 -2.96577
-4.54545 -2.61131
-4.34343 -1.92666
-4.14141 -0.965394
-3.93939 0.200095
-3.73737 1.48332
-3.53535 2.78922
-3.33333 4.02018
-3.13131 5.08211
-2.92929 5.89029
-2.72727 6.37473
-2.52525 6.48454
-2.32323 6.19127
-2.12121 5.49086
-1.91919 4.40423
-1.71717 2.97633
-1.51515 1.27382
-1.31313 -0.618606
-1.11111 -2.60303
-0.909091 -4.57392
-0.707071 -6.4244
-0.505051 -8.05279
-0.30303 -9.36903
-0.10101 -10.301
0.10101 -10.8001
0.30303 -10.8471
0.505051 -10.4576
0.707071 -9.6901
0.909091 -8.66212
1.11111 -7.59054
1.31313 -6.92156
1.51515 -7.86488
1.71717 -15.8657
1.91919 -124.712
2.12121 87.8788
2.32323 24.3361
2.52525 12.3584
2.72727 6.46498
2.92929 2.35219
3.13131 -0.928524
3.33333 -3.61995
3.53535 -5.75334
3.73737 -7.2901
3.93939 -8.17566
4.14141 -8.36505
4.34343 -7.83668
4.54545 -6.60034
4.74747 -4.70117
4.94949 -2.22074
5.15152 0.724622
5.35354 3.98769
5.55556 7.39634
5.75758 10.7612
5.9596 13.8848
6.16162 16.5713
6.36364 18.6368
6.56566 19.9199
6.76768 20.2905
6.9697 19.6587
7.17172 17.9814
7.37374 15.2666
7.57576 11.576
7.77778 7.02438
7.9798 1.77677
8.18182 -3.95726
8.38384 -9.93165
8.58586 -15.8742
8.78788 -21.4983
8.9899 -26.5168
9.19192 -30.6549
9.39394 -33.665
9.59596 -35.3392
9.79798 -35.5217
10 -34.1182
