REAL_FUNCTION
example3_wpf_real_func1
x1: -10
x2: 10
NumPoints: 500
-10 10.2079
-9.95992 9.47876
-9.91984 8.74672
-9.87976 8.01323
-9.83968 7.2797
-9.7996 6.54749
-9.75952 5.81796
-9.71944 5.09242
-9.67936 4.37218
-9.63928 3.6585
-9.5992 2.9526
-9.55912 2.25568
-9.51904 1.56889
-9.47896 0.893368
-9.43888 0.230177
-9.3988 -0.419643
-9.35872 -1.0551
-9.31864 -1.67525
-9.27856 -2.27918
-9.23848 -2.86605
-9.1984 -3.43505
-9.15832 -3.98542
-9.11824 -4.51647
-9.07816 -5.02753
-9.03808 -5.51801
-8.998 -5.98736
-8.95792 -6.43508
-8.91784 -6.86073
-8.87776 -7.26392
-8.83768 -7.64431
-8.7976 -8.00161
-8.75752 -8.33561
-8.71743 -8.64612
-8.67735 -8.93302
-8.63727 -9.19622
-8.59719 -9.43572
-8.55711 -9.65155
-8.51703 -9.84377
-8.47695 -10.0125
-8.43687 -10.158
-8.39679 -10.2803
-8.35671 -10.3799
-8.31663 -10.457
-8.27655 -10.5119
-8.23647 -10.5451
-8.19639 -10.557
-8.15631 -10.5481
-8.11623 -10.5189
-8.07615 -10.4699
-8.03607 -10.4017
-7.99599 -10.315
-7.95591 -10.2103
-7.91583 -10.0884
-7.87575 -9.94999
-7.83567 -9.79573
-7.79559 -9.6264
-7.75551 -9.44277
-7.71543 -9.24561
-7.67535 -9.03573
-7.63527 -8.81395
-7.59519 -8.5811
-7.55511 -8.33801
-7.51503 -8.08552
-7.47495 -7.8245
-7.43487 -7.55579
-7.39479 -7.28026
-7.35471 -6.99875
-7.31463 -6.71213
-7.27455 -6.42125
-7.23447 -6.12695
-7.19439 -5.83006
-7.15431 -5.53142
-7.11423 -5.23184
-7.07415 -4.93212
-7.03407 -4.63304
-6.99399 -4.33538
-6.95391 -4.03988
-6.91383 -3.74728
-6.87375 -3.45828
-6.83367 -3.17357
-6.79359 -2.89381
-6.75351 -2.61964
-6.71343 -2.35166
-6.67335 -2.09044
-6.63327 -1.83656
-6.59319 -1.59051
-6.55311 -1.3528
-6.51303 -1.12388
-6.47295 -0.904172
-6.43287 -0.694071
-6.39279 -0.493932
-6.35271 -0.30408
-6.31263 -0.124801
-6.27255 0.0436511
-6.23246 0.201059
-6.19238 0.347241
-6.1523 0.482051
-6.11222 0.605377
-6.07214 0.717145
-6.03206 0.817315
-5.99198 0.90588
-5.9519 0.982872
-5.91182 1.04835
-5.87174 1.10242
-5.83166 1.14521
-5.79158 1.17687
-5.7515 1.19761
-5.71142 1.20764
-5.67134 1.20723
-5.63126 1.19666
-5.59118 1.17624
-5.5511 1.1463
-5.51102 1.10722
-5.47094 1.05937
-5.43086 1.00318
-5.39078 0.939066
-5.3507 0.867495
-5.31062 0.788937
-5.27054 0.703882
-5.23046 0.612839
-5.19038 0.516328
-5.1503 0.414885
-5.11022 0.309057
-5.07014 0.199402
-5.03006 0.0864844
-4.98998 -0.0291223
-4.9499 -0.14684
-4.90982 -0.266088
-4.86974 -0.386282
-4.82966 -0.506837
-4.78958 -0.627171
-4.7495 -0.746704
-4.70942 -0.864858
-4.66934 -0.981064
-4.62926 -1.09476
-4.58918 -1.20539
-4.5491 -1.31241
-4.50902 -1.4153
-4.46894 -1.51352
-4.42886 -1.60659
-4.38878 -1.694
-4.3487 -1.7753
-4.30862 -1.85003
-4.26854 -1.91776
-4.22846 -1.97808
-4.18838 -2.0306
-4.1483 -2.07495
-4.10822 -2.11081
-4.06814 -2.13784
-4.02806 -2.15576
-3.98798 -2.16431
-3.9479 -2.16325
-3.90782 -2.15238
-3.86774 -2.13151
-3.82766 -2.1005
-3.78758 -2.05923
-3.74749 -2.00761
-3.70741 -1.94558
-3.66733 -1.87311
-3.62725 -1.7902
-3.58717 -1.69688
-3.54709 -1.59323
-3.50701 -1.47933
-3.46693 -1.35531
-3.42685 -1.22132
-3.38677 -1.07755
-3.34669 -0.924222
-3.30661 -0.761568
-3.26653 -0.589865
-3.22645 -0.409414
-3.18637 -0.220542
-3.14629 -0.0236046
-3.10621 0.181019
-3.06613 0.392923
-3.02605 0.611678
-2.98597 0.836832
-2.94589 1.06791
-2.90581 1.30442
-2.86573 1.54584
-2.82565 1.79165
-2.78557 2.04129
-2.74549 2.29419
-2.70541 2.54977
-2.66533 2.80744
-2.62525 3.0666
-2.58517 3.32662
-2.54509 3.58689
-2.50501 3.84676
-2.46493 4.1056
-2.42485 4.36276
-2.38477 4.61761
-2.34469 4.86948
-2.30461 5.11774
-2.26453 5.36174
-2.22445 5.60084
-2.18437 5.83439
-2.14429 6.06177
-2.10421 6.28236
-2.06413 6.49554
-2.02405 6.70072
-1.98397 6.89729
-1.94389 7.08469
-1.90381 7.26236
-1.86373 7.42975
-1.82365 7.58633
-1.78357 7.73161
-1.74349 7.8651
-1.70341 7.98633
-1.66333 8.09487
-1.62325 8.1903
-1.58317 8.27223
-1.54309 8.3403
-1.50301 8.39418
-1.46293 8.43355
-1.42285 8.45815
-1.38277 8.46771
-1.34269 8.46203
-1.30261 8.44091
-1.26253 8.40422
-1.22244 8.35181
-1.18236 8.28361
-1.14228 8.19956
-1.1022 8.09964
-1.06212 7.98386
-1.02204 7.85227
-0.981964 7.70494
-0.941884 7.54198
-0.901804 7.36356
-0.861723 7.16983
-0.821643 6.96103
-0.781563 6.73739
-0.741483 6.49919
-0.701403 6.24674
-0.661323 5.98038
-0.621242 5.70049
-0.581162 5.40746
-0.541082 5.10173
-0.501002 4.78374
-0.460922 4.454
-0.420842 4.11299
-0.380762 3.76127
-0.340681 3.39939
-0.300601 3.02792
-0.260521 2.64748
-0.220441 2.25867
-0.180361 1.86214
-0.140281 1.45853
-0.1002 1.04853
-0.0601202 0.632802
-0.0200401 0.212045
0.0200401 -0.213039
0.0601202 -0.641744
0.1002 -1.07336
0.140281 -1.50716
0.180361 -1.94243
0.220441 -2.37846
0.260521 -2.81453
0.300601 -3.24994
0.340681 -3.68398
0.380762 -4.11596
0.420842 -4.54522
0.460922 -4.97108
0.501002 -5.39292
0.541082 -5.81011
0.581162 -6.22206
0.621242 -6.6282
0.661323 -7.02801
0.701403 -7.421
0.741483 -7.8067
0.781563 -8.18472
0.821643 -8.5547
0.861723 -8.91636
0.901804 -9.26946
0.941884 -9.61385
0.981964 -9.94948
1.02204 -10.2764
1.06212 -10.5947
1.1022 -10.9047
1.14228 -11.2068
1.18236 -11.5016
1.22244 -11.7901
1.26253 -12.0732
1.30261 -12.3525
1.34269 -12.6297
1.38277 -12.9073
1.42285 -13.1882
1.46293 -13.4764
1.50301 -13.7772
1.54309 -14.0972
1.58317 -14.4457
1.62325 -14.8355
1.66333 -15.2845
1.70341 -15.8194
1.74349 -16.4812
1.78357 -17.3372
1.82365 -18.5067
1.86373 -20.227
1.90381 -23.0603
1.94389 -28.829
1.98397 -51.3263
2.02405 -39.7419
2.06413 -22.9936
2.10421 -16.9751
2.14429 -13.5193
2.18437 -11.1578
2.22445 -9.38868
2.26453 -7.98705
2.30461 -6.83478
2.34469 -5.86315
2.38477 -5.02907
2.42485 -4.304
2.46493 -3.66819
2.50501 -3.10752
2.54509 -2.61156
2.58517 -2.17246
2.62525 -1.78416
2.66533 -1.44188
2.70541 -1.14183
2.74549 -0.880889
2.78557 -0.656513
2.82565 -0.46655
2.86573 -0.309165
2.90581 -0.182769
2.94589 -0.0859611
2.98597 -0.0174866
3.02605 0.0237973
3.06613 0.0389475
3.10621 0.0289564
3.14629 -0.00523148
3.18637 -0.0627051
3.22645 -0.142577
3.26653 -0.243971
3.30661 -0.366021
3.34669 -0.50786
3.38677 -0.668614
3.42685 -0.847405
3.46693 -1.04334
3.50701 -1.25552
3.54709 -1.48302
3.58717 -1.7249
3.62725 -1.98022
3.66733 -2.248
3.70741 -2.52725
3.74749 -2.81696
3.78758 -3.11611
3.82766 -3.42367
3.86774 -3.73856
3.90782 -4.05972
3.9479 -4.38607
3.98798 -4.7165
4.02806 -5.04991
4.06814 -5.38518
4.10822 -5.72118
4.1483 -6.05678
4.18838 -6.39085
4.22846 -6.72225
4.26854 -7.04984
4.30862 -7.37249
4.3487 -7.68906
4.38878 -7.99843
4.42886 -8.29949
4.46894 -8.59113
4.50902 -8.87226
4.5491 -9.14181
4.58918 -9.39871
4.62926 -9.64193
4.66934 -9.87045
4.70942 -10.0833
4.7495 -10.2795
4.78958 -10.458
4.82966 -10.6181
4.86974 -10.7589
4.90982 -10.8794
4.9499 -10.979
4.98998 -11.0567
5.03006 -11.1121
5.07014 -11.1442
5.11022 -11.1527
5.1503 -11.1367
5.19038 -11.0959
5.23046 -11.0297
5.27054 -10.9378
5.31062 -10.8197
5.3507 -10.6751
5.39078 -10.5037
5.43086 -10.3054
5.47094 -10.08
5.51102 -9.82741
5.5511 -9.54759
5.59118 -9.24058
5.63126 -8.90647
5.67134 -8.54541
5.71142 -8.15763
5.7515 -7.74339
5.79158 -7.30303
5.83166 -6.83697
5.87174 -6.34566
5.91182 -5.82963
5.9519 -5.28948
5.99198 -4.72584
6.03206 -4.13943
6.07214 -3.53102
6.11222 -2.90143
6.1523 -2.25156
6.19238 -1.58234
6.23246 -0.894764
6.27255 -0.189892
6.31263 0.531177
6.35271 1.26729
6.39279 2.01724
6.43287 2.77979
6.47295 3.55363
6.51303 4.33744
6.55311 5.12983
6.59319 5.92939
6.63327 6.73467
6.67335 7.54419
6.71343 8.35643
6.75351 9.16984
6.79359 9.98286
6.83367 10.7939
6.87375 11.6014
6.91383 12.4036
6.95391 13.199
6.99399 13.9858
7.03407 14.7626
7.07415 15.5274
7.11423 16.2789
7.15431 17.0151
7.19439 17.7346
7.23447 18.4356
7.27455 19.1166
7.31463 19.7759
7.35471 20.4119
7.39479 21.0231
7.43487 21.6079
7.47495 22.1648
7.51503 22.6923
7.55511 23.1889
7.59519 23.6533
7.63527 24.0841
7.67535 24.48
7.71543 24.8397
7.75551 25.1619
7.79559 25.4456
7.83567 25.6896
7.87575 25.8928
7.91583 26.0544
7.95591 26.1732
7.99599 26.2486
8.03607 26.2798
8.07615 26.2659
8.11623 26.2065
8.15631 26.1009
8.19639 25.9486
8.23647 25.7494
8.27655 25.5028
8.31663 25.2086
8.35671 24.8668
8.39679 24.4772
8.43687 24.0398
8.47695 23.5549
8.51703 23.0225
8.55711 22.4431
8.59719 21.8169
8.63727 21.1446
8.67735 20.4266
8.71743 19.6636
8.75752 18.8564
8.7976 18.0058
8.83768 17.1128
8.87776 16.1783
8.91784 15.2035
8.95792 14.1896
8.998 13.1379
9.03808 12.0497
9.07816 10.9265
9.11824 9.76982
9.15832 8.58126
9.1984 7.3625
9.23848 6.11531
9.27856 4.84152
9.31864 3.54304
9.35872 2.22183
9.3988 0.879914
9.43888 -0.480605
9.47896 -1.85758
9.51904 -3.24881
9.55912 -4.65205
9.5992 -6.06498
9.63928 -7.48527
9.67936 -8.91053
9.71944 -10.3383
9.75952 -11.7663
9.7996 -13.1918
9.83968 -14.6125
9.87976 -16.0257
9.91984 -17.4291
9.95992 -18.8199
10 -20.1958
