PARAMETRIC_CURVE_CARTESIAN_3D
body_RK4_3
t1: 0
t2: 50
NumPoints: 67
0 130 50 70 
0.757576 126.492 58.7708 70 
1.51515 122.845 67.8864 70 
2.27273 119.116 77.2088 70 
3.0303 115.267 86.8337 70 
3.78788 111.752 95.6211 70 
4.54545 107.588 106.03 70 
5.30303 102.656 118.359 70 
6.06061 98.8743 127.814 70 
6.81818 94.6434 138.391 70 
7.57576 89.913 150.217 70 
8.33333 84.6273 163.432 70 
9.09091 78.7251 178.187 70 
9.84848 72.1391 194.652 70 
10.6061 68.5668 203.583 70 
11.3636 64.7954 213.012 70 
12.1212 60.8143 222.964 70 
12.8788 56.6127 233.468 70 
13.6364 52.179 244.552 70 
14.3939 47.5013 256.247 70 
15.1515 42.5669 268.583 70 
15.9091 37.3625 281.594 70 
16.6667 31.8742 295.315 70 
17.4242 26.0873 309.782 70 
18.1818 19.9864 325.034 70 
18.9394 13.5552 341.112 70 
19.697 6.77693 358.058 70 
20.4545 -0.366505 375.916 70 
21.2121 -7.89387 394.735 70 
21.9697 -15.825 414.562 70 
22.7273 -24.1806 435.451 70 
23.4848 -32.9826 457.457 70 
24.2424 -42.2541 480.635 70 
25 -52.0193 505.048 70 
25.7576 -62.3036 530.759 70 
26.5152 -73.1339 557.835 70 
27.2727 -84.5383 586.346 70 
28.0303 -96.5466 616.366 70 
28.7879 -109.19 647.975 70 
29.5455 -122.501 681.253 70 
30.303 -136.515 716.287 70 
31.0606 -151.267 753.168 70 
31.8182 -166.796 791.991 70 
32.5758 -183.143 832.858 70 
33.3333 -200.35 875.874 70 
34.0909 -218.46 921.151 70 
34.8485 -237.522 968.806 70 
35.6061 -257.585 1018.96 70 
36.3636 -278.699 1071.75 70 
37.1212 -300.921 1127.3 70 
37.8788 -324.308 1185.77 70 
38.6364 -348.919 1247.3 70 
39.3939 -374.82 1312.05 70 
40.1515 -402.076 1380.19 70 
40.9091 -430.758 1451.89 70 
41.6667 -460.94 1527.35 70 
42.4242 -492.701 1606.75 70 
43.1818 -526.123 1690.31 70 
43.9394 -561.292 1778.23 70 
44.697 -598.298 1870.75 70 
45.4545 -637.238 1968.09 70 
46.2121 -678.212 2070.53 70 
46.9697 -721.326 2178.32 70 
47.7273 -766.692 2291.73 70 
48.4848 -814.427 2411.07 70 
49.2424 -864.654 2536.63 70 
50 -870 2550 70 
