PARAMETRIC_CURVE_CARTESIAN_3D
body_RK4_4
t1: 0
t2: 50
NumPoints: 67
0 -20 100 -110 
0.757576 -20 100 -110 
1.51515 -20 100 -110 
2.27273 -20 100 -110 
3.0303 -20 100 -110 
3.78788 -20 100 -110 
4.54545 -20 100 -110 
5.30303 -20 100 -110 
6.06061 -20 100 -110 
6.81818 -20 100 -110 
7.57576 -20 100 -110 
8.33333 -20 100 -110 
9.09091 -20 100 -110 
9.84848 -20 100 -110 
10.6061 -20 100 -110 
11.3636 -20 100 -110 
12.1212 -20 100 -110 
12.8788 -20 100 -110 
13.6364 -20 100 -110 
14.3939 -20 100 -110 
15.1515 -20 100 -110 
15.9091 -20 100 -110 
16.6667 -20 100 -110 
17.4242 -20 100 -110 
18.1818 -20 100 -110 
18.9394 -20 100 -110 
19.697 -20 100 -110 
20.4545 -20 100 -110 
21.2121 -20 100 -110 
21.9697 -20 100 -110 
22.7273 -20 100 -110 
23.4848 -20 100 -110 
24.2424 -20 100 -110 
25 -20 100 -110 
25.7576 -20 100 -110 
26.5152 -20 100 -110 
27.2727 -20 100 -110 
28.0303 -20 100 -110 
28.7879 -20 100 -110 
29.5455 -20 100 -110 
30.303 -20 100 -110 
31.0606 -20 100 -110 
31.8182 -20 100 -110 
32.5758 -20 100 -110 
33.3333 -20 100 -110 
34.0909 -20 100 -110 
34.8485 -20 100 -110 
35.6061 -20 100 -110 
36.3636 -20 100 -110 
37.1212 -20 100 -110 
37.8788 -20 100 -110 
38.6364 -20 100 -110 
39.3939 -20 100 -110 
40.1515 -20 100 -110 
40.9091 -20 100 -110 
41.6667 -20 100 -110 
42.4242 -20 100 -110 
43.1818 -20 100 -110 
43.9394 -20 100 -110 
44.697 -20 100 -110 
45.4545 -20 100 -110 
46.2121 -20 100 -110 
46.9697 -20 100 -110 
47.7273 -20 100 -110 
48.4848 -20 100 -110 
49.2424 -20 100 -110 
50 -20 100 -110 
