PARAMETRIC_CURVE_CARTESIAN_3D
body_1
t1: 0
t2: 100
NumPoints: 101
0 0 0 0 
1 -0.000778074 1.98003 4.95036 
2 -0.00232646 3.95982 9.90055 
3 -0.00464604 5.93934 14.8505 
4 -0.00774826 7.91849 19.8002 
5 -0.0116579 9.89721 24.7497 
6 -0.0164174 11.8754 29.6988 
7 -0.0220925 13.853 34.6474 
8 -0.0287816 15.8297 39.5955 
9 -0.0366301 17.8056 44.5431 
10 -0.0458526 19.7804 49.4898 
11 -0.0567736 21.7539 54.4357 
12 -0.069908 23.7257 59.3803 
13 -0.0861787 25.6956 64.3237 
14 -0.10784 27.6632 69.2662 
15 -0.144815 29.6312 74.21 
16 -0.191953 31.6219 79.1307 
17 -0.224522 33.6294 84.0305 
18 -0.23411 35.6455 88.9258 
19 -0.228343 37.6617 93.8253 
20 -0.214329 39.6751 98.7294 
21 -0.195777 41.6851 103.637 
22 -0.174609 43.6919 108.546 
23 -0.151903 45.6957 113.457 
24 -0.128304 47.6968 118.368 
25 -0.10421 49.6954 123.28 
26 -0.0798663 51.6918 128.192 
27 -0.0554192 53.6861 133.104 
28 -0.0309462 55.6786 138.017 
29 -0.00647856 57.6692 142.929 
30 0.0179846 59.6581 147.841 
31 0.042467 61.6454 152.754 
32 0.0670087 63.6311 157.666 
33 0.0916621 65.6151 162.578 
34 0.11649 67.5975 167.489 
35 0.141562 69.5782 172.401 
36 0.166961 71.5571 177.313 
37 0.192777 73.5342 182.225 
38 0.219115 75.5092 187.137 
39 0.246097 77.482 192.049 
40 0.27387 79.4522 196.961 
41 0.302612 81.4195 201.875 
42 0.33253 83.3831 206.789 
43 0.363747 85.3418 211.706 
44 0.395323 87.2929 216.629 
45 0.415906 89.2343 221.567 
46 0.422201 91.1854 226.501 
47 0.425764 93.1403 231.431 
48 0.428412 95.0961 236.359 
49 0.430341 97.0515 241.285 
50 0.431357 99.0061 246.21 
51 0.431091 100.959 251.134 
52 0.429044 102.911 256.057 
53 0.424577 104.862 260.98 
54 0.416893 106.811 265.902 
55 0.405061 108.76 270.821 
56 0.388248 110.709 275.736 
57 0.36696 112.662 280.642 
58 0.347432 114.624 285.536 
59 0.342933 116.598 290.421 
60 0.354317 118.576 295.312 
61 0.374389 120.554 300.21 
62 0.398379 122.531 305.117 
63 0.423841 124.506 310.029 
64 0.449512 126.48 314.947 
65 0.474718 128.453 319.868 
66 0.499098 130.426 324.793 
67 0.522472 132.399 329.72 
68 0.544771 134.371 334.65 
69 0.565996 136.343 339.582 
70 0.586205 138.316 344.515 
71 0.605491 140.288 349.449 
72 0.623988 142.261 354.385 
73 0.641868 144.233 359.321 
74 0.659352 146.206 364.257 
75 0.676736 148.178 369.194 
76 0.69444 150.15 374.131 
77 0.7131 152.121 379.068 
78 0.733784 154.09 384.006 
79 0.758274 156.054 388.947 
80 0.784073 158.004 393.899 
81 0.791122 159.959 398.859 
82 0.790666 161.918 403.818 
83 0.786287 163.88 408.776 
84 0.779216 165.845 413.732 
85 0.769979 167.811 418.687 
86 0.75882 169.779 423.64 
87 0.745846 171.748 428.593 
88 0.731085 173.717 433.544 
89 0.714499 175.687 438.495 
90 0.696001 177.658 443.444 
91 0.675445 179.629 448.392 
92 0.652618 181.601 453.339 
93 0.627224 183.572 458.284 
94 0.598855 185.544 463.227 
95 0.566947 187.516 468.168 
96 0.530741 189.489 473.106 
97 0.489291 191.463 478.038 
98 0.441863 193.439 482.962 
99 0.390211 195.422 487.872 
100 0.344752 197.418 492.765 
