PARAMETRIC_CURVE_CARTESIAN_3D
body_RK4_1
t1: 0
t2: 50
NumPoints: 67
0 0 0 0 
0.757576 0.000970825 0.222368 -9.54001 
1.51515 0.0102161 0.773328 -21.0856 
2.27273 0.0485444 2.06975 -34.6121 
3.0303 0.16813 4.68178 -50.4009 
3.78788 0.430161 8.68636 -66.4339 
4.54545 1.10834 16.1325 -87.4239 
5.30303 2.86977 29.9422 -115.089 
6.06061 5.41889 45.1891 -138.365 
6.81818 10.2349 68.1562 -166.522 
7.57576 19.3237 102.731 -200.653 
8.33333 36.452 154.753 -242.099 
9.09091 68.6769 232.992 -292.507 
9.84848 129.195 350.618 -353.895 
10.6061 177.092 430.043 -389.46 
11.3636 242.64 527.408 -428.739 
12.1212 332.306 646.761 -472.13 
12.8788 454.908 793.059 -520.074 
13.6364 622.47 972.377 -573.059 
14.3939 851.38 1192.16 -631.624 
15.1515 1163.97 1461.53 -696.367 
15.9091 1590.66 1791.67 -767.95 
16.6667 2172.87 2196.28 -847.107 
17.4242 2966.98 2692.13 -934.648 
18.1818 4049.76 3299.8 -1031.47 
18.9394 5525.61 4044.5 -1138.57 
19.697 7536.58 4957.1 -1257.05 
20.4545 10275.9 6075.47 -1388.13 
21.2121 14006.2 7445.97 -1533.15 
21.9697 19084.7 9125.43 -1693.62 
22.7273 25996.8 11183.5 -1871.18 
23.4848 35402.3 13705.5 -2067.67 
24.2424 48197.8 16796.1 -2285.1 
25 65601.2 20583.4 -2525.74 
25.7576 89267.5 25224.4 -2792.05 
26.5152 121444 30911.5 -3086.8 
27.2727 165184 37880.7 -3413.01 
28.0303 224634 46420.9 -3774.08 
28.7879 305422 56886.3 -4173.71 
29.5455 415194 69710.7 -4616.05 
30.303 564329 85426.2 -5105.66 
31.0606 766916 104684 -5647.61 
31.8182 1.04208e+06 128284 -6247.5 
32.5758 1.4158e+06 157203 -6911.53 
33.3333 1.9233e+06 192642 -7646.56 
34.0909 2.61243e+06 236071 -8460.19 
34.8485 3.54811e+06 289289 -9360.84 
35.6061 4.81846e+06 354505 -10357.8 
36.3636 6.54306e+06 434423 -11461.5 
37.1212 8.8842e+06 532359 -12683.1 
37.8788 1.20621e+07 652373 -14035.5 
38.6364 1.63756e+07 799444 -15532.5 
39.3939 2.22303e+07 979671 -17189.7 
40.1515 3.01764e+07 1.20053e+06 -19024.2 
40.9091 4.09605e+07 1.47118e+06 -21055 
41.6667 5.55959e+07 1.80286e+06 -23303 
42.4242 7.54571e+07 2.2093e+06 -25791.6 
43.1818 1.02409e+08 2.70739e+06 -28546.4 
43.9394 1.38983e+08 3.31777e+06 -31596 
44.697 1.88612e+08 4.06576e+06 -34971.9 
45.4545 2.55955e+08 4.98239e+06 -38709 
46.2121 3.47333e+08 6.10569e+06 -42846 
46.9697 4.71319e+08 7.48224e+06 -47425.6 
47.7273 6.3955e+08 9.16915e+06 -52495.3 
48.4848 8.67809e+08 1.12364e+07 -58107.5 
49.2424 1.17751e+09 1.37697e+07 -64320.1 
50 1.2153e+09 1.40625e+07 -65000 
