PARAMETRIC_CURVE_CARTESIAN_3D
body_3
t1: 0
t2: 100
NumPoints: 101
0 130 50 70 
1 129.663 44.9199 69.8186 
2 128.959 39.7179 69.4532 
3 127.851 34.404 68.9017 
4 126.302 28.9917 68.1637 
5 124.27 23.4985 67.2405 
6 121.707 17.947 66.1361 
7 118.564 12.3662 64.8579 
8 114.786 6.79316 63.4179 
9 110.314 1.27434 61.834 
10 105.09 -4.132 60.1321 
11 99.0536 -9.35395 58.3479 
12 92.1509 -14.3041 56.5293 
13 84.3367 -18.8786 54.7384 
14 75.5838 -22.9573 53.0534 
15 65.8911 -26.4073 51.5687 
16 55.294 -29.089 50.3927 
17 43.8727 -30.8669 49.6424 
18 31.7558 -31.6241 49.4345 
19 19.1159 -31.2769 49.8735 
20 6.15726 -29.787 51.0401 
21 -6.90354 -27.166 52.9826 
22 -19.8585 -23.4726 55.7137 
23 -32.5258 -18.8015 59.2138 
24 -44.7604 -13.2703 63.4374 
25 -56.4568 -7.00539 68.3224 
26 -67.5467 -0.131279 73.7983 
27 -77.9931 7.23643 79.7931 
28 -87.7826 14.9949 86.2372 
29 -96.9196 23.0552 93.0666 
30 -105.42 31.3422 100.224 
31 -113.308 39.7932 107.658 
32 -120.611 48.3563 115.326 
33 -127.359 56.9889 123.188 
34 -133.583 65.6562 131.214 
35 -139.314 74.33 139.373 
36 -144.58 82.9872 147.644 
37 -149.408 91.6091 156.004 
38 -153.826 100.18 164.438 
39 -157.858 108.689 172.928 
40 -161.526 117.125 181.463 
41 -164.851 125.48 190.031 
42 -167.854 133.749 198.623 
43 -170.552 141.925 207.23 
44 -172.962 150.005 215.845 
45 -175.099 157.986 224.46 
46 -176.979 165.865 233.072 
47 -178.614 173.641 241.675 
48 -180.017 181.311 250.264 
49 -181.2 188.876 258.836 
50 -182.173 196.335 267.388 
51 -182.946 203.687 275.917 
52 -183.529 210.931 284.419 
53 -183.93 218.069 292.894 
54 -184.157 225.1 301.338 
55 -184.219 232.025 309.751 
56 -184.122 238.844 318.13 
57 -183.873 245.557 326.474 
58 -183.478 252.165 334.782 
59 -182.943 258.668 343.052 
60 -182.274 265.068 351.284 
61 -181.476 271.363 359.477 
62 -180.554 277.556 367.63 
63 -179.513 283.647 375.741 
64 -178.357 289.636 383.811 
65 -177.09 295.524 391.838 
66 -175.716 301.311 399.823 
67 -174.24 306.998 407.763 
68 -172.665 312.587 415.66 
69 -170.993 318.076 423.511 
70 -169.23 323.468 431.318 
71 -167.377 328.762 439.078 
72 -165.438 333.959 446.793 
73 -163.415 339.06 454.461 
74 -161.312 344.065 462.083 
75 -159.131 348.975 469.657 
76 -156.875 353.791 477.183 
77 -154.546 358.512 484.662 
78 -152.147 363.139 492.093 
79 -149.68 367.674 499.475 
80 -147.146 372.115 506.809 
81 -144.549 376.464 514.094 
82 -141.89 380.721 521.33 
83 -139.172 384.886 528.516 
84 -136.395 388.96 535.653 
85 -133.563 392.943 542.74 
86 -130.676 396.834 549.776 
87 -127.737 400.635 556.762 
88 -124.747 404.346 563.697 
89 -121.709 407.966 570.581 
90 -118.623 411.497 577.414 
91 -115.491 414.937 584.195 
92 -112.314 418.288 590.924 
93 -109.095 421.549 597.601 
94 -105.835 424.721 604.226 
95 -102.535 427.803 610.797 
96 -99.1962 430.795 617.315 
97 -95.8207 433.699 623.78 
98 -92.4097 436.512 630.191 
99 -88.9644 439.237 636.547 
100 -85.4862 441.871 642.849 
