PARAMETRIC_CURVE_CARTESIAN_3D
body_RK4_5
t1: 0
t2: 50
NumPoints: 67
0 70 -110 70 
0.757576 70 -110 70 
1.51515 70 -110 70 
2.27273 70 -110 70 
3.0303 70 -110 70 
3.78788 70 -110 70 
4.54545 70 -110 70 
5.30303 70 -110 70 
6.06061 70 -110 70 
6.81818 70 -110 70 
7.57576 70 -110 70 
8.33333 70 -110 70 
9.09091 70 -110 70 
9.84848 70 -110 70 
10.6061 70 -110 70 
11.3636 70 -110 70 
12.1212 70 -110 70 
12.8788 70 -110 70 
13.6364 70 -110 70 
14.3939 70 -110 70 
15.1515 70 -110 70 
15.9091 70 -110 70 
16.6667 70 -110 70 
17.4242 70 -110 70 
18.1818 70 -110 70 
18.9394 70 -110 70 
19.697 70 -110 70 
20.4545 70 -110 70 
21.2121 70 -110 70 
21.9697 70 -110 70 
22.7273 70 -110 70 
23.4848 70 -110 70 
24.2424 70 -110 70 
25 70 -110 70 
25.7576 70 -110 70 
26.5152 70 -110 70 
27.2727 70 -110 70 
28.0303 70 -110 70 
28.7879 70 -110 70 
29.5455 70 -110 70 
30.303 70 -110 70 
31.0606 70 -110 70 
31.8182 70 -110 70 
32.5758 70 -110 70 
33.3333 70 -110 70 
34.0909 70 -110 70 
34.8485 70 -110 70 
35.6061 70 -110 70 
36.3636 70 -110 70 
37.1212 70 -110 70 
37.8788 70 -110 70 
38.6364 70 -110 70 
39.3939 70 -110 70 
40.1515 70 -110 70 
40.9091 70 -110 70 
41.6667 70 -110 70 
42.4242 70 -110 70 
43.1818 70 -110 70 
43.9394 70 -110 70 
44.697 70 -110 70 
45.4545 70 -110 70 
46.2121 70 -110 70 
46.9697 70 -110 70 
47.7273 70 -110 70 
48.4848 70 -110 70 
49.2424 70 -110 70 
50 70 -110 70 
