PARAMETRIC_CURVE_CARTESIAN_3D
body_4
t1: 0
t2: 100
NumPoints: 101
0 -20 100 -110 
1 -14.9913 99.7094 -109.68 
2 -9.94035 99.1423 -109.036 
3 -4.86215 98.3125 -108.064 
4 0.229029 97.2336 -106.761 
5 5.31946 95.9186 -105.123 
6 10.3959 94.3805 -103.148 
7 15.4457 92.6318 -100.835 
8 20.4564 90.6849 -98.1803 
9 25.4161 88.5519 -95.1838 
10 30.313 86.2447 -91.8436 
11 35.1357 83.7752 -88.1586 
12 39.8727 81.1551 -84.1277 
13 44.5131 78.3961 -79.7499 
14 49.0456 75.5097 -75.0246 
15 53.4592 72.5078 -69.9508 
16 57.7432 69.402 -64.5282 
17 61.8864 66.2044 -58.7562 
18 65.8779 62.9269 -52.6347 
19 69.7065 59.5818 -46.1635 
20 73.3608 56.1817 -39.3427 
21 76.8294 52.7396 -32.1725 
22 80.1006 49.2687 -24.6533 
23 83.1624 45.7828 -16.7859 
24 86.0027 42.2964 -8.5713 
25 88.6091 38.8242 -0.0109204 
26 90.9687 35.3819 8.89342 
27 93.0684 31.9859 18.1394 
28 94.8946 28.6532 27.7242 
29 96.4333 25.4022 37.6442 
30 97.6702 22.2518 47.895 
31 98.5903 19.2225 58.4713 
32 99.1783 16.336 69.3666 
33 99.4185 13.6151 80.5731 
34 99.2947 11.0846 92.0816 
35 98.7904 8.77062 103.881 
36 97.8889 6.70123 115.957 
37 96.5732 4.90639 128.295 
38 94.8265 3.41809 140.875 
39 92.6323 2.27039 153.675 
40 89.9746 1.49951 166.669 
41 86.8385 1.14371 179.825 
42 83.2109 1.24326 193.106 
43 79.0807 1.84015 206.472 
44 74.4401 2.97776 219.871 
45 69.2852 4.70027 233.248 
46 63.6172 7.05182 246.538 
47 57.4441 10.0751 259.668 
48 50.7821 13.8099 272.556 
49 43.6573 18.2909 285.111 
50 36.1074 23.5456 297.236 
51 28.1832 29.591 308.826 
52 19.9494 36.4309 319.773 
53 11.4856 44.053 329.971 
54 2.88476 52.4258 339.316 
55 -5.7482 61.4977 347.718 
56 -14.2999 71.196 355.1 
57 -22.6533 81.4289 361.409 
58 -30.6926 92.088 366.616 
59 -38.3096 103.054 370.72 
60 -45.4081 114.202 373.748 
61 -51.9079 125.407 375.751 
62 -57.7473 136.551 376.802 
63 -62.8843 147.525 376.989 
64 -67.2953 158.236 376.409 
65 -70.9733 168.602 375.165 
66 -73.9255 178.56 373.361 
67 -76.1703 188.06 371.096 
68 -77.7346 197.066 368.464 
69 -78.6512 205.553 365.553 
70 -78.957 213.506 362.442 
71 -78.6912 220.919 359.203 
72 -77.8937 227.79 355.899 
73 -76.6043 234.125 352.586 
74 -74.8622 239.933 349.312 
75 -72.7051 245.226 346.122 
76 -70.1692 250.018 343.05 
77 -67.2886 254.323 340.131 
78 -64.0958 258.159 337.391 
79 -60.6215 261.542 334.853 
80 -56.8941 264.49 332.539 
81 -52.9408 267.02 330.467 
82 -48.7867 269.149 328.65 
83 -44.4554 270.895 327.103 
84 -39.9692 272.273 325.837 
85 -35.3487 273.299 324.861 
86 -30.6135 273.989 324.184 
87 -25.7818 274.359 323.814 
88 -20.8711 274.423 323.756 
89 -15.8975 274.196 324.016 
90 -10.8768 273.691 324.6 
91 -5.82369 272.923 325.51 
92 -0.75242 271.905 326.752 
93 4.32336 270.649 328.327 
94 9.39047 269.169 330.238 
95 14.4361 267.478 332.489 
96 19.4479 265.587 335.08 
97 24.4137 263.508 338.013 
98 29.3217 261.254 341.29 
99 34.1604 258.835 344.913 
100 38.9184 256.265 348.881 
