PARAMETRIC_CURVE_CARTESIAN_3D
body_RK4_2
t1: 0
t2: 50
NumPoints: 67
0 -110 -50 10 
0.757576 -111.692 -58.7708 27.5415 
1.51515 -117.038 -67.8864 45.7728 
2.27273 -126.287 -77.2088 64.4177 
3.0303 -139.848 -86.8337 83.6674 
3.78788 -155.788 -95.6211 101.242 
4.54545 -179.066 -106.03 122.06 
5.30303 -212.806 -118.359 146.718 
6.06061 -243.212 -127.814 165.629 
6.81818 -281.887 -138.391 186.783 
7.57576 -330.958 -150.217 210.435 
8.33333 -393.069 -163.432 236.864 
9.09091 -471.504 -178.187 266.375 
9.84848 -570.334 -194.652 299.305 
10.6061 -628.929 -203.583 317.166 
11.3636 -694.601 -213.012 336.023 
12.1212 -768.166 -222.964 355.928 
12.8788 -850.534 -233.468 376.937 
13.6364 -942.714 -244.552 399.105 
14.3939 -1045.83 -256.247 422.493 
15.1515 -1161.13 -268.583 447.165 
15.9091 -1289.98 -281.594 473.187 
16.6667 -1433.94 -295.315 500.629 
17.4242 -1594.71 -309.782 529.564 
18.1818 -1774.16 -325.034 560.068 
18.9394 -1974.41 -341.112 592.224 
19.697 -2197.79 -358.058 626.115 
20.4545 -2446.87 -375.916 661.833 
21.2121 -2724.52 -394.735 699.469 
21.9697 -3033.93 -414.562 739.125 
22.7273 -3378.6 -435.451 780.903 
23.4848 -3762.46 -457.457 824.913 
24.2424 -4189.83 -480.635 871.271 
25 -4665.52 -505.048 920.096 
25.7576 -5194.84 -530.759 971.518 
26.5152 -5783.71 -557.835 1025.67 
27.2727 -6438.67 -586.346 1082.69 
28.0303 -7166.96 -616.366 1142.73 
28.7879 -7976.62 -647.975 1205.95 
29.5455 -8876.55 -681.253 1272.51 
30.303 -9876.63 -716.287 1342.57 
31.0606 -10987.8 -753.168 1416.34 
31.8182 -12222.1 -791.991 1493.98 
32.5758 -13593.1 -832.858 1575.72 
33.3333 -15115.5 -875.874 1661.75 
34.0909 -16805.9 -921.151 1752.3 
34.8485 -18682.5 -968.806 1847.61 
35.6061 -20765.5 -1018.96 1947.92 
36.3636 -23077.3 -1071.75 2053.5 
37.1212 -25642.8 -1127.3 2164.61 
37.8788 -28489.4 -1185.77 2281.54 
38.6364 -31647.5 -1247.3 2404.6 
39.3939 -35150.9 -1312.05 2534.1 
40.1515 -39036.9 -1380.19 2670.38 
40.9091 -43346.8 -1451.89 2813.79 
41.6667 -48126.5 -1527.35 2964.7 
42.4242 -53426.6 -1606.75 3123.51 
43.1818 -59303.4 -1690.31 3290.62 
43.9394 -65819.1 -1778.23 3466.46 
44.697 -73042.5 -1870.75 3651.49 
45.4545 -81049.9 -1968.09 3846.19 
46.2121 -89925.9 -2070.53 4051.06 
46.9697 -99764 -2178.32 4266.63 
47.7273 -110668 -2291.73 4493.46 
48.4848 -122752 -2411.07 4732.13 
49.2424 -136144 -2536.63 4983.27 
50 -137610 -2550 5010 
