PARAMETRIC_CURVE_CARTESIAN_3D
body_5
t1: 0
t2: 100
NumPoints: 101
0 70 -110 70 
1 64.8378 -104.716 74.7386 
2 59.4579 -99.0748 79.2431 
3 53.8544 -93.046 83.487 
4 48.0208 -86.5939 87.4376 
5 41.9501 -79.6752 91.0542 
6 35.6356 -72.2357 94.2853 
7 29.0714 -64.2066 97.0636 
8 22.2542 -55.4981 99.2986 
9 15.1872 -45.9897 100.864 
10 7.88931 -35.5124 101.573 
11 0.41678 -23.8175 101.135 
12 -7.07244 -10.5138 99.0473 
13 -14.097 5.06261 94.3254 
14 -18.8087 24.0462 84.6476 
15 -11.0268 45.4479 64.6881 
16 7.60847 51.0986 54.1816 
17 24.1694 51.212 50.829 
18 38.0727 49.4035 51.1121 
19 49.7857 46.806 53.5607 
20 59.7004 43.8781 57.457 
21 68.0964 40.8426 62.3985 
22 75.1729 37.8226 68.1351 
23 81.0747 34.8937 74.4997 
24 85.9093 32.1063 81.374 
25 89.7573 29.4974 88.6702 
26 92.6795 27.0964 96.3207 
27 94.7213 24.9286 104.271 
28 95.9158 23.0177 112.477 
29 96.2857 21.3872 120.9 
30 95.8448 20.062 129.505 
31 94.5985 19.0693 138.262 
32 92.5442 18.4401 147.14 
33 89.671 18.2108 156.107 
34 85.959 18.4249 165.133 
35 81.3785 19.1361 174.179 
36 75.8877 20.412 183.201 
37 69.4304 22.3402 192.145 
38 61.9314 25.0382 200.937 
39 53.291 28.6691 209.47 
40 43.3768 33.4719 217.581 
41 32.0143 39.819 224.997 
42 18.9909 48.3447 231.2 
43 4.16048 60.2627 235.037 
44 -11.5795 78.1855 233.286 
45 -16.9397 104.002 217.095 
46 -8.7158 118.257 204.404 
47 1.4081 126.879 196.311 
48 11.4478 132.638 191.197 
49 20.9802 136.67 188.16 
50 29.9086 139.539 186.682 
51 38.2227 141.563 186.444 
52 45.9369 142.943 187.232 
53 53.0715 143.814 188.895 
54 59.6461 144.27 191.324 
55 65.6774 144.383 194.436 
56 71.1786 144.208 198.167 
57 76.1597 143.786 202.468 
58 80.6267 143.154 207.298 
59 84.5833 142.341 212.626 
60 88.0297 141.372 218.425 
61 90.9628 140.27 224.676 
62 93.3756 139.054 231.361 
63 95.2578 137.744 238.468 
64 96.595 136.358 245.986 
65 97.3683 134.913 253.908 
66 97.5537 133.43 262.232 
67 97.121 131.927 270.954 
68 96.0324 130.428 280.075 
69 94.2407 128.958 289.598 
70 91.6866 127.547 299.529 
71 88.2943 126.236 309.873 
72 83.9658 125.075 320.64 
73 78.5713 124.133 331.839 
74 71.9338 123.513 343.476 
75 63.802 123.367 355.549 
76 53.8004 123.957 368.027 
77 41.3297 125.764 380.788 
78 25.3567 129.843 393.402 
79 4.12668 139.097 404.01 
80 -19.8438 162.139 402.371 
81 -26.4821 181.706 393.613 
82 -27.0304 196.417 386.027 
83 -25.0758 208.024 380.041 
84 -21.8676 217.49 375.448 
85 -17.9595 225.36 372.039 
86 -13.6414 231.967 369.652 
87 -9.08331 237.534 368.168 
88 -4.39442 242.215 367.497 
89 0.350331 246.122 367.57 
90 5.09622 249.342 368.334 
91 9.80103 251.938 369.749 
92 14.4305 253.962 371.783 
93 18.9554 255.454 374.413 
94 23.3495 256.445 377.623 
95 27.5881 256.962 381.4 
96 31.6469 257.025 385.74 
97 35.5011 256.649 390.641 
98 39.1242 255.848 396.107 
99 42.4869 254.63 402.148 
100 45.5567 253.002 408.777 
