PARAMETRIC_CURVE_CARTESIAN_3D
body_2
t1: 0
t2: 100
NumPoints: 101
0 -110 -50 10 
1 -109.395 -44.7745 9.945 
2 -108.154 -39.2772 9.86086 
3 -106.242 -33.5114 9.77683 
4 -103.615 -27.4805 9.72676 
5 -100.224 -21.1882 9.75086 
6 -96.0072 -14.6398 9.89833 
7 -90.8905 -7.84277 10.2311 
8 -84.7836 -0.809368 10.8297 
9 -77.5746 6.4404 11.802 
10 -69.1238 13.8722 13.2981 
11 -59.2564 21.4251 15.5359 
12 -47.755 28.987 18.8466 
13 -34.3653 36.3406 23.7615 
14 -18.8594 43.0369 31.1796 
15 -1.35517 48.0947 42.6561 
16 16.386 49.4521 60.4668 
17 28.4328 44.7666 84.5666 
18 30.8173 36.3266 108.476 
19 27.0441 27.7513 128.504 
20 20.3798 20.2267 144.853 
21 12.4427 13.9043 158.348 
22 4.00221 8.68951 169.66 
23 -4.55456 4.45184 179.264 
24 -13.0193 1.07319 187.497 
25 -21.2733 -1.5444 194.6 
26 -29.2455 -3.48046 200.753 
27 -36.8912 -4.79941 206.094 
28 -44.1812 -5.55377 210.73 
29 -51.0949 -5.78663 214.746 
30 -57.6174 -5.53364 218.211 
31 -63.7364 -4.82441 221.182 
32 -69.4414 -3.68371 223.71 
33 -74.7223 -2.1323 225.833 
34 -79.5688 -0.187584 227.589 
35 -83.9703 2.13584 229.008 
36 -87.9147 4.82582 230.12 
37 -91.3886 7.8723 230.949 
38 -94.377 11.267 231.519 
39 -96.8625 15.0035 231.853 
40 -98.8249 19.0765 231.972 
41 -100.241 23.4824 231.898 
42 -101.084 28.2186 231.653 
43 -101.323 33.2837 231.259 
44 -100.92 38.6771 230.743 
45 -99.8327 44.3993 230.131 
46 -98.0088 50.4512 229.456 
47 -95.3866 56.8337 228.757 
48 -91.8912 63.5472 228.082 
49 -87.4308 70.5907 227.494 
50 -81.8913 77.9592 227.075 
51 -75.1295 85.6401 226.941 
52 -66.9628 93.6057 227.256 
53 -57.1568 101.798 228.273 
54 -45.4124 110.093 230.39 
55 -31.3728 118.223 234.287 
56 -14.7386 125.581 241.166 
57 4.11872 130.754 253.124 
58 21.9666 131.056 272.492 
59 32.0628 125.466 296.536 
60 33.8865 117.563 318.987 
61 30.9601 109.804 338.085 
62 25.6123 102.896 354.187 
63 19.0316 96.9475 367.895 
64 11.8357 91.9091 379.694 
65 4.36604 87.699 389.943 
66 -3.17593 84.2376 398.907 
67 -10.6647 81.4555 406.783 
68 -18.0177 79.2943 413.72 
69 -25.1786 77.7055 419.837 
70 -32.1065 76.6487 425.226 
71 -38.7707 76.0903 429.964 
72 -45.1468 76.0024 434.112 
73 -51.2146 76.3616 437.723 
74 -56.9561 77.1484 440.84 
75 -62.3548 78.3466 443.501 
76 -67.3945 79.9429 445.738 
77 -72.0592 81.9262 447.581 
78 -76.3319 84.2879 449.055 
79 -80.1946 87.0213 450.183 
80 -83.6277 90.1213 450.986 
81 -86.6095 93.5849 451.483 
82 -89.1157 97.4103 451.694 
83 -91.1186 101.597 451.636 
84 -92.5868 106.147 451.329 
85 -93.4836 111.063 450.791 
86 -93.7663 116.35 450.044 
87 -93.3845 122.012 449.11 
88 -92.2785 128.058 448.019 
89 -90.3759 134.495 446.803 
90 -87.5883 141.333 445.506 
91 -83.8063 148.58 444.186 
92 -78.8918 156.244 442.921 
93 -72.6675 164.327 441.827 
94 -64.9018 172.814 441.079 
95 -55.2878 181.662 440.955 
96 -43.4202 190.747 441.928 
97 -28.8005 199.754 444.851 
98 -11.036 207.872 451.335 
99 9.02262 213.108 464.136 
100 26.1953 212.431 484.872 
