PARAMETRIC_CURVE_CARTESIAN_3D
Curve from points
t1: 0
t2: 1
NumPoints: 1000
0 0 50 -100 
0.001001 0.125063 50.2537 -99.4522 
0.002002 0.230133 50.4777 -98.8927 
0.003003 0.315376 50.6723 -98.3214 
0.004004 0.380963 50.8376 -97.7385 
0.00500501 0.42706 50.974 -97.1441 
0.00600601 0.453835 51.0816 -96.5383 
0.00700701 0.461458 51.1606 -95.9211 
0.00800801 0.450095 51.2113 -95.2926 
0.00900901 0.419916 51.2339 -94.653 
0.01001 0.371088 51.2286 -94.0023 
0.011011 0.303779 51.1957 -93.3406 
0.012012 0.218157 51.1354 -92.6679 
0.013013 0.114392 51.0478 -91.9845 
0.014014 -0.00735007 50.9333 -91.2903 
0.015015 -0.1469 50.792 -90.5854 
0.016016 -0.30409 50.6242 -89.87 
0.017017 -0.478752 50.4301 -89.1441 
0.018018 -0.670717 50.2099 -88.4078 
0.019019 -0.879818 49.9638 -87.6612 
0.02002 -1.10589 49.6921 -86.9044 
0.021021 -1.34875 49.395 -86.1375 
0.022022 -1.60825 49.0726 -85.3605 
0.023023 -1.88422 48.7254 -84.5735 
0.024024 -2.17647 48.3533 -83.7767 
0.025025 -2.48486 47.9568 -82.9702 
0.026026 -2.8092 47.536 -82.1539 
0.027027 -3.14933 47.0911 -81.328 
0.028028 -3.50509 46.6223 -80.4926 
0.029029 -3.8763 46.13 -79.6478 
0.03003 -4.26279 45.6142 -78.7936 
0.031031 -4.66441 45.0752 -77.9302 
0.032032 -5.08097 44.5133 -77.0576 
0.033033 -5.51232 43.9287 -76.176 
0.034034 -5.95828 43.3216 -75.2853 
0.035035 -6.41868 42.6922 -74.3857 
0.036036 -6.89336 42.0407 -73.4773 
0.037037 -7.38215 41.3674 -72.5602 
0.038038 -7.88489 40.6726 -71.6345 
0.039039 -8.40139 39.9563 -70.7001 
0.04004 -8.9315 39.2188 -69.7573 
0.041041 -9.47505 38.4605 -68.8062 
0.042042 -10.0319 37.6814 -67.8467 
0.043043 -10.6018 36.8818 -66.879 
0.044044 -11.1846 36.062 -65.9032 
0.045045 -11.7802 35.2221 -64.9194 
0.046046 -12.3885 34.3624 -63.9276 
0.047047 -13.0091 33.4831 -62.928 
0.048048 -13.642 32.5844 -61.9206 
0.049049 -14.287 31.6666 -60.9055 
0.0500501 -14.9439 30.7299 -59.8828 
0.0510511 -15.6126 29.7745 -58.8526 
0.0520521 -16.2928 28.8006 -57.815 
0.0530531 -16.9845 27.8085 -56.7701 
0.0540541 -17.6874 26.7983 -55.7179 
0.0550551 -18.4014 25.7703 -54.6585 
0.0560561 -19.1263 24.7248 -53.5921 
0.0570571 -19.862 23.6619 -52.5187 
0.0580581 -20.6083 22.5819 -51.4383 
0.0590591 -21.3649 21.4849 -50.3512 
0.0600601 -22.1318 20.3713 -49.2574 
0.0610611 -22.9088 19.2412 -48.1569 
0.0620621 -23.6957 18.0949 -47.0498 
0.0630631 -24.4923 16.9326 -45.9364 
0.0640641 -25.2985 15.7545 -44.8165 
0.0650651 -26.1141 14.5608 -43.6903 
0.0660661 -26.9389 13.3518 -42.558 
0.0670671 -27.7728 12.1277 -41.4195 
0.0680681 -28.6156 10.8887 -40.275 
0.0690691 -29.4671 9.63501 -39.1246 
0.0700701 -30.3272 8.36689 -37.9683 
0.0710711 -31.1956 7.08455 -36.8063 
0.0720721 -32.0723 5.78821 -35.6386 
0.0730731 -32.9571 4.4781 -34.4652 
0.0740741 -33.8497 3.15444 -33.2864 
0.0750751 -34.7501 1.81746 -32.1022 
0.0760761 -35.658 0.467385 -30.9127 
0.0770771 -36.5733 -0.895571 -29.7179 
0.0780781 -37.4958 -2.27118 -28.5179 
0.0790791 -38.4253 -3.65921 -27.3129 
0.0800801 -39.3618 -5.05945 -26.103 
0.0810811 -40.3049 -6.47167 -24.8881 
0.0820821 -41.2546 -7.89565 -23.6684 
0.0830831 -42.2107 -9.33116 -22.444 
0.0840841 -43.173 -10.778 -21.215 
0.0850851 -44.1413 -12.2359 -19.9815 
0.0860861 -45.1155 -13.7046 -18.7435 
0.0870871 -46.0954 -15.184 -17.5011 
0.0880881 -47.0808 -16.6739 -16.2544 
0.0890891 -48.0716 -18.1739 -15.0036 
0.0900901 -49.0676 -19.6838 -13.7486 
0.0910911 -50.0686 -21.2035 -12.4897 
0.0920921 -51.0745 -22.7328 -11.2268 
0.0930931 -52.085 -24.2713 -9.96003 
0.0940941 -53.1001 -25.8189 -8.68954 
0.0950951 -54.1196 -27.3753 -7.41538 
0.0960961 -55.1432 -28.9404 -6.13764 
0.0970971 -56.1709 -30.5139 -4.85641 
0.0980981 -57.2024 -32.0955 -3.57177 
0.0990991 -58.2376 -33.6851 -2.28382 
0.1001 -59.2764 -35.2824 -0.992629 
0.101101 -60.3184 -36.8872 0.301701 
0.102102 -61.3637 -38.4993 1.59909 
0.103103 -62.412 -40.1184 2.89944 
0.104104 -63.4631 -41.7444 4.20268 
0.105105 -64.5169 -43.377 5.50871 
0.106106 -65.5732 -45.016 6.81745 
0.107107 -66.6318 -46.6611 8.12881 
0.108108 -67.6926 -48.3122 9.4427 
0.109109 -68.7554 -49.9689 10.759 
0.11011 -69.8201 -51.6312 12.0777 
0.111111 -70.8864 -53.2987 13.3987 
0.112112 -71.9542 -54.9713 14.7218 
0.113113 -73.0233 -56.6487 16.0471 
0.114114 -74.0937 -58.3307 17.3743 
0.115115 -75.165 -60.017 18.7035 
0.116116 -76.2371 -61.7075 20.0345 
0.117117 -77.3099 -63.4019 21.3673 
0.118118 -78.3832 -65.1 22.7017 
0.119119 -79.4568 -66.8016 24.0377 
0.12012 -80.5305 -68.5064 25.3751 
0.121121 -81.6043 -70.2143 26.714 
0.122122 -82.6778 -71.9249 28.0542 
0.123123 -83.7511 -73.6382 29.3956 
0.124124 -84.8237 -75.3538 30.7381 
0.125125 -85.8958 -77.0715 32.0817 
0.126126 -86.9669 -78.7911 33.4262 
0.127127 -88.037 -80.5124 34.7716 
0.128128 -89.106 -82.2352 36.1178 
0.129129 -90.1736 -83.9592 37.4647 
0.13013 -91.2396 -85.6842 38.8123 
0.131131 -92.304 -87.41 40.1603 
0.132132 -93.3665 -89.1363 41.5088 
0.133133 -94.427 -90.863 42.8576 
0.134134 -95.4852 -92.5898 44.2067 
0.135135 -96.5411 -94.3165 45.5559 
0.136136 -97.5945 -96.0429 46.9053 
0.137137 -98.6452 -97.7687 48.2546 
0.138138 -99.6929 -99.4937 49.6039 
0.139139 -100.738 -101.218 50.953 
0.14014 -101.779 -102.94 52.3018 
0.141141 -102.817 -104.661 53.6502 
0.142142 -103.851 -106.378 54.9982 
0.143143 -104.881 -108.092 56.3457 
0.144144 -105.907 -109.802 57.6924 
0.145145 -106.927 -111.508 59.0384 
0.146146 -107.943 -113.208 60.3835 
0.147147 -108.954 -114.902 61.7277 
0.148148 -109.959 -116.589 63.0709 
0.149149 -110.959 -118.27 64.4128 
0.15015 -111.952 -119.942 65.7536 
0.151151 -112.939 -121.606 67.0929 
0.152152 -113.92 -123.261 68.4309 
0.153153 -114.893 -124.906 69.7673 
0.154154 -115.86 -126.541 71.102 
0.155155 -116.818 -128.164 72.435 
0.156156 -117.77 -129.776 73.7662 
0.157157 -118.713 -131.376 75.0954 
0.158158 -119.648 -132.963 76.4226 
0.159159 -120.574 -134.536 77.7476 
0.16016 -121.492 -136.095 79.0704 
0.161161 -122.4 -137.639 80.3909 
0.162162 -123.299 -139.168 81.709 
0.163163 -124.189 -140.681 83.0245 
0.164164 -125.068 -142.177 84.3374 
0.165165 -125.938 -143.655 85.6476 
0.166166 -126.797 -145.116 86.955 
0.167167 -127.645 -146.558 88.2594 
0.168168 -128.482 -147.981 89.5609 
0.169169 -129.307 -149.384 90.8592 
0.17017 -130.121 -150.766 92.1543 
0.171171 -130.924 -152.127 93.4461 
0.172172 -131.714 -153.466 94.7345 
0.173173 -132.491 -154.783 96.0193 
0.174174 -133.256 -156.077 97.3006 
0.175175 -134.008 -157.347 98.5782 
0.176176 -134.747 -158.593 99.8519 
0.177177 -135.472 -159.814 101.122 
0.178178 -136.184 -161.009 102.388 
0.179179 -136.881 -162.178 103.649 
0.18018 -137.564 -163.321 104.907 
0.181181 -138.232 -164.435 106.16 
0.182182 -138.885 -165.522 107.409 
0.183183 -139.524 -166.58 108.654 
0.184184 -140.146 -167.608 109.893 
0.185185 -140.753 -168.606 111.128 
0.186186 -141.344 -169.574 112.359 
0.187187 -141.919 -170.51 113.584 
0.188188 -142.477 -171.415 114.805 
0.189189 -143.018 -172.287 116.02 
0.19019 -143.542 -173.125 117.23 
0.191191 -144.049 -173.93 118.435 
0.192192 -144.538 -174.701 119.635 
0.193193 -145.008 -175.436 120.829 
0.194194 -145.461 -176.136 122.017 
0.195195 -145.895 -176.799 123.2 
0.196196 -146.311 -177.425 124.377 
0.197197 -146.707 -178.013 125.549 
0.198198 -147.084 -178.564 126.714 
0.199199 -147.441 -179.075 127.873 
0.2002 -147.779 -179.547 129.026 
0.201201 -148.096 -179.979 130.173 
0.202202 -148.393 -180.37 131.313 
0.203203 -148.669 -180.719 132.447 
0.204204 -148.924 -181.026 133.575 
0.205205 -149.158 -181.291 134.696 
0.206206 -149.37 -181.512 135.81 
0.207207 -149.56 -181.69 136.917 
0.208208 -149.729 -181.822 138.017 
0.209209 -149.875 -181.91 139.11 
0.21021 -149.998 -181.952 140.196 
0.211211 -150.098 -181.947 141.275 
0.212212 -150.175 -181.895 142.347 
0.213213 -150.228 -181.795 143.411 
0.214214 -150.258 -181.647 144.467 
0.215215 -150.264 -181.45 145.516 
0.216216 -150.245 -181.203 146.558 
0.217217 -150.202 -180.905 147.591 
0.218218 -150.133 -180.557 148.616 
0.219219 -150.04 -180.158 149.634 
0.22022 -149.921 -179.706 150.643 
0.221221 -149.777 -179.202 151.644 
0.222222 -149.608 -178.648 152.637 
0.223223 -149.413 -178.045 153.622 
0.224224 -149.194 -177.393 154.598 
0.225225 -148.95 -176.695 155.566 
0.226226 -148.682 -175.951 156.525 
0.227227 -148.39 -175.162 157.476 
0.228228 -148.073 -174.33 158.418 
0.229229 -147.733 -173.456 159.352 
0.23023 -147.37 -172.541 160.277 
0.231231 -146.983 -171.586 161.194 
0.232232 -146.573 -170.592 162.101 
0.233233 -146.14 -169.562 163 
0.234234 -145.684 -168.494 163.891 
0.235235 -145.206 -167.392 164.772 
0.236236 -144.705 -166.256 165.644 
0.237237 -144.183 -165.087 166.507 
0.238238 -143.638 -163.887 167.362 
0.239239 -143.072 -162.656 168.207 
0.24024 -142.484 -161.397 169.043 
0.241241 -141.875 -160.109 169.87 
0.242242 -141.245 -158.795 170.687 
0.243243 -140.594 -157.455 171.496 
0.244244 -139.923 -156.091 172.294 
0.245245 -139.231 -154.704 173.084 
0.246246 -138.518 -153.295 173.864 
0.247247 -137.786 -151.865 174.635 
0.248248 -137.034 -150.415 175.396 
0.249249 -136.262 -148.947 176.148 
0.25025 -135.471 -147.462 176.889 
0.251251 -134.661 -145.96 177.622 
0.252252 -133.832 -144.444 178.344 
0.253253 -132.984 -142.915 179.057 
0.254254 -132.117 -141.372 179.76 
0.255255 -131.232 -139.819 180.453 
0.256256 -130.329 -138.255 181.136 
0.257257 -129.408 -136.683 181.809 
0.258258 -128.469 -135.103 182.472 
0.259259 -127.512 -133.516 183.125 
0.26026 -126.539 -131.924 183.767 
0.261261 -125.548 -130.328 184.4 
0.262262 -124.54 -128.729 185.022 
0.263263 -123.515 -127.128 185.634 
0.264264 -122.474 -125.527 186.236 
0.265265 -121.417 -123.926 186.827 
0.266266 -120.344 -122.327 187.408 
0.267267 -119.254 -120.731 187.979 
0.268268 -118.149 -119.139 188.539 
0.269269 -117.029 -117.553 189.088 
0.27027 -115.893 -115.973 189.627 
0.271271 -114.743 -114.4 190.155 
0.272272 -113.577 -112.837 190.672 
0.273273 -112.397 -111.284 191.178 
0.274274 -111.202 -109.742 191.674 
0.275275 -109.993 -108.213 192.159 
0.276276 -108.77 -106.697 192.632 
0.277277 -107.533 -105.197 193.095 
0.278278 -106.283 -103.712 193.547 
0.279279 -105.019 -102.245 193.988 
0.28028 -103.742 -100.796 194.417 
0.281281 -102.452 -99.3664 194.835 
0.282282 -101.15 -97.9579 195.243 
0.283283 -99.8344 -96.5714 195.638 
0.284284 -98.5068 -95.2081 196.023 
0.285285 -97.167 -93.8692 196.396 
0.286286 -95.8153 -92.5558 196.758 
0.287287 -94.4518 -91.2692 197.108 
0.288288 -93.0768 -90.0106 197.446 
0.289289 -91.6904 -88.7811 197.774 
0.29029 -90.2929 -87.5819 198.089 
0.291291 -88.8846 -86.4143 198.393 
0.292292 -87.4655 -85.2793 198.685 
0.293293 -86.0359 -84.1783 198.965 
0.294294 -84.596 -83.1123 199.233 
0.295295 -83.146 -82.0826 199.49 
0.296296 -81.6862 -81.0904 199.734 
0.297297 -80.2167 -80.1368 199.967 
0.298298 -78.7377 -79.2228 200.187 
0.299299 -77.2495 -78.3485 200.396 
0.3003 -75.7522 -77.5135 200.592 
0.301301 -74.246 -76.7172 200.777 
0.302302 -72.7312 -75.9594 200.949 
0.303303 -71.2079 -75.2394 201.109 
0.304304 -69.6764 -74.557 201.257 
0.305305 -68.1368 -73.9118 201.392 
0.306306 -66.5893 -73.3032 201.516 
0.307307 -65.0342 -72.7308 201.627 
0.308308 -63.4716 -72.1943 201.727 
0.309309 -61.9018 -71.6932 201.813 
0.31031 -60.3249 -71.2271 201.888 
0.311311 -58.7411 -70.7956 201.95 
0.312312 -57.1507 -70.3982 202.001 
0.313313 -55.5539 -70.0345 202.038 
0.314314 -53.9507 -69.7041 202.064 
0.315315 -52.3416 -69.4066 202.077 
0.316316 -50.7265 -69.1415 202.078 
0.317317 -49.1058 -68.9084 202.066 
0.318318 -47.4797 -68.707 202.042 
0.319319 -45.8483 -68.5367 202.006 
0.32032 -44.2118 -68.3972 201.957 
0.321321 -42.5705 -68.288 201.896 
0.322322 -40.9246 -68.2087 201.822 
0.323323 -39.2742 -68.1589 201.736 
0.324324 -37.6195 -68.1381 201.637 
0.325325 -35.9608 -68.146 201.526 
0.326326 -34.2982 -68.1821 201.402 
0.327327 -32.632 -68.246 201.265 
0.328328 -30.9623 -68.3372 201.117 
0.329329 -29.2894 -68.4554 200.955 
0.33033 -27.6134 -68.6001 200.781 
0.331331 -25.9346 -68.7708 200.594 
0.332332 -24.2531 -68.9673 200.395 
0.333333 -22.5692 -69.189 200.183 
0.334334 -20.883 -69.4355 199.958 
0.335335 -19.1947 -69.7064 199.721 
0.336336 -17.5047 -70.0013 199.47 
0.337337 -15.813 -70.3197 199.208 
0.338338 -14.1198 -70.6613 198.932 
0.339339 -12.4254 -71.0255 198.644 
0.34034 -10.7299 -71.4121 198.343 
0.341341 -9.03358 -71.8205 198.029 
0.342342 -7.33662 -72.2503 197.702 
0.343343 -5.63921 -72.7011 197.362 
0.344344 -3.94156 -73.1725 197.01 
0.345345 -2.24387 -73.6641 196.644 
0.346346 -0.546323 -74.1754 196.266 
0.347347 1.15086 -74.706 195.875 
0.348348 2.8475 -75.2555 195.471 
0.349349 4.54337 -75.8235 195.054 
0.35035 6.23829 -76.4095 194.624 
0.351351 7.93205 -77.0131 194.181 
0.352352 9.62446 -77.6339 193.725 
0.353353 11.3153 -78.2715 193.256 
0.354354 13.0044 -78.9255 192.774 
0.355355 14.6915 -79.5953 192.279 
0.356356 16.3765 -80.2807 191.771 
0.357357 18.0591 -80.9812 191.25 
0.358358 19.7392 -81.6962 190.716 
0.359359 21.4165 -82.4256 190.168 
0.36036 23.0908 -83.1687 189.608 
0.361361 24.762 -83.9252 189.034 
0.362362 26.4298 -84.6947 188.447 
0.363363 28.0941 -85.4766 187.847 
0.364364 29.7546 -86.2708 187.234 
0.365365 31.4111 -87.0765 186.608 
0.366366 33.0635 -87.8936 185.968 
0.367367 34.7115 -88.7215 185.315 
0.368368 36.3549 -89.5598 184.649 
0.369369 37.9936 -90.4081 183.969 
0.37037 39.6273 -91.266 183.276 
0.371371 41.2559 -92.133 182.57 
0.372372 42.8791 -93.0087 181.851 
0.373373 44.4967 -93.8927 181.118 
0.374374 46.1086 -94.7846 180.371 
0.375375 47.7145 -95.684 179.612 
0.376376 49.3142 -96.5904 178.839 
0.377377 50.9076 -97.5033 178.052 
0.378378 52.4944 -98.4225 177.252 
0.379379 54.0744 -99.3474 176.439 
0.38038 55.6475 -100.278 175.612 
0.381381 57.2134 -101.213 174.771 
0.382382 58.7719 -102.152 173.917 
0.383383 60.3228 -103.096 173.05 
0.384384 61.866 -104.043 172.168 
0.385385 63.4013 -104.994 171.274 
0.386386 64.9283 -105.947 170.366 
0.387387 66.447 -106.903 169.444 
0.388388 67.9571 -107.861 168.508 
0.389389 69.4585 -108.82 167.559 
0.39039 70.9509 -109.78 166.596 
0.391391 72.4341 -110.741 165.62 
0.392392 73.9079 -111.702 164.629 
0.393393 75.3722 -112.663 163.625 
0.394394 76.8267 -113.624 162.608 
0.395395 78.2712 -114.583 161.576 
0.396396 79.7055 -115.541 160.531 
0.397397 81.1295 -116.497 159.472 
0.398398 82.5429 -117.451 158.399 
0.399399 83.9455 -118.402 157.313 
0.4004 85.3372 -119.35 156.212 
0.401401 86.7177 -120.294 155.098 
0.402402 88.0868 -121.234 153.97 
0.403403 89.4443 -122.17 152.828 
0.404404 90.7901 -123.101 151.672 
0.405405 92.1238 -124.027 150.502 
0.406406 93.4454 -124.947 149.318 
0.407407 94.7547 -125.861 148.12 
0.408408 96.0513 -126.769 146.908 
0.409409 97.3352 -127.669 145.682 
0.41041 98.6061 -128.562 144.442 
0.411411 99.8638 -129.448 143.189 
0.412412 101.108 -130.325 141.921 
0.413413 102.339 -131.193 140.639 
0.414414 103.556 -132.053 139.342 
0.415415 104.759 -132.903 138.032 
0.416416 105.948 -133.743 136.708 
0.417417 107.122 -134.572 135.369 
0.418418 108.282 -135.391 134.017 
0.419419 109.427 -136.199 132.65 
0.42042 110.557 -136.995 131.269 
0.421421 111.672 -137.779 129.874 
0.422422 112.772 -138.551 128.464 
0.423423 113.856 -139.309 127.04 
0.424424 114.924 -140.055 125.602 
0.425425 115.976 -140.786 124.15 
0.426426 117.012 -141.504 122.684 
0.427427 118.032 -142.207 121.203 
0.428428 119.035 -142.894 119.707 
0.429429 120.021 -143.567 118.198 
0.43043 120.99 -144.224 116.674 
0.431431 121.942 -144.864 115.135 
0.432432 122.877 -145.487 113.583 
0.433433 123.794 -146.094 112.016 
0.434434 124.693 -146.683 110.434 
0.435435 125.575 -147.254 108.838 
0.436436 126.438 -147.807 107.227 
0.437437 127.283 -148.34 105.602 
0.438438 128.109 -148.855 103.963 
0.439439 128.916 -149.35 102.308 
0.44044 129.705 -149.824 100.64 
0.441441 130.474 -150.279 98.9566 
0.442442 131.224 -150.712 97.2591 
0.443443 131.955 -151.125 95.5479 
0.444444 132.668 -151.517 93.8235 
0.445445 133.362 -151.889 92.0864 
0.446446 134.038 -152.24 90.3372 
0.447447 134.696 -152.57 88.5764 
0.448448 135.336 -152.879 86.8044 
0.449449 135.959 -153.167 85.0218 
0.45045 136.565 -153.435 83.2292 
0.451451 137.153 -153.682 81.427 
0.452452 137.725 -153.908 79.6159 
0.453453 138.281 -154.114 77.7962 
0.454454 138.82 -154.298 75.9685 
0.455455 139.343 -154.462 74.1334 
0.456456 139.85 -154.605 72.2914 
0.457457 140.341 -154.726 70.443 
0.458458 140.818 -154.828 68.5887 
0.459459 141.279 -154.908 66.729 
0.46046 141.725 -154.967 64.8646 
0.461461 142.157 -155.005 62.9958 
0.462462 142.574 -155.023 61.1232 
0.463463 142.977 -155.02 59.2473 
0.464464 143.366 -154.995 57.3688 
0.465465 143.741 -154.95 55.488 
0.466466 144.103 -154.884 53.6055 
0.467467 144.452 -154.796 51.7218 
0.468468 144.787 -154.688 49.8375 
0.469469 145.11 -154.559 47.9531 
0.47047 145.421 -154.409 46.0691 
0.471471 145.719 -154.237 44.186 
0.472472 146.005 -154.045 42.3043 
0.473473 146.279 -153.832 40.4247 
0.474474 146.541 -153.597 38.5475 
0.475475 146.793 -153.342 36.6733 
0.476476 147.033 -153.065 34.8027 
0.477477 147.262 -152.767 32.9361 
0.478478 147.481 -152.449 31.0741 
0.479479 147.689 -152.109 29.2173 
0.48048 147.887 -151.748 27.366 
0.481481 148.075 -151.366 25.521 
0.482482 148.254 -150.962 23.6826 
0.483483 148.422 -150.538 21.8514 
0.484484 148.582 -150.092 20.0279 
0.485485 148.733 -149.626 18.2127 
0.486486 148.875 -149.138 16.4062 
0.487487 149.008 -148.628 14.6091 
0.488488 149.133 -148.098 12.8218 
0.489489 149.25 -147.546 11.0448 
0.49049 149.36 -146.973 9.27867 
0.491491 149.461 -146.379 7.52394 
0.492492 149.556 -145.764 5.78113 
0.493493 149.643 -145.127 4.05075 
0.494494 149.723 -144.469 2.33333 
0.495495 149.797 -143.79 0.629388 
0.496496 149.864 -143.089 -1.06055 
0.497497 149.925 -142.367 -2.73595 
0.498498 149.98 -141.624 -4.3963 
0.499499 150.03 -140.859 -6.04108 
0.500501 150.074 -140.073 -7.66976 
0.501502 150.113 -139.266 -9.28181 
0.502503 150.147 -138.437 -10.8767 
0.503504 150.176 -137.587 -12.454 
0.504505 150.2 -136.715 -14.013 
0.505506 150.22 -135.822 -15.5534 
0.506507 150.236 -134.908 -17.0744 
0.507508 150.249 -133.972 -18.5758 
0.508509 150.258 -133.014 -20.0568 
0.50951 150.263 -132.036 -21.5171 
0.510511 150.265 -131.035 -22.956 
0.511512 150.265 -130.014 -24.373 
0.512513 150.262 -128.97 -25.7677 
0.513514 150.256 -127.906 -27.1395 
0.514515 150.248 -126.819 -28.4879 
0.515516 150.238 -125.711 -29.8123 
0.516517 150.227 -124.582 -31.1122 
0.517518 150.214 -123.431 -32.3871 
0.518519 150.2 -122.259 -33.6366 
0.51952 150.185 -121.064 -34.86 
0.520521 150.169 -119.849 -36.0568 
0.521522 150.153 -118.611 -37.2265 
0.522523 150.136 -117.352 -38.3686 
0.523524 150.12 -116.072 -39.4826 
0.524525 150.103 -114.77 -40.568 
0.525526 150.087 -113.446 -41.6241 
0.526527 150.072 -112.1 -42.6506 
0.527528 150.057 -110.733 -43.6468 
0.528529 150.044 -109.344 -44.6123 
0.52953 150.032 -107.934 -45.5465 
0.530531 150.021 -106.501 -46.4489 
0.531532 150.012 -105.047 -47.3189 
0.532533 150.006 -103.571 -48.1562 
0.533534 150.002 -102.074 -48.9601 
0.534535 150 -100.555 -49.73 
0.535536 150.001 -99.0136 -50.4657 
0.536537 150.005 -97.4511 -51.1669 
0.537538 150.011 -95.8673 -51.834 
0.538539 150.021 -94.2627 -52.4672 
0.53954 150.032 -92.6376 -53.067 
0.540541 150.046 -90.9923 -53.6336 
0.541542 150.063 -89.3274 -54.1672 
0.542543 150.082 -87.643 -54.6682 
0.543544 150.103 -85.9395 -55.137 
0.544545 150.126 -84.2174 -55.5737 
0.545546 150.15 -82.4769 -55.9787 
0.546547 150.177 -80.7184 -56.3522 
0.547548 150.206 -78.9423 -56.6947 
0.548549 150.236 -77.1489 -57.0063 
0.54955 150.268 -75.3387 -57.2875 
0.550551 150.302 -73.5118 -57.5384 
0.551552 150.336 -71.6688 -57.7594 
0.552553 150.373 -69.8099 -57.9508 
0.553554 150.41 -67.9355 -58.1128 
0.554555 150.449 -66.0459 -58.2459 
0.555556 150.488 -64.1416 -58.3502 
0.556557 150.529 -62.2229 -58.4261 
0.557558 150.57 -60.2901 -58.4739 
0.558559 150.612 -58.3436 -58.4939 
0.55956 150.655 -56.3838 -58.4863 
0.560561 150.699 -54.4109 -58.4515 
0.561562 150.743 -52.4255 -58.3898 
0.562563 150.787 -50.4277 -58.3015 
0.563564 150.832 -48.418 -58.1869 
0.564565 150.877 -46.3967 -58.0462 
0.565566 150.922 -44.3643 -57.8799 
0.566567 150.967 -42.3209 -57.6881 
0.567568 151.012 -40.2671 -57.4711 
0.568569 151.057 -38.2031 -57.2294 
0.56957 151.102 -36.1294 -56.9631 
0.570571 151.147 -34.0462 -56.6726 
0.571572 151.191 -31.9539 -56.3582 
0.572573 151.234 -29.8529 -56.0201 
0.573574 151.277 -27.7435 -55.6588 
0.574575 151.319 -25.6262 -55.2744 
0.575576 151.361 -23.5011 -54.8672 
0.576577 151.401 -21.3688 -54.4377 
0.577578 151.441 -19.2296 -53.986 
0.578579 151.479 -17.0838 -53.5125 
0.57958 151.517 -14.9317 -53.0175 
0.580581 151.553 -12.7738 -52.5012 
0.581582 151.587 -10.6104 -51.964 
0.582583 151.621 -8.44177 -51.4062 
0.583584 151.653 -6.26838 -50.828 
0.584585 151.683 -4.09055 -50.2298 
0.585586 151.711 -1.90863 -49.6119 
0.586587 151.738 0.277013 -48.9746 
0.587588 151.763 2.46603 -48.3181 
0.588589 151.786 4.65807 -47.6428 
0.58959 151.807 6.85277 -46.9489 
0.590591 151.825 9.04978 -46.2369 
0.591592 151.842 11.2487 -45.5069 
0.592593 151.856 13.4493 -44.7592 
0.593594 151.867 15.6511 -43.9942 
0.594595 151.876 17.8537 -43.2122 
0.595596 151.883 20.0569 -42.4135 
0.596597 151.886 22.2602 -41.5983 
0.597598 151.887 24.4634 -40.767 
0.598599 151.885 26.666 -39.9199 
0.5996 151.88 28.8677 -39.0572 
0.600601 151.872 31.0682 -38.1792 
0.601602 151.861 33.267 -37.2864 
0.602603 151.846 35.4639 -36.3789 
0.603604 151.829 37.6584 -35.457 
0.604605 151.807 39.8503 -34.5212 
0.605606 151.782 42.0391 -33.5716 
0.606607 151.754 44.2245 -32.6085 
0.607608 151.722 46.4061 -31.6323 
0.608609 151.686 48.5837 -30.6433 
0.60961 151.646 50.7568 -29.6417 
0.610611 151.602 52.925 -28.6279 
0.611612 151.554 55.0881 -27.6021 
0.612613 151.502 57.2457 -26.5647 
0.613614 151.445 59.3973 -25.516 
0.614615 151.384 61.5427 -24.4562 
0.615616 151.319 63.6815 -23.3857 
0.616617 151.249 65.8134 -22.3047 
0.617618 151.174 67.9379 -21.2136 
0.618619 151.095 70.0547 -20.1127 
0.61962 151.011 72.1635 -19.0022 
0.620621 150.922 74.264 -17.8824 
0.621622 150.828 76.3557 -16.7537 
0.622623 150.729 78.4383 -15.6164 
0.623624 150.625 80.5114 -14.4707 
0.624625 150.515 82.5747 -13.317 
0.625626 150.4 84.6279 -12.1555 
0.626627 150.279 86.6705 -10.9866 
0.627628 150.153 88.7022 -9.81051 
0.628629 150.022 90.7228 -8.62759 
0.62963 149.884 92.7317 -7.43812 
0.630631 149.741 94.7286 -6.2424 
0.631632 149.592 96.7133 -5.04073 
0.632633 149.436 98.6853 -3.83342 
0.633634 149.275 100.644 -2.62075 
0.634635 149.108 102.59 -1.40303 
0.635636 148.934 104.522 -0.180563 
0.636637 148.753 106.44 1.04636 
0.637638 148.567 108.343 2.27743 
0.638639 148.373 110.231 3.51236 
0.63964 148.173 112.105 4.75083 
0.640641 147.967 113.963 5.99256 
0.641642 147.753 115.805 7.23725 
0.642643 147.532 117.63 8.48459 
0.643644 147.305 119.44 9.73428 
0.644645 147.07 121.232 10.986 
0.645646 146.828 123.007 12.2395 
0.646647 146.579 124.764 13.4945 
0.647648 146.322 126.503 14.7506 
0.648649 146.058 128.224 16.0076 
0.64965 145.787 129.927 17.2651 
0.650651 145.507 131.61 18.5229 
0.651652 145.22 133.273 19.7806 
0.652653 144.925 134.917 21.038 
0.653654 144.622 136.541 22.2948 
0.654655 144.311 138.144 23.5506 
0.655656 143.992 139.727 24.8052 
0.656657 143.664 141.288 26.0582 
0.657658 143.329 142.827 27.3094 
0.658659 142.984 144.345 28.5585 
0.65966 142.632 145.841 29.8051 
0.660661 142.27 147.313 31.049 
0.661662 141.901 148.763 32.2898 
0.662663 141.522 150.189 33.5273 
0.663664 141.134 151.592 34.7612 
0.664665 140.738 152.971 35.9911 
0.665666 140.332 154.325 37.2168 
0.666667 139.917 155.654 38.438 
0.667668 139.493 156.959 39.6543 
0.668669 139.06 158.237 40.8655 
0.66967 138.617 159.49 42.0712 
0.670671 138.165 160.717 43.2713 
0.671672 137.703 161.917 44.4652 
0.672673 137.231 163.091 45.6529 
0.673674 136.75 164.237 46.8339 
0.674675 136.259 165.355 48.008 
0.675676 135.757 166.445 49.1748 
0.676677 135.246 167.507 50.3342 
0.677678 134.725 168.541 51.4856 
0.678679 134.193 169.545 52.629 
0.67968 133.651 170.52 53.7639 
0.680681 133.098 171.465 54.8901 
0.681682 132.535 172.38 56.0073 
0.682683 131.961 173.264 57.1151 
0.683684 131.377 174.118 58.2133 
0.684685 130.782 174.94 59.3016 
0.685686 130.176 175.731 60.3797 
0.686687 129.559 176.49 61.4472 
0.687688 128.93 177.217 62.5039 
0.688689 128.291 177.911 63.5494 
0.68969 127.64 178.572 64.5836 
0.690691 126.979 179.2 65.606 
0.691692 126.305 179.794 66.6164 
0.692693 125.62 180.354 67.6144 
0.693694 124.924 180.88 68.5999 
0.694695 124.215 181.371 69.5724 
0.695696 123.495 181.827 70.5317 
0.696697 122.763 182.247 71.4774 
0.697698 122.019 182.631 72.4094 
0.698699 121.263 182.98 73.3272 
0.6997 120.495 183.292 74.2306 
0.700701 119.714 183.566 75.1193 
0.701702 118.921 183.804 75.9929 
0.702703 118.116 184.004 76.8512 
0.703704 117.298 184.166 77.6939 
0.704705 116.467 184.29 78.5207 
0.705706 115.624 184.375 79.3313 
0.706707 114.768 184.421 80.1253 
0.707708 113.898 184.428 80.9026 
0.708709 113.016 184.394 81.6627 
0.70971 112.121 184.321 82.4054 
0.710711 111.213 184.208 83.1303 
0.711712 110.291 184.053 83.8373 
0.712713 109.356 183.857 84.5259 
0.713714 108.407 183.62 85.196 
0.714715 107.445 183.341 85.8471 
0.715716 106.47 183.02 86.4789 
0.716717 105.48 182.656 87.0913 
0.717718 104.477 182.249 87.6839 
0.718719 103.459 181.799 88.2563 
0.71972 102.428 181.305 88.8083 
0.720721 101.383 180.767 89.3397 
0.721722 100.323 180.185 89.85 
0.722723 99.2491 179.558 90.339 
0.723724 98.161 178.887 90.8072 
0.724725 97.0588 178.175 91.2551 
0.725726 95.9427 177.423 91.6837 
0.726727 94.8128 176.632 92.0935 
0.727728 93.6692 175.805 92.4854 
0.728729 92.5123 174.942 92.86 
0.72973 91.3419 174.047 93.2181 
0.730731 90.1584 173.121 93.5604 
0.731732 88.9619 172.165 93.8876 
0.732733 87.7525 171.181 94.2005 
0.733734 86.5304 170.171 94.4998 
0.734735 85.2958 169.137 94.7862 
0.735736 84.0487 168.08 95.0605 
0.736737 82.7893 167.003 95.3233 
0.737738 81.5178 165.906 95.5755 
0.738739 80.2343 164.793 95.8177 
0.73974 78.939 163.664 96.0507 
0.740741 77.632 162.521 96.2751 
0.741742 76.3135 161.366 96.4918 
0.742743 74.9837 160.201 96.7014 
0.743744 73.6426 159.028 96.9047 
0.744745 72.2904 157.848 97.1025 
0.745746 70.9273 156.663 97.2953 
0.746747 69.5534 155.475 97.4841 
0.747748 68.1689 154.286 97.6694 
0.748749 66.774 153.097 97.8521 
0.74975 65.3687 151.91 98.0328 
0.750751 63.9532 150.727 98.2123 
0.751752 62.5277 149.55 98.3913 
0.752753 61.0924 148.38 98.5705 
0.753754 59.6473 147.219 98.7508 
0.754755 58.1926 146.069 98.9327 
0.755756 56.7285 144.932 99.117 
0.756757 55.2552 143.809 99.3045 
0.757758 53.7727 142.703 99.4959 
0.758759 52.2812 141.614 99.692 
0.75976 50.7809 140.546 99.8933 
0.760761 49.2719 139.498 100.101 
0.761762 47.7545 138.473 100.314 
0.762763 46.2288 137.47 100.534 
0.763764 44.6952 136.488 100.76 
0.764765 43.1539 135.528 100.992 
0.765766 41.6051 134.588 101.229 
0.766767 40.0491 133.669 101.472 
0.767768 38.4862 132.77 101.719 
0.768769 36.9166 131.891 101.972 
0.76977 35.3406 131.032 102.23 
0.770771 33.7584 130.191 102.492 
0.771772 32.1702 129.37 102.758 
0.772773 30.5765 128.567 103.029 
0.773774 28.9773 127.782 103.304 
0.774775 27.3729 127.015 103.583 
0.775776 25.7637 126.266 103.865 
0.776777 24.1498 125.534 104.15 
0.777778 22.5315 124.818 104.439 
0.778779 20.9091 124.119 104.731 
0.77978 19.2829 123.436 105.026 
0.780781 17.653 122.769 105.323 
0.781782 16.0197 122.118 105.623 
0.782783 14.3834 121.481 105.925 
0.783784 12.7442 120.859 106.229 
0.784785 11.1024 120.252 106.535 
0.785786 9.45822 119.659 106.842 
0.786787 7.812 119.079 107.151 
0.787788 6.16395 118.513 107.462 
0.788789 4.51433 117.961 107.773 
0.78979 2.86339 117.42 108.085 
0.790791 1.21139 116.893 108.398 
0.791792 -0.441418 116.377 108.712 
0.792793 -2.09477 115.873 109.025 
0.793794 -3.74842 115.38 109.339 
0.794795 -5.40211 114.899 109.653 
0.795796 -7.05558 114.428 109.966 
0.796797 -8.70857 113.967 110.279 
0.797798 -10.3608 113.517 110.591 
0.798799 -12.0121 113.076 110.902 
0.7998 -13.6622 112.645 111.213 
0.800801 -15.3107 112.222 111.522 
0.801802 -16.9575 111.809 111.829 
0.802803 -18.6023 111.403 112.135 
0.803804 -20.2448 111.006 112.439 
0.804805 -21.8848 110.616 112.741 
0.805806 -23.5221 110.234 113.04 
0.806807 -25.1563 109.858 113.337 
0.807808 -26.7872 109.489 113.632 
0.808809 -28.4146 109.127 113.924 
0.80981 -30.0381 108.77 114.212 
0.810811 -31.6577 108.419 114.498 
0.811812 -33.2729 108.074 114.78 
0.812813 -34.8836 107.733 115.058 
0.813814 -36.4894 107.397 115.332 
0.814815 -38.0902 107.065 115.603 
0.815816 -39.6856 106.737 115.869 
0.816817 -41.2754 106.413 116.131 
0.817818 -42.8594 106.092 116.388 
0.818819 -44.4373 105.774 116.641 
0.81982 -46.0089 105.458 116.888 
0.820821 -47.5738 105.145 117.13 
0.821822 -49.1319 104.833 117.367 
0.822823 -50.6829 104.523 117.599 
0.823824 -52.2265 104.215 117.824 
0.824825 -53.7624 103.907 118.044 
0.825826 -55.2905 103.6 118.257 
0.826827 -56.8104 103.293 118.464 
0.827828 -58.3219 102.985 118.664 
0.828829 -59.8248 102.678 118.858 
0.82983 -61.3188 102.369 119.045 
0.830831 -62.8036 102.059 119.224 
0.831832 -64.2789 101.748 119.396 
0.832833 -65.7446 101.435 119.561 
0.833834 -67.2004 101.12 119.718 
0.834835 -68.646 100.802 119.867 
0.835836 -70.0811 100.482 120.008 
0.836837 -71.5055 100.158 120.14 
0.837838 -72.919 99.831 120.264 
0.838839 -74.3213 99.5004 120.38 
0.83984 -75.7122 99.1663 120.487 
0.840841 -77.0914 98.8284 120.585 
0.841842 -78.4586 98.4866 120.674 
0.842843 -79.8137 98.1408 120.755 
0.843844 -81.1564 97.7907 120.826 
0.844845 -82.4864 97.4364 120.888 
0.845846 -83.8035 97.0776 120.941 
0.846847 -85.1074 96.7141 120.984 
0.847848 -86.3979 96.3459 121.018 
0.848849 -87.6748 95.9728 121.042 
0.84985 -88.9378 95.5947 121.056 
0.850851 -90.1866 95.2113 121.061 
0.851852 -91.4211 94.8227 121.055 
0.852853 -92.6409 94.4285 121.04 
0.853854 -93.8459 94.0287 121.014 
0.854855 -95.0357 93.6232 120.978 
0.855856 -96.2101 93.2118 120.932 
0.856857 -97.369 92.7943 120.875 
0.857858 -98.512 92.3706 120.807 
0.858859 -99.6388 91.9406 120.729 
0.85986 -100.749 91.5041 120.64 
0.860861 -101.843 91.061 120.54 
0.861862 -102.92 90.6111 120.429 
0.862863 -103.98 90.1543 120.306 
0.863864 -105.023 89.6905 120.173 
0.864865 -106.048 89.2195 120.028 
0.865866 -107.055 88.7411 119.871 
0.866867 -108.045 88.2552 119.703 
0.867868 -109.015 87.7617 119.524 
0.868869 -109.968 87.2605 119.332 
0.86987 -110.901 86.7513 119.128 
0.870871 -111.816 86.2341 118.913 
0.871872 -112.711 85.7087 118.685 
0.872873 -113.586 85.1749 118.445 
0.873874 -114.442 84.6327 118.193 
0.874875 -115.278 84.0818 117.928 
0.875876 -116.093 83.5222 117.65 
0.876877 -116.888 82.9536 117.36 
0.877878 -117.662 82.376 117.057 
0.878879 -118.416 81.7892 116.741 
0.87988 -119.147 81.193 116.413 
0.880881 -119.858 80.5874 116.07 
0.881882 -120.546 79.9721 115.715 
0.882883 -121.213 79.347 115.346 
0.883884 -121.857 78.7121 114.964 
0.884885 -122.479 78.067 114.569 
0.885886 -123.078 77.4118 114.159 
0.886887 -123.654 76.7462 113.736 
0.887888 -124.207 76.0701 113.299 
0.888889 -124.737 75.3834 112.848 
0.88989 -125.242 74.6859 112.383 
0.890891 -125.724 73.9775 111.903 
0.891892 -126.182 73.258 111.409 
0.892893 -126.615 72.5273 110.901 
0.893894 -127.023 71.7853 110.378 
0.894895 -127.406 71.0317 109.841 
0.895896 -127.764 70.2665 109.288 
0.896897 -128.097 69.4896 108.721 
0.897898 -128.404 68.7007 108.139 
0.898899 -128.685 67.8998 107.541 
0.8999 -128.94 67.0866 106.929 
0.900901 -129.169 66.2611 106.301 
0.901902 -129.37 65.4231 105.658 
0.902903 -129.545 64.5724 104.999 
0.903904 -129.693 63.709 104.324 
0.904905 -129.813 62.8326 103.634 
0.905906 -129.906 61.9432 102.928 
0.906907 -129.971 61.0406 102.206 
0.907908 -130.007 60.1246 101.467 
0.908909 -130.015 59.195 100.713 
0.90991 -129.995 58.2519 99.9422 
0.910911 -129.945 57.295 99.155 
0.911912 -129.867 56.3241 98.3512 
0.912913 -129.759 55.3391 97.5308 
0.913914 -129.622 54.34 96.6937 
0.914915 -129.454 53.3265 95.8397 
0.915916 -129.257 52.2984 94.9687 
0.916917 -129.029 51.2558 94.0806 
0.917918 -128.771 50.1983 93.1753 
0.918919 -128.481 49.1259 92.2528 
0.91992 -128.161 48.0384 91.3128 
0.920921 -127.809 46.9358 90.3553 
0.921922 -127.426 45.8177 89.3802 
0.922923 -127.011 44.6841 88.3873 
0.923924 -126.563 43.5349 87.3766 
0.924925 -126.084 42.3699 86.3479 
0.925926 -125.572 41.189 85.3011 
0.926927 -125.027 39.9919 84.2362 
0.927928 -124.449 38.7787 83.153 
0.928929 -123.837 37.5491 82.0514 
0.92993 -123.192 36.303 80.9313 
0.930931 -122.514 35.0402 79.7925 
0.931932 -121.801 33.7606 78.635 
0.932933 -121.054 32.4641 77.4587 
0.933934 -120.272 31.1505 76.2635 
0.934935 -119.456 29.8197 75.0492 
0.935936 -118.605 28.4715 73.8157 
0.936937 -117.718 27.1058 72.563 
0.937938 -116.796 25.7224 71.2909 
0.938939 -115.838 24.3212 69.9992 
0.93994 -114.844 22.9021 68.688 
0.940941 -113.813 21.4649 67.3571 
0.941942 -112.747 20.0095 66.0063 
0.942943 -111.643 18.5357 64.6356 
0.943944 -110.503 17.0434 63.2449 
0.944945 -109.325 15.5324 61.834 
0.945946 -108.11 14.0026 60.4029 
0.946947 -106.857 12.4539 58.9514 
0.947948 -105.566 10.8861 57.4794 
0.948949 -104.236 9.29906 55.9868 
0.94995 -102.869 7.69264 54.4736 
0.950951 -101.462 6.0667 52.9395 
0.951952 -100.017 4.4211 51.3845 
0.952953 -98.5325 2.75569 49.8085 
0.953954 -97.0084 1.07033 48.2113 
0.954955 -95.4447 -0.635121 46.5929 
0.955956 -93.841 -2.36081 44.9532 
0.956957 -92.1972 -4.10687 43.2919 
0.957958 -90.5129 -5.87346 41.6091 
0.958959 -88.7879 -7.66072 39.9047 
0.95996 -87.022 -9.46878 38.1784 
0.960961 -85.2149 -11.2978 36.4302 
0.961962 -83.3663 -13.1479 34.66 
0.962963 -81.4762 -15.0193 32.8677 
0.963964 -79.5441 -16.912 31.0532 
0.964965 -77.5698 -18.8263 29.2163 
0.965966 -75.5531 -20.7622 27.357 
0.966967 -73.4938 -22.7199 25.4751 
0.967968 -71.3916 -24.6996 23.5705 
0.968969 -69.2462 -26.7014 21.6432 
0.96997 -67.0575 -28.7255 19.693 
0.970971 -64.8251 -30.7719 17.7198 
0.971972 -62.5488 -32.8408 15.7234 
0.972973 -60.2284 -34.9325 13.7039 
0.973974 -57.8637 -37.0469 11.661 
0.974975 -55.4543 -39.1843 9.59469 
0.975976 -53.0001 -41.3448 7.50484 
0.976977 -50.5007 -43.5285 5.39133 
0.977978 -47.956 -45.7357 3.25406 
0.978979 -45.3657 -47.9663 1.09291 
0.97998 -42.7295 -50.2207 -1.09222 
0.980981 -40.0473 -52.4988 -3.30144 
0.981982 -37.3187 -54.801 -5.53487 
0.982983 -34.5435 -57.1272 -7.79261 
0.983984 -31.7215 -59.4777 -10.0748 
0.984985 -28.8524 -61.8525 -12.3815 
0.985986 -25.936 -64.2519 -14.7128 
0.986987 -22.9721 -66.676 -17.0689 
0.987988 -19.9603 -69.1249 -19.4498 
0.988989 -16.9004 -71.5988 -21.8557 
0.98999 -13.7923 -74.0978 -24.2867 
0.990991 -10.6356 -76.622 -26.7429 
0.991992 -7.43011 -79.1716 -29.2244 
0.992993 -4.17557 -81.7468 -31.7312 
0.993994 -0.871748 -84.3476 -34.2636 
0.994995 2.48161 -86.9743 -36.8217 
0.995996 5.88474 -89.6269 -39.4054 
0.996997 9.33791 -92.3057 -42.015 
0.997998 12.8413 -95.0107 -44.6506 
0.998999 16.3953 -97.7421 -47.3122 
1 20 -100.5 -50 
