PARAMETRIC_CURVE_CARTESIAN_3D
Two wordlines
t1: 0
t2: 100
NumPoints: 100
0 0 0 0 
1.0101 0.808081 0 0 
2.0202 1.61616 0 0 
3.0303 2.42424 0 0 
4.0404 3.23232 0 0 
5.05051 4.0404 0 0 
6.06061 4.84848 0 0 
7.07071 5.65657 0 0 
8.08081 6.46465 0 0 
9.09091 7.27273 0 0 
10.101 8.08081 0 0 
11.1111 8.88889 0 0 
12.1212 9.69697 0 0 
13.1313 10.5051 0 0 
14.1414 11.3131 0 0 
15.1515 12.1212 0 0 
16.1616 12.9293 0 0 
17.1717 13.7374 0 0 
18.1818 14.5455 0 0 
19.1919 15.3535 0 0 
20.202 16.1616 0 0 
21.2121 16.9697 0 0 
22.2222 17.7778 0 0 
23.2323 18.5859 0 0 
24.2424 19.3939 0 0 
25.2525 20.202 0 0 
26.2626 21.0101 0 0 
27.2727 21.8182 0 0 
28.2828 22.6263 0 0 
29.2929 23.4343 0 0 
30.303 24.2424 0 0 
31.3131 25.0505 0 0 
32.3232 25.8586 0 0 
33.3333 26.6667 0 0 
34.3434 27.4747 0 0 
35.3535 28.2828 0 0 
36.3636 29.0909 0 0 
37.3737 29.899 0 0 
38.3838 30.7071 0 0 
39.3939 31.5152 0 0 
40.404 32.3232 0 0 
41.4141 33.1313 0 0 
42.4242 33.9394 0 0 
43.4343 34.7475 0 0 
44.4444 35.5556 0 0 
45.4545 36.3636 0 0 
46.4646 37.1717 0 0 
47.4747 37.9798 0 0 
48.4848 38.7879 0 0 
49.4949 39.596 0 0 
50.5051 40.404 0 0 
51.5152 41.2121 0 0 
52.5253 42.0202 0 0 
53.5354 42.8283 0 0 
54.5455 43.6364 0 0 
55.5556 44.4444 0 0 
56.5657 45.2525 0 0 
57.5758 46.0606 0 0 
58.5859 46.8687 0 0 
59.596 47.6768 0 0 
60.6061 48.4848 0 0 
61.6162 49.2929 0 0 
62.6263 50.101 0 0 
63.6364 50.9091 0 0 
64.6465 51.7172 0 0 
65.6566 52.5253 0 0 
66.6667 53.3333 0 0 
67.6768 54.1414 0 0 
68.6869 54.9495 0 0 
69.697 55.7576 0 0 
70.7071 56.5657 0 0 
71.7172 57.3737 0 0 
72.7273 58.1818 0 0 
73.7374 58.9899 0 0 
74.7475 59.798 0 0 
75.7576 60.6061 0 0 
76.7677 61.4141 0 0 
77.7778 62.2222 0 0 
78.7879 63.0303 0 0 
79.798 63.8384 0 0 
80.8081 64.6465 0 0 
81.8182 65.4545 0 0 
82.8283 66.2626 0 0 
83.8384 67.0707 0 0 
84.8485 67.8788 0 0 
85.8586 68.6869 0 0 
86.8687 69.4949 0 0 
87.8788 70.303 0 0 
88.8889 71.1111 0 0 
89.899 71.9192 0 0 
90.9091 72.7273 0 0 
91.9192 73.5354 0 0 
92.9293 74.3434 0 0 
93.9394 75.1515 0 0 
94.9495 75.9596 0 0 
95.9596 76.7677 0 0 
96.9697 77.5758 0 0 
97.9798 78.3838 0 0 
98.9899 79.1919 0 0 
