PARAMETRIC_CURVE_CARTESIAN_3D
toroidal spiral
t1: 0
t2: 15.708
NumPoints: 1000
0 20 0 5 
0.0157237 20.3902 0.320635 4.98456 
0.0314474 20.7727 0.653461 4.93832 
0.0471711 21.1448 0.998164 4.86157 
0.0628947 21.504 1.35427 4.7548 
0.0786184 21.8475 1.72117 4.61865 
0.0943421 22.173 2.09808 4.45396 
0.110066 22.478 2.4841 4.26176 
0.125789 22.7602 2.87819 4.04324 
0.141513 23.0175 3.2792 3.79973 
0.157237 23.2479 3.68586 3.53275 
0.172961 23.4497 4.0968 3.24395 
0.188684 23.6211 4.51058 2.93511 
0.204408 23.7607 4.92567 2.60813 
0.220132 23.8673 5.3405 2.26505 
0.235855 23.94 5.75346 1.90797 
0.251579 23.9779 6.1629 1.5391 
0.267303 23.9804 6.56719 1.16073 
0.283026 23.9473 6.96469 0.775183 
0.29875 23.8785 7.35378 0.384849 
0.314474 23.774 7.7329 -0.00786184 
0.330197 23.6343 8.10054 -0.400524 
0.345921 23.4599 8.45525 -0.790713 
0.361645 23.2517 8.7957 -1.17602 
0.377368 23.0107 9.12064 -1.55405 
0.393092 22.7382 9.42893 -1.92249 
0.408816 22.4355 9.71959 -2.27905 
0.42454 22.1043 9.99175 -2.62154 
0.440263 21.7463 10.2447 -2.94782 
0.455987 21.3634 10.4779 -3.2559 
0.471711 20.9578 10.691 -3.54386 
0.487434 20.5316 10.8837 -3.80993 
0.503158 20.087 11.0561 -4.05247 
0.518882 19.6265 11.2083 -4.26996 
0.534605 19.1524 11.3405 -4.46108 
0.550329 18.6671 11.4534 -4.62465 
0.566053 18.1732 11.5475 -4.75964 
0.581776 17.6731 11.6238 -4.86522 
0.5975 17.1693 11.6833 -4.94076 
0.613224 16.6643 11.7271 -4.98577 
0.628947 16.1602 11.7566 -4.99998 
0.644671 15.6595 11.7733 -4.9833 
0.660395 15.1644 11.7788 -4.93583 
0.676119 14.6769 11.7747 -4.85788 
0.691842 14.199 11.763 -4.74991 
0.707566 13.7324 11.7454 -4.6126 
0.72329 13.279 11.7241 -4.44679 
0.739013 12.8401 11.7009 -4.25352 
0.754737 12.4171 11.678 -4.03397 
0.770461 12.0111 11.6575 -3.78949 
0.786184 11.6232 11.6415 -3.52161 
0.801908 11.254 11.6319 -3.23197 
0.817632 10.9042 11.6308 -2.92236 
0.833355 10.5741 11.6402 -2.59471 
0.849079 10.2638 11.662 -2.25102 
0.864803 9.97344 11.6979 -1.89342 
0.880526 9.7027 11.7496 -1.52413 
0.89625 9.45119 11.8187 -1.14543 
0.911974 9.21833 11.9066 -0.759646 
0.927698 9.00336 12.0145 -0.36917 
0.943421 8.80536 12.1436 0.0235854 
0.959145 8.62327 12.2947 0.416196 
0.974869 8.45588 12.4686 0.806235 
0.990592 8.30185 12.6657 1.19129 
1.00632 8.15976 12.8864 1.56899 
1.02204 8.02807 13.1307 1.937 
1.03776 7.90516 13.3986 2.29304 
1.05349 7.78936 13.6897 2.63491 
1.06921 7.67897 14.0034 2.96051 
1.08493 7.57223 14.3391 3.26782 
1.10066 7.4674 14.6956 3.55494 
1.11638 7.36273 15.0718 3.8201 
1.13211 7.25652 15.4663 4.06166 
1.14783 7.14708 15.8776 4.27812 
1.16355 7.03279 16.3038 4.46816 
1.17928 6.91213 16.7432 4.6306 
1.195 6.78364 17.1935 4.76443 
1.21072 6.64595 17.6526 4.86883 
1.22645 6.49785 18.1182 4.94315 
1.24217 6.33822 18.5877 4.98693 
1.25789 6.16609 19.0588 4.9999 
1.27362 5.98062 19.5288 4.98199 
1.28934 5.78114 19.995 4.9333 
1.30507 5.56714 20.4549 4.85413 
1.32079 5.33824 20.9057 4.74498 
1.33651 5.09426 21.3448 4.60651 
1.35224 4.83517 21.7695 4.43958 
1.36796 4.56109 22.1774 4.24523 
1.38368 4.27234 22.566 4.02466 
1.39941 3.96935 22.9328 3.77922 
1.41513 3.65273 23.2756 3.51043 
1.43086 3.32324 23.5923 3.21996 
1.44658 2.98176 23.8808 2.90959 
1.4623 2.62929 24.1394 2.58125 
1.47803 2.26698 24.3665 2.23697 
1.49375 1.89604 24.5605 1.87886 
1.50947 1.51781 24.7203 1.50915 
1.5252 1.13367 24.8448 1.13012 
1.54092 0.745101 24.9332 0.744101 
1.55665 0.353594 24.985 0.353488 
1.57237 -0.039309 24.9998 -0.0393088 
1.58809 -0.432057 24.9776 -0.431863 
1.60382 -0.823099 24.9184 -0.821749 
1.61954 -1.2109 24.8227 -1.20656 
1.63526 -1.59397 24.6911 -1.58391 
1.65099 -1.97086 24.5244 -1.95148 
1.66671 -2.34017 24.3236 -2.307 
1.68243 -2.70061 24.0902 -2.64826 
1.69816 -3.05097 23.8254 -2.97317 
1.71388 -3.39013 23.5311 -3.2797 
1.72961 -3.71711 23.209 -3.56598 
1.74533 -4.03106 22.8613 -3.83022 
1.76105 -4.33124 22.4899 -4.07081 
1.77678 -4.61709 22.0973 -4.28624 
1.7925 -4.88819 21.6858 -4.4752 
1.80822 -5.14427 21.258 -4.63651 
1.82395 -5.38522 20.8164 -4.76918 
1.83967 -5.61112 20.3635 -4.87238 
1.8554 -5.82219 19.9022 -4.94549 
1.87112 -6.01882 19.435 -4.98804 
1.88684 -6.20156 18.9646 -4.99978 
1.90257 -6.37112 18.4936 -4.98063 
1.91829 -6.52836 18.0247 -4.93071 
1.93401 -6.67429 17.5602 -4.85034 
1.94974 -6.81003 17.1027 -4.73999 
1.96546 -6.93685 16.6544 -4.60037 
1.98118 -7.05611 16.2175 -4.43233 
1.99691 -7.1693 15.7941 -4.2369 
2.01263 -7.27796 15.386 -4.01531 
2.02836 -7.38374 14.995 -3.7689 
2.04408 -7.4883 14.6226 -3.49922 
2.0598 -7.59337 14.2702 -3.20791 
2.07553 -7.7007 13.9389 -2.89679 
2.09125 -7.81203 13.6296 -2.56777 
2.10697 -7.92912 13.3432 -2.22289 
2.1227 -8.05365 13.08 -1.86428 
2.13842 -8.1873 12.8403 -1.49415 
2.15415 -8.33166 12.6244 -1.11479 
2.16987 -8.48824 12.432 -0.728548 
2.18559 -8.65847 12.2627 -0.337802 
2.20132 -8.84365 12.1161 0.0550318 
2.21704 -9.04496 11.9913 0.447525 
2.23276 -9.26344 11.8875 0.837254 
2.24849 -9.49998 11.8034 1.22181 
2.26421 -9.75529 11.7379 1.59882 
2.27993 -10.0299 11.6895 1.96595 
2.29566 -10.3243 11.6565 2.32094 
2.31138 -10.6385 11.6374 2.66159 
2.32711 -10.9726 11.6303 2.98579 
2.34283 -11.3263 11.6332 3.29155 
2.35855 -11.6993 11.6442 3.57698 
2.37428 -12.0909 11.6614 3.84031 
2.39 -12.5003 11.6825 4.07992 
2.40572 -12.9266 11.7056 4.29432 
2.42145 -13.3685 11.7285 4.48219 
2.43717 -13.8247 11.7493 4.64237 
2.4529 -14.2937 11.7658 4.77387 
2.46862 -14.7737 11.7762 4.87589 
2.48434 -15.2629 11.7785 4.94778 
2.50007 -15.7593 11.7709 4.9891 
2.51579 -16.2608 11.7518 4.9996 
2.53151 -16.7653 11.7195 4.97922 
2.54724 -17.2703 11.6727 4.92808 
2.56296 -17.7735 11.6099 4.84649 
2.57868 -18.2726 11.5301 4.73497 
2.59441 -18.7649 11.4323 4.59419 
2.61013 -19.2482 11.3156 4.42503 
2.62586 -19.7198 11.1794 4.22853 
2.64158 -20.1773 11.0233 4.00592 
2.6573 -20.6184 10.8468 3.75855 
2.67303 -21.0407 10.65 3.48797 
2.68875 -21.4419 10.4329 3.19583 
2.70447 -21.8199 10.1957 2.88396 
2.7202 -22.1727 9.93884 2.55427 
2.73592 -22.4984 9.66291 2.2088 
2.75165 -22.7951 9.36865 1.84968 
2.76737 -23.0615 9.05694 1.47914 
2.78309 -23.296 8.72881 1.09946 
2.79882 -23.4975 8.38541 0.712989 
2.81454 -23.665 8.028 0.322112 
2.83026 -23.7977 7.65795 -0.0707542 
2.84599 -23.8951 7.27671 -0.463184 
2.86171 -23.9568 6.88581 -0.852752 
2.87743 -23.9828 6.48683 -1.23705 
2.89316 -23.9731 6.08137 -1.61371 
2.90888 -23.9282 5.67109 -1.9804 
2.92461 -23.8487 5.25763 -2.33485 
2.94033 -23.7354 4.84262 -2.67488 
2.95605 -23.5893 4.42767 -2.99839 
2.97178 -23.4117 4.01434 -3.30337 
2.9875 -23.2041 3.60414 -3.58795 
3.00322 -22.9681 3.19851 -3.85036 
3.01895 -22.7057 2.79878 -4.08898 
3.03467 -22.4187 2.40621 -4.30235 
3.0504 -22.1095 2.02194 -4.48913 
3.06612 -21.7802 1.64696 -4.64819 
3.08184 -21.4333 1.28217 -4.77853 
3.09757 -21.0714 0.928294 -4.87934 
3.11329 -20.6969 0.585934 -4.95002 
3.12901 -20.3127 0.255525 -4.99011 
3.14474 -19.9213 -0.0626474 -4.99938 
3.16046 -19.5255 -0.368459 -4.97777 
3.17618 -19.1281 -0.661944 -4.9254 
3.19191 -18.7316 -0.943291 -4.8426 
3.20763 -18.3388 -1.21285 -4.72989 
3.22336 -17.9522 -1.47111 -4.58796 
3.23908 -17.5744 -1.71872 -4.41769 
3.2548 -17.2076 -1.95645 -4.22012 
3.27053 -16.8543 -2.18521 -3.99649 
3.28625 -16.5164 -2.40603 -3.74816 
3.30197 -16.196 -2.62005 -3.47668 
3.3177 -15.8949 -2.82848 -3.18373 
3.33342 -15.6147 -3.03265 -2.8711 
3.34915 -15.3568 -3.23392 -2.54074 
3.36487 -15.1225 -3.43374 -2.19468 
3.38059 -14.9126 -3.63357 -1.83507 
3.39632 -14.7281 -3.8349 -1.46411 
3.41204 -14.5694 -4.03922 -1.08412 
3.42776 -14.4369 -4.24801 -0.697423 
3.44349 -14.3306 -4.46274 -0.30642 
3.45921 -14.2504 -4.68481 0.086476 
3.47493 -14.196 -4.91557 0.478837 
3.49066 -14.1668 -5.15628 0.868241 
3.50638 -14.1619 -5.40814 1.25228 
3.52211 -14.1803 -5.67222 1.62858 
3.53783 -14.2208 -5.94948 1.99483 
3.55355 -14.282 -6.24074 2.34875 
3.56928 -14.3624 -6.54669 2.68816 
3.585 -14.4602 -6.86786 3.01096 
3.60072 -14.5734 -7.20463 3.31516 
3.61645 -14.7002 -7.55721 3.59888 
3.63217 -14.8383 -7.92562 3.86037 
3.6479 -14.9856 -8.30973 4.09801 
3.66362 -15.1397 -8.70922 4.31034 
3.67934 -15.2984 -9.12359 4.49604 
3.69507 -15.4592 -9.55216 4.65396 
3.71079 -15.6197 -9.99408 4.78313 
3.72651 -15.7776 -10.4483 4.88275 
3.74224 -15.9305 -10.9137 4.95221 
3.75796 -16.076 -11.3889 4.99108 
3.77368 -16.212 -11.8724 4.99911 
3.78941 -16.3361 -12.3626 4.97626 
3.80513 -16.4465 -12.8577 4.92267 
3.82086 -16.541 -13.3559 4.83866 
3.83658 -16.6178 -13.8552 4.72477 
3.8523 -16.6753 -14.3535 4.58169 
3.86803 -16.7119 -14.8488 4.4103 
3.88375 -16.7263 -15.3389 4.21167 
3.89947 -16.7173 -15.8217 3.98702 
3.9152 -16.6838 -16.2949 3.73774 
3.93092 -16.625 -16.7563 3.46537 
3.94665 -16.5404 -17.2038 3.17159 
3.96237 -16.4296 -17.6352 2.85821 
3.97809 -16.2922 -18.0486 2.52718 
3.99382 -16.1283 -18.4419 2.18054 
4.00954 -15.938 -18.8133 1.82043 
4.02526 -15.7218 -19.1609 1.44907 
4.04099 -15.4802 -19.4833 1.06876 
4.05671 -15.2139 -19.7788 0.681849 
4.07243 -14.9239 -20.0463 0.290724 
4.08816 -14.6112 -20.2845 -0.102197 
4.10388 -14.2771 -20.4925 -0.494487 
4.11961 -13.9228 -20.6694 -0.883721 
4.13533 -13.5499 -20.8149 -1.2675 
4.15105 -13.1601 -20.9284 -1.64344 
4.16678 -12.7548 -21.01 -2.00923 
4.1825 -12.336 -21.0596 -2.36262 
4.19822 -11.9054 -21.0775 -2.7014 
4.21395 -11.4649 -21.0643 -3.0235 
4.22967 -11.0163 -21.0208 -3.32691 
4.2454 -10.5616 -20.9478 -3.60978 
4.26112 -10.1027 -20.8465 -3.87035 
4.27684 -9.64129 -20.7183 -4.107 
4.29257 -9.17928 -20.5648 -4.31829 
4.30829 -8.71839 -20.3876 -4.50289 
4.32401 -8.2603 -20.1886 -4.65968 
4.33974 -7.80657 -19.9699 -4.78769 
4.35546 -7.35868 -19.7337 -4.88611 
4.37118 -6.91799 -19.4823 -4.95436 
4.38691 -6.48573 -19.218 -4.99199 
4.40263 -6.06299 -18.9433 -4.99879 
4.41836 -5.65071 -18.6609 -4.9747 
4.43408 -5.2497 -18.3733 -4.91989 
4.4498 -4.86058 -18.083 -4.83468 
4.46553 -4.48383 -17.7929 -4.7196 
4.48125 -4.11978 -17.5053 -4.57537 
4.49697 -3.76855 -17.223 -4.40287 
4.5127 -3.43015 -16.9484 -4.20317 
4.52842 -3.10439 -16.6839 -3.97751 
4.54415 -2.79094 -16.4319 -3.72728 
4.55987 -2.48933 -16.1946 -3.45401 
4.57559 -2.19892 -15.974 -3.15942 
4.59132 -1.91896 -15.7722 -2.8453 
4.60704 -1.64858 -15.5908 -2.5136 
4.62276 -1.38676 -15.4315 -2.16638 
4.63849 -1.13243 -15.2956 -1.80578 
4.65421 -0.884386 -15.1843 -1.43402 
4.66994 -0.641381 -15.0986 -1.0534 
4.68566 -0.402098 -15.0392 -0.666269 
4.70138 -0.165179 -15.0067 -0.275026 
4.71711 0.0707629 -15.0012 0.117917 
4.73283 0.307124 -15.023 0.510131 
4.74855 0.545296 -15.0717 0.899193 
4.76428 0.786652 -15.1469 1.2827 
4.78 1.03252 -15.2481 1.65828 
4.79572 1.2842 -15.3743 2.02362 
4.81145 1.54288 -15.5244 2.37646 
4.82717 1.80972 -15.6971 2.71462 
4.8429 2.08573 -15.891 3.036 
4.85862 2.37186 -16.1042 3.33864 
4.87434 2.66891 -16.3351 3.62064 
4.89007 2.97755 -16.5815 3.88028 
4.90579 3.29834 -16.8412 4.11595 
4.92151 3.63166 -17.1121 4.32619 
4.93724 3.97774 -17.3916 4.50971 
4.95296 4.33668 -17.6774 4.66536 
4.96869 4.70838 -17.9668 4.7922 
4.98441 5.09259 -18.2573 4.88943 
5.00013 5.48892 -18.5463 4.95645 
5.01586 5.89677 -18.8312 4.99286 
5.03158 6.31544 -19.1092 4.99842 
5.0473 6.74401 -19.3779 4.9731 
5.06303 7.18147 -19.6348 4.91706 
5.07875 7.62664 -19.8774 4.83065 
5.09447 8.0782 -20.1034 4.71439 
5.1102 8.53473 -20.3105 4.56901 
5.12592 8.99469 -20.4966 4.3954 
5.14165 9.45646 -20.6598 4.19464 
5.15737 9.91831 -20.7984 3.96796 
5.17309 10.3785 -20.9106 3.71678 
5.18882 10.8351 -20.995 3.44263 
5.20454 11.2863 -21.0505 3.14721 
5.22026 11.7303 -21.0759 2.83236 
5.23599 12.1651 -21.0705 2.5 
5.25171 12.5888 -21.0336 2.1522 
5.26744 12.9997 -20.9649 1.79111 
5.28316 13.3959 -20.8642 1.41895 
5.29888 13.7758 -20.7314 1.03802 
5.31461 14.1377 -20.567 0.650682 
5.33033 14.4801 -20.3713 0.259324 
5.34605 14.8015 -20.1451 -0.133635 
5.36178 15.1007 -19.8893 -0.52577 
5.3775 15.3766 -19.6048 -0.914656 
5.39322 15.6282 -19.293 -1.29789 
5.40895 15.8546 -18.9553 -1.67311 
5.42467 16.0553 -18.5932 -2.03799 
5.4404 16.2298 -18.2084 -2.39028 
5.45612 16.3778 -17.8028 -2.72781 
5.47184 16.4993 -17.3784 -3.04848 
5.48757 16.5943 -16.9371 -3.35032 
5.50329 16.6634 -16.481 -3.63147 
5.51901 16.7069 -16.0122 -3.89018 
5.53474 16.7256 -15.5331 -4.12486 
5.55046 16.7204 -15.0456 -4.33405 
5.56619 16.6925 -14.5521 -4.51647 
5.58191 16.6432 -14.0547 -4.67099 
5.59763 16.5739 -13.5556 -4.79666 
5.61336 16.4863 -13.0567 -4.89269 
5.62908 16.382 -12.5602 -4.9585 
5.6448 16.2632 -12.0678 -4.99367 
5.66053 16.1317 -11.5814 -4.998 
5.67625 15.9897 -11.1027 -4.97145 
5.69197 15.8395 -10.6332 -4.91418 
5.7077 15.6833 -10.1744 -4.82656 
5.72342 15.5236 -9.72738 -4.70913 
5.73915 15.3626 -9.29336 -4.5626 
5.75487 15.2028 -8.87322 -4.38788 
5.77059 15.0466 -8.46771 -4.18606 
5.78632 14.8963 -8.0774 -3.95838 
5.80204 14.7542 -7.70268 -3.70624 
5.81776 14.6226 -7.34376 -3.43121 
5.83349 14.5037 -7.00068 -3.13498 
5.84921 14.3995 -6.67331 -2.81938 
5.86494 14.312 -6.36132 -2.48637 
5.88066 14.2429 -6.06426 -2.138 
5.89638 14.1939 -5.78149 -1.77642 
5.91211 14.1665 -5.51225 -1.40386 
5.92783 14.1619 -5.25563 -1.02263 
5.94355 14.1813 -5.01059 -0.635089 
5.95928 14.2256 -4.776 -0.243621 
5.975 14.2954 -4.55061 0.149353 
5.99072 14.3912 -4.33311 0.541404 
6.00645 14.5132 -4.12212 0.93011 
6.02217 14.6615 -3.91618 1.31307 
6.0379 14.8357 -3.71384 1.68792 
6.05362 15.0355 -3.51359 2.05234 
6.06934 15.2602 -3.31394 2.40408 
6.08507 15.5088 -3.11343 2.74097 
6.10079 15.7803 -2.91058 3.06093 
6.11651 16.0732 -2.70402 3.36198 
6.13224 16.386 -2.49239 3.64226 
6.14796 16.7171 -2.27443 3.90004 
6.16369 17.0645 -2.04898 4.13372 
6.17941 17.4262 -1.81495 4.34187 
6.19513 17.7999 -1.57139 4.5232 
6.21086 18.1833 -1.31748 4.67658 
6.22658 18.5739 -1.0525 4.80107 
6.2423 18.9692 -0.775923 4.89591 
6.25803 19.3666 -0.487325 4.96049 
6.27375 19.7634 -0.186457 4.99444 
6.28947 20.1568 0.126777 4.99753 
6.3052 20.5442 0.452317 4.96974 
6.32092 20.9229 0.78994 4.91126 
6.33665 21.2902 1.13927 4.82243 
6.35237 21.6434 1.49978 4.70382 
6.36809 21.98 1.87078 4.55614 
6.38382 22.2976 2.25145 4.38032 
6.39954 22.5937 2.64083 4.17744 
6.41526 22.8662 3.03783 3.94875 
6.43099 23.113 3.44126 3.69567 
6.44671 23.3322 3.8498 3.41975 
6.46244 23.5219 4.26205 3.12271 
6.47816 23.6808 4.67654 2.80638 
6.49388 23.8074 5.09172 2.47272 
6.50961 23.9005 5.506 2.12377 
6.52533 23.9594 5.91775 1.76171 
6.54105 23.9832 6.32533 1.38876 
6.55678 23.9715 6.7271 1.00724 
6.5725 23.9241 7.12142 0.61949 
6.58822 23.8409 7.50671 0.227914 
6.60395 23.7223 7.88141 -0.165069 
6.61967 23.5686 8.24405 -0.557032 
6.6354 23.3806 8.59321 -0.945554 
6.65112 23.1592 8.9276 -1.32824 
6.66684 22.9054 9.24601 -1.70271 
6.68257 22.6206 9.54736 -2.06667 
6.69829 22.3063 9.83072 -2.41786 
6.71401 21.9642 10.0953 -2.75411 
6.72974 21.596 10.3404 -3.07335 
6.74546 21.2038 10.5656 -3.3736 
6.76119 20.7897 10.7705 -3.65301 
6.77691 20.3559 10.9551 -3.90986 
6.79263 19.9046 11.1194 -4.14255 
6.80836 19.4383 11.2635 -4.34965 
6.82408 18.9595 11.3879 -4.52988 
6.8398 18.4705 11.4932 -4.68212 
6.85553 17.9738 11.5801 -4.80544 
6.87125 17.4719 11.6496 -4.89907 
6.88697 16.9673 11.7026 -4.96244 
6.9027 16.4624 11.7406 -4.99515 
6.91842 15.9594 11.7648 -4.99701 
6.93415 15.4607 11.7767 -4.96799 
6.94987 14.9684 11.7782 -4.90829 
6.96559 14.4845 11.7708 -4.81826 
6.98132 14.0109 11.7565 -4.69846 
6.99704 13.5494 11.7372 -4.54964 
7.01276 13.1016 11.7149 -4.37272 
7.02849 12.6689 11.6916 -4.16878 
7.04421 12.2526 11.6694 -3.93909 
7.05994 11.8537 11.6505 -3.68506 
7.07566 11.4732 11.6367 -3.40827 
7.09138 11.1117 11.6303 -3.11042 
7.10711 10.7698 11.6332 -2.79336 
7.12283 10.4476 11.6473 -2.45904 
7.13855 10.1453 11.6745 -2.10953 
7.15428 9.86281 11.7166 -1.74699 
7.17 9.59982 11.7751 -1.37365 
7.18572 9.35584 11.8515 -0.991832 
7.20145 9.13024 11.9473 -0.603884 
7.21717 8.92218 12.0636 -0.212206 
7.2329 8.73068 12.2014 0.180783 
7.24862 8.55462 12.3615 0.572655 
7.26434 8.39274 12.5446 0.96099 
7.28007 8.24367 12.7511 1.34339 
7.29579 8.10593 12.9813 1.71749 
7.31151 7.97794 13.2351 2.08098 
7.32724 7.85808 13.5123 2.43161 
7.34296 7.74465 13.8125 2.76722 
7.35869 7.63593 14.1351 3.08574 
7.37441 7.53017 14.4792 3.38519 
7.39013 7.42561 14.8438 3.66373 
7.40586 7.32053 15.2275 3.91964 
7.42158 7.21322 15.6289 4.15133 
7.4373 7.10203 16.0464 4.35738 
7.45303 6.98538 16.4781 4.53651 
7.46875 6.86175 16.9221 4.68761 
7.48447 6.72974 17.3762 4.80976 
7.5002 6.58803 17.8382 4.90219 
7.51592 6.43544 18.3057 4.96434 
7.53165 6.27092 18.7761 4.99582 
7.54737 6.09354 19.2471 4.99644 
7.56309 5.90254 19.7159 4.96619 
7.57882 5.69731 20.1799 4.90526 
7.59454 5.47738 20.6364 4.81403 
7.61026 5.24246 21.0828 4.69306 
7.62599 4.99243 21.5165 4.5431 
7.64171 4.72732 21.9348 4.36507 
7.65744 4.44733 22.3353 4.16008 
7.67316 4.15282 22.7154 3.92938 
7.68888 3.8443 23.0729 3.67441 
7.70461 3.52244 23.4055 3.39675 
7.72033 3.18803 23.7112 3.09809 
7.73605 2.84203 23.9879 2.7803 
7.75178 2.48548 24.2341 2.44534 
7.7675 2.11957 24.4481 2.09526 
7.78323 1.74555 24.6286 1.73224 
7.79895 1.36478 24.7743 1.35853 
7.81467 0.978694 24.8845 0.976415 
7.8304 0.588765 24.9583 0.588273 
7.84612 0.196514 24.9954 0.196495 
7.86184 -0.196514 24.9954 -0.196495 
7.87757 -0.588765 24.9583 -0.588273 
7.89329 -0.978694 24.8845 -0.976415 
7.90901 -1.36478 24.7743 -1.35853 
7.92474 -1.74555 24.6286 -1.73224 
7.94046 -2.11957 24.4481 -2.09526 
7.95619 -2.48548 24.2341 -2.44534 
7.97191 -2.84203 23.9879 -2.7803 
7.98763 -3.18803 23.7112 -3.09809 
8.00336 -3.52244 23.4055 -3.39675 
8.01908 -3.8443 23.0729 -3.67441 
8.0348 -4.15282 22.7154 -3.92938 
8.05053 -4.44733 22.3353 -4.16008 
8.06625 -4.72732 21.9348 -4.36507 
8.08198 -4.99243 21.5165 -4.5431 
8.0977 -5.24246 21.0828 -4.69306 
8.11342 -5.47738 20.6364 -4.81403 
8.12915 -5.69731 20.1799 -4.90526 
8.14487 -5.90254 19.7159 -4.96619 
8.16059 -6.09354 19.2471 -4.99644 
8.17632 -6.27092 18.7761 -4.99582 
8.19204 -6.43544 18.3057 -4.96434 
8.20776 -6.58803 17.8382 -4.90219 
8.22349 -6.72974 17.3762 -4.80976 
8.23921 -6.86175 16.9221 -4.68761 
8.25494 -6.98538 16.4781 -4.53651 
8.27066 -7.10203 16.0464 -4.35738 
8.28638 -7.21322 15.6289 -4.15133 
8.30211 -7.32053 15.2275 -3.91964 
8.31783 -7.42561 14.8438 -3.66373 
8.33355 -7.53017 14.4792 -3.38519 
8.34928 -7.63593 14.1351 -3.08574 
8.365 -7.74465 13.8125 -2.76722 
8.38073 -7.85808 13.5123 -2.43161 
8.39645 -7.97794 13.2351 -2.08098 
8.41217 -8.10593 12.9813 -1.71749 
8.4279 -8.24367 12.7511 -1.34339 
8.44362 -8.39274 12.5446 -0.96099 
8.45934 -8.55462 12.3615 -0.572655 
8.47507 -8.73068 12.2014 -0.180783 
8.49079 -8.92218 12.0636 0.212206 
8.50651 -9.13024 11.9473 0.603884 
8.52224 -9.35584 11.8515 0.991832 
8.53796 -9.59982 11.7751 1.37365 
8.55369 -9.86281 11.7166 1.74699 
8.56941 -10.1453 11.6745 2.10953 
8.58513 -10.4476 11.6473 2.45904 
8.60086 -10.7698 11.6332 2.79336 
8.61658 -11.1117 11.6303 3.11042 
8.6323 -11.4732 11.6367 3.40827 
8.64803 -11.8537 11.6505 3.68506 
8.66375 -12.2526 11.6694 3.93909 
8.67948 -12.6689 11.6916 4.16878 
8.6952 -13.1016 11.7149 4.37272 
8.71092 -13.5494 11.7372 4.54964 
8.72665 -14.0109 11.7565 4.69846 
8.74237 -14.4845 11.7708 4.81826 
8.75809 -14.9684 11.7782 4.90829 
8.77382 -15.4607 11.7767 4.96799 
8.78954 -15.9594 11.7648 4.99701 
8.80526 -16.4624 11.7406 4.99515 
8.82099 -16.9673 11.7026 4.96244 
8.83671 -17.4719 11.6496 4.89907 
8.85244 -17.9738 11.5801 4.80544 
8.86816 -18.4705 11.4932 4.68212 
8.88388 -18.9595 11.3879 4.52988 
8.89961 -19.4383 11.2635 4.34965 
8.91533 -19.9046 11.1194 4.14255 
8.93105 -20.3559 10.9551 3.90986 
8.94678 -20.7897 10.7705 3.65301 
8.9625 -21.2038 10.5656 3.3736 
8.97823 -21.596 10.3404 3.07335 
8.99395 -21.9642 10.0953 2.75411 
9.00967 -22.3063 9.83072 2.41786 
9.0254 -22.6206 9.54736 2.06667 
9.04112 -22.9054 9.24601 1.70271 
9.05684 -23.1592 8.9276 1.32824 
9.07257 -23.3806 8.59321 0.945554 
9.08829 -23.5686 8.24405 0.557032 
9.10401 -23.7223 7.88141 0.165069 
9.11974 -23.8409 7.50671 -0.227914 
9.13546 -23.9241 7.12142 -0.61949 
9.15119 -23.9715 6.7271 -1.00724 
9.16691 -23.9832 6.32533 -1.38876 
9.18263 -23.9594 5.91775 -1.76171 
9.19836 -23.9005 5.506 -2.12377 
9.21408 -23.8074 5.09172 -2.47272 
9.2298 -23.6808 4.67654 -2.80638 
9.24553 -23.5219 4.26205 -3.12271 
9.26125 -23.3322 3.8498 -3.41975 
9.27698 -23.113 3.44126 -3.69567 
9.2927 -22.8662 3.03783 -3.94875 
9.30842 -22.5937 2.64083 -4.17744 
9.32415 -22.2976 2.25145 -4.38032 
9.33987 -21.98 1.87078 -4.55614 
9.35559 -21.6434 1.49978 -4.70382 
9.37132 -21.2902 1.13927 -4.82243 
9.38704 -20.9229 0.78994 -4.91126 
9.40276 -20.5442 0.452317 -4.96974 
9.41849 -20.1568 0.126777 -4.99753 
9.43421 -19.7634 -0.186457 -4.99444 
9.44994 -19.3666 -0.487325 -4.96049 
9.46566 -18.9692 -0.775923 -4.89591 
9.48138 -18.5739 -1.0525 -4.80107 
9.49711 -18.1833 -1.31748 -4.67658 
9.51283 -17.7999 -1.57139 -4.5232 
9.52855 -17.4262 -1.81495 -4.34187 
9.54428 -17.0645 -2.04898 -4.13372 
9.56 -16.7171 -2.27443 -3.90004 
9.57573 -16.386 -2.49239 -3.64226 
9.59145 -16.0732 -2.70402 -3.36198 
9.60717 -15.7803 -2.91058 -3.06093 
9.6229 -15.5088 -3.11343 -2.74097 
9.63862 -15.2602 -3.31394 -2.40408 
9.65434 -15.0355 -3.51359 -2.05234 
9.67007 -14.8357 -3.71384 -1.68792 
9.68579 -14.6615 -3.91618 -1.31307 
9.70151 -14.5132 -4.12212 -0.93011 
9.71724 -14.3912 -4.33311 -0.541404 
9.73296 -14.2954 -4.55061 -0.149353 
9.74869 -14.2256 -4.776 0.243621 
9.76441 -14.1813 -5.01059 0.635089 
9.78013 -14.1619 -5.25563 1.02263 
9.79586 -14.1665 -5.51225 1.40386 
9.81158 -14.1939 -5.78149 1.77642 
9.8273 -14.2429 -6.06426 2.138 
9.84303 -14.312 -6.36132 2.48637 
9.85875 -14.3995 -6.67331 2.81938 
9.87448 -14.5037 -7.00068 3.13498 
9.8902 -14.6226 -7.34376 3.43121 
9.90592 -14.7542 -7.70268 3.70624 
9.92165 -14.8963 -8.0774 3.95838 
9.93737 -15.0466 -8.46771 4.18606 
9.95309 -15.2028 -8.87322 4.38788 
9.96882 -15.3626 -9.29336 4.5626 
9.98454 -15.5236 -9.72738 4.70913 
10.0003 -15.6833 -10.1744 4.82656 
10.016 -15.8395 -10.6332 4.91418 
10.0317 -15.9897 -11.1027 4.97145 
10.0474 -16.1317 -11.5814 4.998 
10.0632 -16.2632 -12.0678 4.99367 
10.0789 -16.382 -12.5602 4.9585 
10.0946 -16.4863 -13.0567 4.89269 
10.1103 -16.5739 -13.5556 4.79666 
10.1261 -16.6432 -14.0547 4.67099 
10.1418 -16.6925 -14.5521 4.51647 
10.1575 -16.7204 -15.0456 4.33405 
10.1732 -16.7256 -15.5331 4.12486 
10.1889 -16.7069 -16.0122 3.89018 
10.2047 -16.6634 -16.481 3.63147 
10.2204 -16.5943 -16.9371 3.35032 
10.2361 -16.4993 -17.3784 3.04848 
10.2518 -16.3778 -17.8028 2.72781 
10.2676 -16.2298 -18.2084 2.39028 
10.2833 -16.0553 -18.5932 2.03799 
10.299 -15.8546 -18.9553 1.67311 
10.3147 -15.6282 -19.293 1.29789 
10.3305 -15.3766 -19.6048 0.914656 
10.3462 -15.1007 -19.8893 0.52577 
10.3619 -14.8015 -20.1451 0.133635 
10.3776 -14.4801 -20.3713 -0.259324 
10.3934 -14.1377 -20.567 -0.650682 
10.4091 -13.7758 -20.7314 -1.03802 
10.4248 -13.3959 -20.8642 -1.41895 
10.4405 -12.9997 -20.9649 -1.79111 
10.4563 -12.5888 -21.0336 -2.1522 
10.472 -12.1651 -21.0705 -2.5 
10.4877 -11.7303 -21.0759 -2.83236 
10.5034 -11.2863 -21.0505 -3.14721 
10.5191 -10.8351 -20.995 -3.44263 
10.5349 -10.3785 -20.9106 -3.71678 
10.5506 -9.91831 -20.7984 -3.96796 
10.5663 -9.45646 -20.6598 -4.19464 
10.582 -8.99469 -20.4966 -4.3954 
10.5978 -8.53473 -20.3105 -4.56901 
10.6135 -8.0782 -20.1034 -4.71439 
10.6292 -7.62664 -19.8774 -4.83065 
10.6449 -7.18147 -19.6348 -4.91706 
10.6607 -6.74401 -19.3779 -4.9731 
10.6764 -6.31544 -19.1092 -4.99842 
10.6921 -5.89677 -18.8312 -4.99286 
10.7078 -5.48892 -18.5463 -4.95645 
10.7236 -5.09259 -18.2573 -4.88943 
10.7393 -4.70838 -17.9668 -4.7922 
10.755 -4.33668 -17.6774 -4.66536 
10.7707 -3.97774 -17.3916 -4.50971 
10.7864 -3.63166 -17.1121 -4.32619 
10.8022 -3.29834 -16.8412 -4.11595 
10.8179 -2.97755 -16.5815 -3.88028 
10.8336 -2.66891 -16.3351 -3.62064 
10.8493 -2.37186 -16.1042 -3.33864 
10.8651 -2.08573 -15.891 -3.036 
10.8808 -1.80972 -15.6971 -2.71462 
10.8965 -1.54288 -15.5244 -2.37646 
10.9122 -1.2842 -15.3743 -2.02362 
10.928 -1.03252 -15.2481 -1.65828 
10.9437 -0.786652 -15.1469 -1.2827 
10.9594 -0.545296 -15.0717 -0.899193 
10.9751 -0.307124 -15.023 -0.510131 
10.9909 -0.0707629 -15.0012 -0.117917 
11.0066 0.165179 -15.0067 0.275026 
11.0223 0.402098 -15.0392 0.666269 
11.038 0.641381 -15.0986 1.0534 
11.0538 0.884386 -15.1843 1.43402 
11.0695 1.13243 -15.2956 1.80578 
11.0852 1.38676 -15.4315 2.16638 
11.1009 1.64858 -15.5908 2.5136 
11.1166 1.91896 -15.7722 2.8453 
11.1324 2.19892 -15.974 3.15942 
11.1481 2.48933 -16.1946 3.45401 
11.1638 2.79094 -16.4319 3.72728 
11.1795 3.10439 -16.6839 3.97751 
11.1953 3.43015 -16.9484 4.20317 
11.211 3.76855 -17.223 4.40287 
11.2267 4.11978 -17.5053 4.57537 
11.2424 4.48383 -17.7929 4.7196 
11.2582 4.86058 -18.083 4.83468 
11.2739 5.2497 -18.3733 4.91989 
11.2896 5.65071 -18.6609 4.9747 
11.3053 6.06299 -18.9433 4.99879 
11.3211 6.48573 -19.218 4.99199 
11.3368 6.91799 -19.4823 4.95436 
11.3525 7.35868 -19.7337 4.88611 
11.3682 7.80657 -19.9699 4.78769 
11.3839 8.2603 -20.1886 4.65968 
11.3997 8.71839 -20.3876 4.50289 
11.4154 9.17928 -20.5648 4.31829 
11.4311 9.64129 -20.7183 4.107 
11.4468 10.1027 -20.8465 3.87035 
11.4626 10.5616 -20.9478 3.60978 
11.4783 11.0163 -21.0208 3.32691 
11.494 11.4649 -21.0643 3.0235 
11.5097 11.9054 -21.0775 2.7014 
11.5255 12.336 -21.0596 2.36262 
11.5412 12.7548 -21.01 2.00923 
11.5569 13.1601 -20.9284 1.64344 
11.5726 13.5499 -20.8149 1.2675 
11.5884 13.9228 -20.6694 0.883721 
11.6041 14.2771 -20.4925 0.494487 
11.6198 14.6112 -20.2845 0.102197 
11.6355 14.9239 -20.0463 -0.290724 
11.6513 15.2139 -19.7788 -0.681849 
11.667 15.4802 -19.4833 -1.06876 
11.6827 15.7218 -19.1609 -1.44907 
11.6984 15.938 -18.8133 -1.82043 
11.7141 16.1283 -18.4419 -2.18054 
11.7299 16.2922 -18.0486 -2.52718 
11.7456 16.4296 -17.6352 -2.85821 
11.7613 16.5404 -17.2038 -3.17159 
11.777 16.625 -16.7563 -3.46537 
11.7928 16.6838 -16.2949 -3.73774 
11.8085 16.7173 -15.8217 -3.98702 
11.8242 16.7263 -15.3389 -4.21167 
11.8399 16.7119 -14.8488 -4.4103 
11.8557 16.6753 -14.3535 -4.58169 
11.8714 16.6178 -13.8552 -4.72477 
11.8871 16.541 -13.3559 -4.83866 
11.9028 16.4465 -12.8577 -4.92267 
11.9186 16.3361 -12.3626 -4.97626 
11.9343 16.212 -11.8724 -4.99911 
11.95 16.076 -11.3889 -4.99108 
11.9657 15.9305 -10.9137 -4.95221 
11.9814 15.7776 -10.4483 -4.88275 
11.9972 15.6197 -9.99408 -4.78313 
12.0129 15.4592 -9.55216 -4.65396 
12.0286 15.2984 -9.12359 -4.49604 
12.0443 15.1397 -8.70922 -4.31034 
12.0601 14.9856 -8.30973 -4.09801 
12.0758 14.8383 -7.92562 -3.86037 
12.0915 14.7002 -7.55721 -3.59888 
12.1072 14.5734 -7.20463 -3.31516 
12.123 14.4602 -6.86786 -3.01096 
12.1387 14.3624 -6.54669 -2.68816 
12.1544 14.282 -6.24074 -2.34875 
12.1701 14.2208 -5.94948 -1.99483 
12.1859 14.1803 -5.67222 -1.62858 
12.2016 14.1619 -5.40814 -1.25228 
12.2173 14.1668 -5.15628 -0.868241 
12.233 14.196 -4.91557 -0.478837 
12.2488 14.2504 -4.68481 -0.086476 
12.2645 14.3306 -4.46274 0.30642 
12.2802 14.4369 -4.24801 0.697423 
12.2959 14.5694 -4.03922 1.08412 
12.3116 14.7281 -3.8349 1.46411 
12.3274 14.9126 -3.63357 1.83507 
12.3431 15.1225 -3.43374 2.19468 
12.3588 15.3568 -3.23392 2.54074 
12.3745 15.6147 -3.03265 2.8711 
12.3903 15.8949 -2.82848 3.18373 
12.406 16.196 -2.62005 3.47668 
12.4217 16.5164 -2.40603 3.74816 
12.4374 16.8543 -2.18521 3.99649 
12.4532 17.2076 -1.95645 4.22012 
12.4689 17.5744 -1.71872 4.41769 
12.4846 17.9522 -1.47111 4.58796 
12.5003 18.3388 -1.21285 4.72989 
12.5161 18.7316 -0.943291 4.8426 
12.5318 19.1281 -0.661944 4.9254 
12.5475 19.5255 -0.368459 4.97777 
12.5632 19.9213 -0.0626474 4.99938 
12.5789 20.3127 0.255525 4.99011 
12.5947 20.6969 0.585934 4.95002 
12.6104 21.0714 0.928294 4.87934 
12.6261 21.4333 1.28217 4.77853 
12.6418 21.7802 1.64696 4.64819 
12.6576 22.1095 2.02194 4.48913 
12.6733 22.4187 2.40621 4.30235 
12.689 22.7057 2.79878 4.08898 
12.7047 22.9681 3.19851 3.85036 
12.7205 23.2041 3.60414 3.58795 
12.7362 23.4117 4.01434 3.30337 
12.7519 23.5893 4.42767 2.99839 
12.7676 23.7354 4.84262 2.67488 
12.7834 23.8487 5.25763 2.33485 
12.7991 23.9282 5.67109 1.9804 
12.8148 23.9731 6.08137 1.61371 
12.8305 23.9828 6.48683 1.23705 
12.8463 23.9568 6.88581 0.852752 
12.862 23.8951 7.27671 0.463184 
12.8777 23.7977 7.65795 0.0707542 
12.8934 23.665 8.028 -0.322112 
12.9091 23.4975 8.38541 -0.712989 
12.9249 23.296 8.72881 -1.09946 
12.9406 23.0615 9.05694 -1.47914 
12.9563 22.7951 9.36865 -1.84968 
12.972 22.4984 9.66291 -2.2088 
12.9878 22.1727 9.93884 -2.55427 
13.0035 21.8199 10.1957 -2.88396 
13.0192 21.4419 10.4329 -3.19583 
13.0349 21.0407 10.65 -3.48797 
13.0507 20.6184 10.8468 -3.75855 
13.0664 20.1773 11.0233 -4.00592 
13.0821 19.7198 11.1794 -4.22853 
13.0978 19.2482 11.3156 -4.42503 
13.1136 18.7649 11.4323 -4.59419 
13.1293 18.2726 11.5301 -4.73497 
13.145 17.7735 11.6099 -4.84649 
13.1607 17.2703 11.6727 -4.92808 
13.1764 16.7653 11.7195 -4.97922 
13.1922 16.2608 11.7518 -4.9996 
13.2079 15.7593 11.7709 -4.9891 
13.2236 15.2629 11.7785 -4.94778 
13.2393 14.7737 11.7762 -4.87589 
13.2551 14.2937 11.7658 -4.77387 
13.2708 13.8247 11.7493 -4.64237 
13.2865 13.3685 11.7285 -4.48219 
13.3022 12.9266 11.7056 -4.29432 
13.318 12.5003 11.6825 -4.07992 
13.3337 12.0909 11.6614 -3.84031 
13.3494 11.6993 11.6442 -3.57698 
13.3651 11.3263 11.6332 -3.29155 
13.3809 10.9726 11.6303 -2.98579 
13.3966 10.6385 11.6374 -2.66159 
13.4123 10.3243 11.6565 -2.32094 
13.428 10.0299 11.6895 -1.96595 
13.4438 9.75529 11.7379 -1.59882 
13.4595 9.49998 11.8034 -1.22181 
13.4752 9.26344 11.8875 -0.837254 
13.4909 9.04496 11.9913 -0.447525 
13.5066 8.84365 12.1161 -0.0550318 
13.5224 8.65847 12.2627 0.337802 
13.5381 8.48824 12.432 0.728548 
13.5538 8.33166 12.6244 1.11479 
13.5695 8.1873 12.8403 1.49415 
13.5853 8.05365 13.08 1.86428 
13.601 7.92912 13.3432 2.22289 
13.6167 7.81203 13.6296 2.56777 
13.6324 7.7007 13.9389 2.89679 
13.6482 7.59337 14.2702 3.20791 
13.6639 7.4883 14.6226 3.49922 
13.6796 7.38374 14.995 3.7689 
13.6953 7.27796 15.386 4.01531 
13.7111 7.1693 15.7941 4.2369 
13.7268 7.05611 16.2175 4.43233 
13.7425 6.93685 16.6544 4.60037 
13.7582 6.81003 17.1027 4.73999 
13.7739 6.67429 17.5602 4.85034 
13.7897 6.52836 18.0247 4.93071 
13.8054 6.37112 18.4936 4.98063 
13.8211 6.20156 18.9646 4.99978 
13.8368 6.01882 19.435 4.98804 
13.8526 5.82219 19.9022 4.94549 
13.8683 5.61112 20.3635 4.87238 
13.884 5.38522 20.8164 4.76918 
13.8997 5.14427 21.258 4.63651 
13.9155 4.88819 21.6858 4.4752 
13.9312 4.61709 22.0973 4.28624 
13.9469 4.33124 22.4899 4.07081 
13.9626 4.03106 22.8613 3.83022 
13.9784 3.71711 23.209 3.56598 
13.9941 3.39013 23.5311 3.2797 
14.0098 3.05097 23.8254 2.97317 
14.0255 2.70061 24.0902 2.64826 
14.0413 2.34017 24.3236 2.307 
14.057 1.97086 24.5244 1.95148 
14.0727 1.59397 24.6911 1.58391 
14.0884 1.2109 24.8227 1.20656 
14.1041 0.823099 24.9184 0.821749 
14.1199 0.432057 24.9776 0.431863 
14.1356 0.039309 24.9998 0.0393088 
14.1513 -0.353594 24.985 -0.353488 
14.167 -0.745101 24.9332 -0.744101 
14.1828 -1.13367 24.8448 -1.13012 
14.1985 -1.51781 24.7203 -1.50915 
14.2142 -1.89604 24.5605 -1.87886 
14.2299 -2.26698 24.3665 -2.23697 
14.2457 -2.62929 24.1394 -2.58125 
14.2614 -2.98176 23.8808 -2.90959 
14.2771 -3.32324 23.5923 -3.21996 
14.2928 -3.65273 23.2756 -3.51043 
14.3086 -3.96935 22.9328 -3.77922 
14.3243 -4.27234 22.566 -4.02466 
14.34 -4.56109 22.1774 -4.24523 
14.3557 -4.83517 21.7695 -4.43958 
14.3714 -5.09426 21.3448 -4.60651 
14.3872 -5.33824 20.9057 -4.74498 
14.4029 -5.56714 20.4549 -4.85413 
14.4186 -5.78114 19.995 -4.9333 
14.4343 -5.98062 19.5288 -4.98199 
14.4501 -6.16609 19.0588 -4.9999 
14.4658 -6.33822 18.5877 -4.98693 
14.4815 -6.49785 18.1182 -4.94315 
14.4972 -6.64595 17.6526 -4.86883 
14.513 -6.78364 17.1935 -4.76443 
14.5287 -6.91213 16.7432 -4.6306 
14.5444 -7.03279 16.3038 -4.46816 
14.5601 -7.14708 15.8776 -4.27812 
14.5759 -7.25652 15.4663 -4.06166 
14.5916 -7.36273 15.0718 -3.8201 
14.6073 -7.4674 14.6956 -3.55494 
14.623 -7.57223 14.3391 -3.26782 
14.6388 -7.67897 14.0034 -2.96051 
14.6545 -7.78936 13.6897 -2.63491 
14.6702 -7.90516 13.3986 -2.29304 
14.6859 -8.02807 13.1307 -1.937 
14.7016 -8.15976 12.8864 -1.56899 
14.7174 -8.30185 12.6657 -1.19129 
14.7331 -8.45588 12.4686 -0.806235 
14.7488 -8.62327 12.2947 -0.416196 
14.7645 -8.80536 12.1436 -0.0235854 
14.7803 -9.00336 12.0145 0.36917 
14.796 -9.21833 11.9066 0.759646 
14.8117 -9.45119 11.8187 1.14543 
14.8274 -9.7027 11.7496 1.52413 
14.8432 -9.97344 11.6979 1.89342 
14.8589 -10.2638 11.662 2.25102 
14.8746 -10.5741 11.6402 2.59471 
14.8903 -10.9042 11.6308 2.92236 
14.9061 -11.254 11.6319 3.23197 
14.9218 -11.6232 11.6415 3.52161 
14.9375 -12.0111 11.6575 3.78949 
14.9532 -12.4171 11.678 4.03397 
14.9689 -12.8401 11.7009 4.25352 
14.9847 -13.279 11.7241 4.44679 
15.0004 -13.7324 11.7454 4.6126 
15.0161 -14.199 11.763 4.74991 
15.0318 -14.6769 11.7747 4.85788 
15.0476 -15.1644 11.7788 4.93583 
15.0633 -15.6595 11.7733 4.9833 
15.079 -16.1602 11.7566 4.99998 
15.0947 -16.6643 11.7271 4.98577 
15.1105 -17.1693 11.6833 4.94076 
15.1262 -17.6731 11.6238 4.86522 
15.1419 -18.1732 11.5475 4.75964 
15.1576 -18.6671 11.4534 4.62465 
15.1734 -19.1524 11.3405 4.46108 
15.1891 -19.6265 11.2083 4.26996 
15.2048 -20.087 11.0561 4.05247 
15.2205 -20.5316 10.8837 3.80993 
15.2363 -20.9578 10.691 3.54386 
15.252 -21.3634 10.4779 3.2559 
15.2677 -21.7463 10.2447 2.94782 
15.2834 -22.1043 9.99175 2.62154 
15.2991 -22.4355 9.71959 2.27905 
15.3149 -22.7382 9.42893 1.92249 
15.3306 -23.0107 9.12064 1.55405 
15.3463 -23.2517 8.7957 1.17602 
15.362 -23.4599 8.45525 0.790713 
15.3778 -23.6343 8.10054 0.400524 
15.3935 -23.774 7.7329 0.00786184 
15.4092 -23.8785 7.35378 -0.384849 
15.4249 -23.9473 6.96469 -0.775183 
15.4407 -23.9804 6.56719 -1.16073 
15.4564 -23.9779 6.1629 -1.5391 
15.4721 -23.94 5.75346 -1.90797 
15.4878 -23.8673 5.3405 -2.26505 
15.5036 -23.7607 4.92567 -2.60813 
15.5193 -23.6211 4.51058 -2.93511 
15.535 -23.4497 4.0968 -3.24395 
15.5507 -23.2479 3.68586 -3.53275 
15.5665 -23.0175 3.2792 -3.79973 
15.5822 -22.7602 2.87819 -4.04324 
15.5979 -22.478 2.4841 -4.26176 
15.6136 -22.173 2.09808 -4.45396 
15.6293 -21.8475 1.72117 -4.61865 
15.6451 -21.504 1.35427 -4.7548 
15.6608 -21.1448 0.998164 -4.86157 
15.6765 -20.7727 0.653461 -4.93832 
15.6922 -20.3902 0.320635 -4.98456 
15.708 -20 6.47819e-12 -5 
