PARAMETRIC_CURVE_CARTESIAN_3D
toroidal spiral
t1: 0
t2: 15.708
NumPoints: 1000
0 40 0 10 
0.0157237 40.7803 0.64127 9.96911 
0.0314474 41.5453 1.30692 9.87664 
0.0471711 42.2897 1.99633 9.72315 
0.0628947 43.008 2.70855 9.50959 
0.0786184 43.6951 3.44233 9.23729 
0.0943421 44.346 4.19615 8.90792 
0.110066 44.956 4.9682 8.52352 
0.125789 45.5204 5.75638 8.08647 
0.141513 46.035 6.5584 7.59946 
0.157237 46.4959 7.37172 7.06551 
0.172961 46.8993 8.1936 6.4879 
0.188684 47.2421 9.02115 5.87022 
0.204408 47.5214 9.85133 5.21627 
0.220132 47.7347 10.681 4.5301 
0.235855 47.88 11.5069 3.81594 
0.251579 47.9558 12.3258 3.0782 
0.267303 47.9609 13.1344 2.32146 
0.283026 47.8946 13.9294 1.55037 
0.29875 47.7569 14.7076 0.769699 
0.314474 47.548 15.4658 -0.0157237 
0.330197 47.2685 16.2011 -0.801049 
0.345921 46.9198 16.9105 -1.58143 
0.361645 46.5034 17.5914 -2.35203 
0.377368 46.0214 18.2413 -3.10811 
0.393092 45.4763 18.8579 -3.84499 
0.408816 44.871 19.4392 -4.55811 
0.42454 44.2085 19.9835 -5.24307 
0.440263 43.4925 20.4894 -5.89565 
0.455987 42.7269 20.9559 -6.5118 
0.471711 41.9157 21.382 -7.08773 
0.487434 41.0632 21.7675 -7.61987 
0.503158 40.1741 22.1122 -8.10493 
0.518882 39.253 22.4165 -8.53993 
0.534605 38.3047 22.681 -8.92217 
0.550329 37.3342 22.9067 -9.24929 
0.566053 36.3464 23.095 -9.51927 
0.581776 35.3463 23.2476 -9.73045 
0.5975 34.3387 23.3666 -9.88151 
0.613224 33.3285 23.4542 -9.97153 
0.628947 32.3205 23.5133 -9.99995 
0.644671 31.3191 23.5466 -9.96659 
0.660395 30.3288 23.5575 -9.87166 
0.676119 29.3538 23.5494 -9.71575 
0.691842 28.3979 23.5259 -9.49982 
0.707566 27.4648 23.4908 -9.2252 
0.72329 26.5579 23.4481 -8.89359 
0.739013 25.6801 23.4018 -8.50704 
0.754737 24.8341 23.3561 -8.06793 
0.770461 24.0222 23.3151 -7.57898 
0.786184 23.2464 23.2829 -7.04322 
0.801908 22.508 23.2638 -6.46394 
0.817632 21.8084 23.2616 -5.84473 
0.833355 21.1481 23.2804 -5.18941 
0.849079 20.5277 23.3239 -4.50204 
0.864803 19.9469 23.3957 -3.78685 
0.880526 19.4054 23.4992 -3.04827 
0.89625 18.9024 23.6374 -2.29086 
0.911974 18.4367 23.8132 -1.51929 
0.927698 18.0067 24.0291 -0.738341 
0.943421 17.6107 24.2872 0.0471709 
0.959145 17.2465 24.5894 0.832391 
0.974869 16.9118 24.9371 1.61247 
0.990592 16.6037 25.3314 2.38259 
1.00632 16.3195 25.7727 3.13798 
1.02204 16.0561 26.2614 3.874 
1.03776 15.8103 26.7972 4.58608 
1.05349 15.5787 27.3794 5.26983 
1.06921 15.3579 28.0069 5.92102 
1.08493 15.1445 28.6781 6.53563 
1.10066 14.9348 29.3911 7.10987 
1.11638 14.7255 30.1435 7.64019 
1.13211 14.513 30.9326 8.12331 
1.14783 14.2942 31.7552 8.55625 
1.16355 14.0656 32.6077 8.93633 
1.17928 13.8243 33.4864 9.2612 
1.195 13.5673 34.387 9.52886 
1.21072 13.2919 35.3052 9.73765 
1.22645 12.9957 36.2363 9.88629 
1.24217 12.6764 37.1755 9.97385 
1.25789 12.3322 38.1176 9.9998 
1.27362 11.9612 39.0576 9.96397 
1.28934 11.5623 39.99 9.86659 
1.30507 11.1343 40.9097 9.70826 
1.32079 10.6765 41.8113 9.48995 
1.33651 10.1885 42.6895 9.21302 
1.35224 9.67033 43.539 8.87917 
1.36796 9.12219 44.3548 8.49046 
1.38368 8.54467 45.1319 8.04931 
1.39941 7.9387 45.8656 7.55843 
1.41513 7.30547 46.5512 7.02086 
1.43086 6.64648 47.1845 6.43991 
1.44658 5.96351 47.7616 5.81918 
1.4623 5.25859 48.2788 5.16251 
1.47803 4.53395 48.7329 4.47394 
1.49375 3.79208 49.121 3.75773 
1.50947 3.03562 49.4405 3.0183 
1.5252 2.26735 49.6895 2.26023 
1.54092 1.4902 49.8664 1.4882 
1.55665 0.707188 49.97 0.706976 
1.57237 -0.0786179 49.9996 -0.0786176 
1.58809 -0.864113 49.9552 -0.863725 
1.60382 -1.6462 49.8368 -1.6435 
1.61954 -2.42181 49.6454 -2.41312 
1.63526 -3.18794 49.3822 -3.16783 
1.65099 -3.94171 49.0488 -3.90297 
1.66671 -4.68034 48.6473 -4.614 
1.68243 -5.40122 48.1803 -5.29653 
1.69816 -6.10193 47.6509 -5.94633 
1.71388 -6.78026 47.0622 -6.5594 
1.72961 -7.43423 46.4181 -7.13195 
1.74533 -8.06212 45.7225 -7.66044 
1.76105 -8.66249 44.9798 -8.14161 
1.77678 -9.23419 44.1946 -8.57248 
1.7925 -9.77638 43.3717 -8.9504 
1.80822 -10.2885 42.516 -9.27302 
1.82395 -10.7704 41.6327 -9.53835 
1.83967 -11.2222 40.7271 -9.74476 
1.8554 -11.6444 39.8044 -9.89097 
1.87112 -12.0376 38.87 -9.97608 
1.88684 -12.4031 37.9292 -9.99955 
1.90257 -12.7422 36.9873 -9.96126 
1.91829 -13.0567 36.0493 -9.86142 
1.93401 -13.3486 35.1204 -9.70067 
1.94974 -13.6201 34.2053 -9.47999 
1.96546 -13.8737 33.3087 -9.20074 
1.98118 -14.1122 32.435 -8.86466 
1.99691 -14.3386 31.5881 -8.47381 
2.01263 -14.5559 30.772 -8.03061 
2.02836 -14.7675 29.99 -7.5378 
2.04408 -14.9766 29.2453 -6.99843 
2.0598 -15.1867 28.5404 -6.41582 
2.07553 -15.4014 27.8778 -5.79358 
2.09125 -15.6241 27.2593 -5.13555 
2.10697 -15.8582 26.6863 -4.44579 
2.1227 -16.1073 26.1599 -3.72856 
2.13842 -16.3746 25.6807 -2.98831 
2.15415 -16.6633 25.2488 -2.22959 
2.16987 -16.9765 24.8639 -1.4571 
2.18559 -17.3169 24.5254 -0.675604 
2.20132 -17.6873 24.2321 0.110064 
2.21704 -18.0899 23.9826 0.895051 
2.23276 -18.5269 23.7749 1.67451 
2.24849 -19 23.6068 2.44362 
2.26421 -19.5106 23.4758 3.19764 
2.27993 -20.0599 23.379 3.9319 
2.29566 -20.6486 23.3131 4.64188 
2.31138 -21.277 23.2748 5.32317 
2.32711 -21.9452 23.2605 5.97159 
2.34283 -22.6526 23.2664 6.58311 
2.35855 -23.3986 23.2885 7.15396 
2.37428 -24.1818 23.3227 7.68062 
2.39 -25.0007 23.365 8.15983 
2.40572 -25.8532 23.4112 8.58863 
2.42145 -26.7371 23.4571 8.96438 
2.43717 -27.6495 23.4986 9.28474 
2.4529 -28.5874 23.5317 9.54775 
2.46862 -29.5474 23.5524 9.75177 
2.48434 -30.5258 23.557 9.89555 
2.50007 -31.5186 23.5419 9.9782 
2.51579 -32.5217 23.5036 9.99921 
2.53151 -33.5305 23.4391 9.95844 
2.54724 -34.5406 23.3454 9.85616 
2.56296 -35.5471 23.2199 9.69299 
2.57868 -36.5451 23.0603 9.46993 
2.59441 -37.5299 22.8646 9.18838 
2.61013 -38.4963 22.6312 8.85006 
2.62586 -39.4395 22.3589 8.45707 
2.64158 -40.3546 22.0465 8.01183 
2.6573 -41.2368 21.6937 7.5171 
2.67303 -42.0814 21.3 6.97593 
2.68875 -42.8838 20.8658 6.39167 
2.70447 -43.6398 20.3914 5.76792 
2.7202 -44.3454 19.8777 5.10854 
2.73592 -44.9967 19.3258 4.4176 
2.75165 -45.5903 18.7373 3.69937 
2.76737 -46.123 18.1139 2.95828 
2.78309 -46.592 17.4576 2.19892 
2.79882 -46.995 16.7708 1.42598 
2.81454 -47.33 16.056 0.644225 
2.83026 -47.5954 15.3159 -0.141508 
2.84599 -47.7902 14.5534 -0.926367 
2.86171 -47.9136 13.7716 -1.7055 
2.87743 -47.9655 12.9737 -2.4741 
2.89316 -47.9462 12.1627 -3.22742 
2.90888 -47.8564 11.3422 -3.9608 
2.92461 -47.6974 10.5153 -4.66971 
2.94033 -47.4707 9.68524 -5.34977 
2.95605 -47.1785 8.85533 -5.99678 
2.97178 -46.8234 8.02868 -6.60675 
2.9875 -46.4082 7.20828 -7.1759 
3.00322 -45.9363 6.39701 -7.70072 
3.01895 -45.4114 5.59756 -8.17797 
3.03467 -44.8375 4.81243 -8.6047 
3.0504 -44.219 4.04387 -8.97827 
3.06612 -43.5604 3.29392 -9.29638 
3.08184 -42.8666 2.56433 -9.55705 
3.09757 -42.1427 1.85659 -9.75869 
3.11329 -41.3938 1.17187 -9.90004 
3.12901 -40.6253 0.511051 -9.98023 
3.14474 -39.8426 -0.125295 -9.99876 
3.16046 -39.051 -0.736919 -9.95553 
3.17618 -38.2561 -1.32389 -9.8508 
3.19191 -37.4632 -1.88658 -9.68521 
3.20763 -36.6776 -2.4257 -9.45978 
3.22336 -35.9044 -2.94222 -9.17592 
3.23908 -35.1487 -3.43743 -8.83537 
3.2548 -34.4152 -3.9129 -8.44024 
3.27053 -33.7085 -4.37043 -7.99297 
3.28625 -33.0328 -4.81207 -7.49633 
3.30197 -32.392 -5.2401 -6.95337 
3.3177 -31.7899 -5.65696 -6.36745 
3.33342 -31.2295 -6.06529 -5.7422 
3.34915 -30.7137 -6.46785 -5.08148 
3.36487 -30.2449 -6.86748 -4.38936 
3.38059 -29.8253 -7.26714 -3.67013 
3.39632 -29.4562 -7.66979 -2.92823 
3.41204 -29.1388 -8.07843 -2.16823 
3.42776 -28.8737 -8.49603 -1.39485 
3.44349 -28.6612 -8.92548 -0.61284 
3.45921 -28.5009 -9.36962 0.172952 
3.47493 -28.3921 -9.83113 0.957675 
3.49066 -28.3335 -10.3126 1.73648 
3.50638 -28.3237 -10.8163 2.50456 
3.52211 -28.3605 -11.3444 3.25717 
3.53783 -28.4416 -11.899 3.98965 
3.55355 -28.5641 -12.4815 4.69749 
3.56928 -28.7248 -13.0934 5.37631 
3.585 -28.9203 -13.7357 6.02192 
3.60072 -29.1469 -14.4093 6.63032 
3.61645 -29.4004 -15.1144 7.19777 
3.63217 -29.6766 -15.8512 7.72074 
3.6479 -29.9712 -16.6195 8.19603 
3.66362 -30.2795 -17.4184 8.62068 
3.67934 -30.5968 -18.2472 8.99207 
3.69507 -30.9184 -19.1043 9.30792 
3.71079 -31.2395 -19.9882 9.56626 
3.72651 -31.5552 -20.8967 9.76551 
3.74224 -31.861 -21.8275 9.90442 
3.75796 -32.1521 -22.7778 9.98215 
3.77368 -32.4239 -23.7448 9.99822 
3.78941 -32.6723 -24.7252 9.95252 
3.80513 -32.8929 -25.7154 9.84533 
3.82086 -33.0819 -26.7118 9.67733 
3.83658 -33.2356 -27.7103 9.44954 
3.8523 -33.3506 -28.707 9.16338 
3.86803 -33.4239 -29.6977 8.8206 
3.88375 -33.4526 -30.6779 8.42334 
3.89947 -33.4345 -31.6434 7.97404 
3.9152 -33.3676 -32.5897 7.47547 
3.93092 -33.2501 -33.5125 6.93073 
3.94665 -33.0809 -34.4075 6.34317 
3.96237 -32.8591 -35.2704 5.71643 
3.97809 -32.5843 -36.0972 5.05437 
3.99382 -32.2565 -36.8838 4.36109 
4.00954 -31.876 -37.6265 3.64086 
4.02526 -31.4436 -38.3219 2.89814 
4.04099 -30.9604 -38.9666 2.13752 
4.05671 -30.4279 -39.5577 1.3637 
4.07243 -29.8478 -40.0926 0.581448 
4.08816 -29.2224 -40.569 -0.204394 
4.10388 -28.5541 -40.9849 -0.988973 
4.11961 -27.8456 -41.3389 -1.76744 
4.13533 -27.0999 -41.6298 -2.53499 
4.15105 -26.3201 -41.8569 -3.28688 
4.16678 -25.5096 -42.0199 -4.01847 
4.1825 -24.672 -42.1191 -4.72523 
4.19822 -23.8108 -42.155 -5.4028 
4.21395 -22.9298 -42.1286 -6.04699 
4.22967 -22.0327 -42.0415 -6.65383 
4.2454 -21.1233 -41.8955 -7.21956 
4.26112 -20.2054 -41.693 -7.74069 
4.27684 -19.2826 -41.4366 -8.214 
4.29257 -18.3586 -41.1295 -8.63657 
4.30829 -17.4368 -40.7751 -9.00579 
4.32401 -16.5206 -40.3772 -9.31937 
4.33974 -15.6131 -39.9398 -9.57537 
4.35546 -14.7174 -39.4674 -9.77223 
4.37118 -13.836 -38.9645 -9.90871 
4.38691 -12.9715 -38.4359 -9.98398 
4.40263 -12.126 -37.8867 -9.99758 
4.41836 -11.3014 -37.3218 -9.94941 
4.43408 -10.4994 -36.7465 -9.83978 
4.4498 -9.72116 -36.1661 -9.66936 
4.46553 -8.96767 -35.5857 -9.4392 
4.48125 -8.23955 -35.0106 -9.15074 
4.49697 -7.53711 -34.446 -8.80574 
4.5127 -6.8603 -33.8967 -8.40635 
4.52842 -6.20877 -33.3678 -7.95502 
4.54415 -5.58188 -32.8638 -7.45455 
4.55987 -4.97865 -32.3892 -6.90803 
4.57559 -4.39784 -31.9481 -6.31883 
4.59132 -3.83793 -31.5444 -5.6906 
4.60704 -3.29716 -31.1817 -5.02721 
4.62276 -2.77353 -30.863 -4.33277 
4.63849 -2.26486 -30.5912 -3.61155 
4.65421 -1.76877 -30.3686 -2.86803 
4.66994 -1.28276 -30.1972 -2.10679 
4.68566 -0.804196 -30.0784 -1.33254 
4.70138 -0.330357 -30.0133 -0.550051 
4.71711 0.141526 -30.0024 0.235833 
4.73283 0.614248 -30.0459 1.02026 
4.74855 1.09059 -30.1433 1.79839 
4.76428 1.5733 -30.2938 2.5654 
4.78 2.06505 -30.4962 3.31657 
4.79572 2.56839 -30.7485 4.04725 
4.81145 3.08577 -31.0488 4.75292 
4.82717 3.61943 -31.3942 5.42924 
4.8429 4.17146 -31.7819 6.07201 
4.85862 4.74372 -32.2085 6.67727 
4.87434 5.33781 -32.6702 7.24128 
4.89007 5.95511 -33.1629 7.76056 
4.90579 6.59668 -33.6824 8.2319 
4.92151 7.26332 -34.2241 8.65238 
4.93724 7.95549 -34.7832 9.01941 
4.95296 8.67335 -35.3548 9.33072 
4.96869 9.41675 -35.9336 9.58439 
4.98441 10.1852 -36.5147 9.77885 
5.00013 10.9778 -37.0927 9.9129 
5.01586 11.7935 -37.6623 9.98571 
5.03158 12.6309 -38.2184 9.99684 
5.0473 13.488 -38.7559 9.9462 
5.06303 14.3629 -39.2696 9.83412 
5.07875 15.2533 -39.7548 9.66129 
5.09447 16.1564 -40.2067 9.42877 
5.1102 17.0695 -40.6209 9.13801 
5.12592 17.9894 -40.9932 8.7908 
5.14165 18.9129 -41.3197 8.38927 
5.15737 19.8366 -41.5967 7.93593 
5.17309 20.7569 -41.8212 7.43355 
5.18882 21.6702 -41.9901 6.88526 
5.20454 22.5726 -42.101 6.29443 
5.22026 23.4606 -42.1519 5.66471 
5.23599 24.3301 -42.141 5 
5.25171 25.1776 -42.0673 4.3044 
5.26744 25.9994 -41.9298 3.58221 
5.28316 26.7919 -41.7283 2.83789 
5.29888 27.5516 -41.4629 2.07604 
5.31461 28.2754 -41.134 1.30136 
5.33033 28.9601 -40.7427 0.518649 
5.34605 29.603 -40.2903 -0.267271 
5.36178 30.2014 -39.7785 -1.05154 
5.3775 30.7532 -39.2096 -1.82931 
5.39322 31.2564 -38.586 -2.59578 
5.40895 31.7093 -37.9105 -3.34622 
5.42467 32.1106 -37.1863 -4.07598 
5.4404 32.4596 -36.4168 -4.78057 
5.45612 32.7556 -35.6057 -5.45562 
5.47184 32.9985 -34.7568 -6.09697 
5.48757 33.1887 -33.8741 -6.70065 
5.50329 33.3267 -32.9619 -7.26294 
5.51901 33.4137 -32.0245 -7.78036 
5.53474 33.4511 -31.0661 -8.24971 
5.55046 33.4409 -30.0912 -8.66811 
5.56619 33.3851 -29.1043 -9.03295 
5.58191 33.2864 -28.1095 -9.34199 
5.59763 33.1478 -27.1112 -9.59332 
5.61336 32.9725 -26.1134 -9.78538 
5.62908 32.7641 -25.1203 -9.91699 
5.6448 32.5263 -24.1356 -9.98734 
5.66053 32.2634 -23.1628 -9.996 
5.67625 31.9794 -22.2054 -9.94289 
5.69197 31.679 -21.2665 -9.82837 
5.7077 31.3667 -20.3487 -9.65313 
5.72342 31.0472 -19.4548 -9.41825 
5.73915 30.7252 -18.5867 -9.12519 
5.75487 30.4056 -17.7464 -8.77576 
5.77059 30.0931 -16.9354 -8.37212 
5.78632 29.7925 -16.1548 -7.91675 
5.80204 29.5084 -15.4054 -7.41248 
5.81776 29.2453 -14.6875 -6.86242 
5.83349 29.0074 -14.0014 -6.26996 
5.84921 28.799 -13.3466 -5.63877 
5.86494 28.624 -12.7226 -4.97274 
5.88066 28.4858 -12.1285 -4.276 
5.89638 28.3878 -11.563 -3.55283 
5.91211 28.333 -11.0245 -2.80772 
5.92783 28.3239 -10.5113 -2.04527 
5.94355 28.3627 -10.0212 -1.27018 
5.95928 28.4512 -9.55199 -0.487241 
5.975 28.5908 -9.10122 0.298706 
5.99072 28.7824 -8.66623 1.08281 
6.00645 29.0265 -8.24423 1.86022 
6.02217 29.323 -7.83236 2.62614 
6.0379 29.6715 -7.42767 3.37584 
6.05362 30.0711 -7.02718 4.10468 
6.06934 30.5204 -6.62789 4.80816 
6.08507 31.0176 -6.22685 5.48195 
6.10079 31.5605 -5.82117 6.12186 
6.11651 32.1464 -5.40804 6.72396 
6.13224 32.7721 -4.98478 7.28452 
6.14796 33.4343 -4.54887 7.80007 
6.16369 34.1291 -4.09795 8.26745 
6.17941 34.8524 -3.62989 8.68374 
6.19513 35.5998 -3.14278 9.0464 
6.21086 36.3665 -2.63495 9.35316 
6.22658 37.1478 -2.10501 9.60215 
6.2423 37.9384 -1.55185 9.79181 
6.25803 38.7332 -0.974651 9.92099 
6.27375 39.5267 -0.372914 9.98888 
6.28947 40.3136 0.253555 9.99506 
6.3052 41.0885 0.904633 9.93949 
6.32092 41.8459 1.57988 9.82252 
6.33665 42.5804 2.27854 9.64487 
6.35237 43.2868 2.99955 9.40764 
6.36809 43.9601 3.74155 9.11228 
6.38382 44.5952 4.5029 8.76064 
6.39954 45.1875 5.28166 8.35488 
6.41526 45.7325 6.07567 7.8975 
6.43099 46.226 6.88252 7.39134 
6.44671 46.6643 7.6996 6.83951 
6.46244 47.0439 8.52411 6.24543 
6.47816 47.3616 9.35308 5.61277 
6.49388 47.6147 10.1834 4.94543 
6.50961 47.8011 11.012 4.24755 
6.52533 47.9187 11.8355 3.52342 
6.54105 47.9663 12.6507 2.77753 
6.55678 47.9429 13.4542 2.01448 
6.5725 47.8481 14.2428 1.23898 
6.58822 47.6818 15.0134 0.455829 
6.60395 47.4446 15.7628 -0.330137 
6.61967 47.1373 16.4881 -1.11406 
6.6354 46.7613 17.1864 -1.89111 
6.65112 46.3184 17.8552 -2.65647 
6.66684 45.8108 18.492 -3.40542 
6.68257 45.2413 19.0947 -4.13334 
6.69829 44.6126 19.6614 -4.83571 
6.71401 43.9283 20.1906 -5.50822 
6.72974 43.192 20.6808 -6.1467 
6.74546 42.4076 21.1312 -6.7472 
6.76119 41.5794 21.5411 -7.30603 
6.77691 40.7117 21.9103 -7.81972 
6.79263 39.8092 22.2388 -8.2851 
6.80836 38.8767 22.527 -8.6993 
6.82408 37.9189 22.7759 -9.05975 
6.8398 36.9409 22.9864 -9.36424 
6.85553 35.9476 23.1602 -9.61088 
6.87125 34.9439 23.2991 -9.79815 
6.88697 33.9347 23.4052 -9.92489 
6.9027 32.9248 23.4811 -9.99031 
6.91842 31.9189 23.5295 -9.99402 
6.93415 30.9214 23.5535 -9.93599 
6.94987 29.9367 23.5564 -9.81657 
6.96559 28.9689 23.5416 -9.63651 
6.98132 28.0218 23.513 -9.39693 
6.99704 27.0988 23.4744 -9.09929 
7.01276 26.2031 23.4298 -8.74543 
7.02849 25.3378 23.3832 -8.33756 
7.04421 24.5052 23.3389 -7.87817 
7.05994 23.7075 23.3009 -7.37012 
7.07566 22.9464 23.2735 -6.81653 
7.09138 22.2235 23.2607 -6.22084 
7.10711 21.5395 23.2664 -5.58671 
7.12283 20.8952 23.2947 -4.91808 
7.13855 20.2906 23.3491 -4.21906 
7.15428 19.7256 23.4331 -3.49397 
7.17 19.1996 23.5501 -2.7473 
7.18572 18.7117 23.7031 -1.98366 
7.20145 18.2605 23.8946 -1.20777 
7.21717 17.8444 24.1272 -0.424412 
7.2329 17.4614 24.4027 0.361566 
7.24862 17.1092 24.723 1.14531 
7.26434 16.7855 25.0892 1.92198 
7.28007 16.4873 25.5022 2.68678 
7.29579 16.2119 25.9625 3.43497 
7.31151 15.9559 26.4701 4.16195 
7.32724 15.7162 27.0246 4.86322 
7.34296 15.4893 27.625 5.53444 
7.35869 15.2719 28.2702 6.17147 
7.37441 15.0603 28.9584 6.77038 
7.39013 14.8512 29.6875 7.32746 
7.40586 14.6411 30.4549 7.83928 
7.42158 14.4264 31.2578 8.30267 
7.4373 14.2041 32.0928 8.71476 
7.45303 13.9708 32.9563 9.07302 
7.46875 13.7235 33.8442 9.37523 
7.48447 13.4595 34.7525 9.61952 
7.5002 13.1761 35.6764 9.80439 
7.51592 12.8709 36.6113 9.92868 
7.53165 12.5418 37.5523 9.99164 
7.54737 12.1871 38.4942 9.99288 
7.56309 11.8051 39.4317 9.93238 
7.57882 11.3946 40.3597 9.81053 
7.59454 10.9548 41.2728 9.62807 
7.61026 10.4849 42.1657 9.38612 
7.62599 9.98486 43.033 9.0862 
7.64171 9.45464 43.8697 8.73014 
7.65744 8.89466 44.6706 8.32015 
7.67316 8.30564 45.4309 7.85876 
7.68888 7.6886 46.1458 7.34883 
7.70461 7.04487 46.811 6.79349 
7.72033 6.37607 47.4223 6.19619 
7.73605 5.68406 47.9759 5.5606 
7.75178 4.97096 48.4682 4.89067 
7.7675 4.23913 48.8962 4.19052 
7.78323 3.49109 49.2571 3.46449 
7.79895 2.72956 49.5487 2.71705 
7.81467 1.95739 49.769 1.95283 
7.8304 1.17753 49.9167 1.17655 
7.84612 0.393027 49.9907 0.392991 
7.86184 -0.393027 49.9907 -0.392991 
7.87757 -1.17753 49.9167 -1.17655 
7.89329 -1.95739 49.769 -1.95283 
7.90901 -2.72956 49.5487 -2.71705 
7.92474 -3.49109 49.2571 -3.46449 
7.94046 -4.23913 48.8962 -4.19052 
7.95619 -4.97096 48.4682 -4.89067 
7.97191 -5.68406 47.9759 -5.5606 
7.98763 -6.37607 47.4223 -6.19619 
8.00336 -7.04487 46.811 -6.79349 
8.01908 -7.6886 46.1458 -7.34883 
8.0348 -8.30564 45.4309 -7.85876 
8.05053 -8.89466 44.6706 -8.32015 
8.06625 -9.45464 43.8697 -8.73014 
8.08198 -9.98486 43.033 -9.0862 
8.0977 -10.4849 42.1657 -9.38612 
8.11342 -10.9548 41.2728 -9.62807 
8.12915 -11.3946 40.3597 -9.81053 
8.14487 -11.8051 39.4317 -9.93238 
8.16059 -12.1871 38.4942 -9.99288 
8.17632 -12.5418 37.5523 -9.99164 
8.19204 -12.8709 36.6113 -9.92868 
8.20776 -13.1761 35.6764 -9.80439 
8.22349 -13.4595 34.7525 -9.61952 
8.23921 -13.7235 33.8442 -9.37523 
8.25494 -13.9708 32.9563 -9.07302 
8.27066 -14.2041 32.0928 -8.71476 
8.28638 -14.4264 31.2578 -8.30267 
8.30211 -14.6411 30.4549 -7.83928 
8.31783 -14.8512 29.6875 -7.32746 
8.33355 -15.0603 28.9584 -6.77038 
8.34928 -15.2719 28.2702 -6.17147 
8.365 -15.4893 27.625 -5.53444 
8.38073 -15.7162 27.0246 -4.86322 
8.39645 -15.9559 26.4701 -4.16195 
8.41217 -16.2119 25.9625 -3.43497 
8.4279 -16.4873 25.5022 -2.68678 
8.44362 -16.7855 25.0892 -1.92198 
8.45934 -17.1092 24.723 -1.14531 
8.47507 -17.4614 24.4027 -0.361566 
8.49079 -17.8444 24.1272 0.424412 
8.50651 -18.2605 23.8946 1.20777 
8.52224 -18.7117 23.7031 1.98366 
8.53796 -19.1996 23.5501 2.7473 
8.55369 -19.7256 23.4331 3.49397 
8.56941 -20.2906 23.3491 4.21906 
8.58513 -20.8952 23.2947 4.91808 
8.60086 -21.5395 23.2664 5.58671 
8.61658 -22.2235 23.2607 6.22084 
8.6323 -22.9464 23.2735 6.81653 
8.64803 -23.7075 23.3009 7.37012 
8.66375 -24.5052 23.3389 7.87817 
8.67948 -25.3378 23.3832 8.33756 
8.6952 -26.2031 23.4298 8.74543 
8.71092 -27.0988 23.4744 9.09929 
8.72665 -28.0218 23.513 9.39693 
8.74237 -28.9689 23.5416 9.63651 
8.75809 -29.9367 23.5564 9.81657 
8.77382 -30.9214 23.5535 9.93599 
8.78954 -31.9189 23.5295 9.99402 
8.80526 -32.9248 23.4811 9.99031 
8.82099 -33.9347 23.4052 9.92489 
8.83671 -34.9439 23.2991 9.79815 
8.85244 -35.9476 23.1602 9.61088 
8.86816 -36.9409 22.9864 9.36424 
8.88388 -37.9189 22.7759 9.05975 
8.89961 -38.8767 22.527 8.6993 
8.91533 -39.8092 22.2388 8.2851 
8.93105 -40.7117 21.9103 7.81972 
8.94678 -41.5794 21.5411 7.30603 
8.9625 -42.4076 21.1312 6.7472 
8.97823 -43.192 20.6808 6.1467 
8.99395 -43.9283 20.1906 5.50822 
9.00967 -44.6126 19.6614 4.83571 
9.0254 -45.2413 19.0947 4.13334 
9.04112 -45.8108 18.492 3.40542 
9.05684 -46.3184 17.8552 2.65647 
9.07257 -46.7613 17.1864 1.89111 
9.08829 -47.1373 16.4881 1.11406 
9.10401 -47.4446 15.7628 0.330137 
9.11974 -47.6818 15.0134 -0.455829 
9.13546 -47.8481 14.2428 -1.23898 
9.15119 -47.9429 13.4542 -2.01448 
9.16691 -47.9663 12.6507 -2.77753 
9.18263 -47.9187 11.8355 -3.52342 
9.19836 -47.8011 11.012 -4.24755 
9.21408 -47.6147 10.1834 -4.94543 
9.2298 -47.3616 9.35308 -5.61277 
9.24553 -47.0439 8.52411 -6.24543 
9.26125 -46.6643 7.6996 -6.83951 
9.27698 -46.226 6.88252 -7.39134 
9.2927 -45.7325 6.07567 -7.8975 
9.30842 -45.1875 5.28166 -8.35488 
9.32415 -44.5952 4.5029 -8.76064 
9.33987 -43.9601 3.74155 -9.11228 
9.35559 -43.2868 2.99955 -9.40764 
9.37132 -42.5804 2.27854 -9.64487 
9.38704 -41.8459 1.57988 -9.82252 
9.40276 -41.0885 0.904633 -9.93949 
9.41849 -40.3136 0.253555 -9.99506 
9.43421 -39.5267 -0.372914 -9.98888 
9.44994 -38.7332 -0.974651 -9.92099 
9.46566 -37.9384 -1.55185 -9.79181 
9.48138 -37.1478 -2.10501 -9.60215 
9.49711 -36.3665 -2.63495 -9.35316 
9.51283 -35.5998 -3.14278 -9.0464 
9.52855 -34.8524 -3.62989 -8.68374 
9.54428 -34.1291 -4.09795 -8.26745 
9.56 -33.4343 -4.54887 -7.80007 
9.57573 -32.7721 -4.98478 -7.28452 
9.59145 -32.1464 -5.40804 -6.72396 
9.60717 -31.5605 -5.82117 -6.12186 
9.6229 -31.0176 -6.22685 -5.48195 
9.63862 -30.5204 -6.62789 -4.80816 
9.65434 -30.0711 -7.02718 -4.10468 
9.67007 -29.6715 -7.42767 -3.37584 
9.68579 -29.323 -7.83236 -2.62614 
9.70151 -29.0265 -8.24423 -1.86022 
9.71724 -28.7824 -8.66623 -1.08281 
9.73296 -28.5908 -9.10122 -0.298706 
9.74869 -28.4512 -9.55199 0.487241 
9.76441 -28.3627 -10.0212 1.27018 
9.78013 -28.3239 -10.5113 2.04527 
9.79586 -28.333 -11.0245 2.80772 
9.81158 -28.3878 -11.563 3.55283 
9.8273 -28.4858 -12.1285 4.276 
9.84303 -28.624 -12.7226 4.97274 
9.85875 -28.799 -13.3466 5.63877 
9.87448 -29.0074 -14.0014 6.26996 
9.8902 -29.2453 -14.6875 6.86242 
9.90592 -29.5084 -15.4054 7.41248 
9.92165 -29.7925 -16.1548 7.91675 
9.93737 -30.0931 -16.9354 8.37212 
9.95309 -30.4056 -17.7464 8.77576 
9.96882 -30.7252 -18.5867 9.12519 
9.98454 -31.0472 -19.4548 9.41825 
10.0003 -31.3667 -20.3487 9.65313 
10.016 -31.679 -21.2665 9.82837 
10.0317 -31.9794 -22.2054 9.94289 
10.0474 -32.2634 -23.1628 9.996 
10.0632 -32.5263 -24.1356 9.98734 
10.0789 -32.7641 -25.1203 9.91699 
10.0946 -32.9725 -26.1134 9.78538 
10.1103 -33.1478 -27.1112 9.59332 
10.1261 -33.2864 -28.1095 9.34199 
10.1418 -33.3851 -29.1043 9.03295 
10.1575 -33.4409 -30.0912 8.66811 
10.1732 -33.4511 -31.0661 8.24971 
10.1889 -33.4137 -32.0245 7.78036 
10.2047 -33.3267 -32.9619 7.26294 
10.2204 -33.1887 -33.8741 6.70065 
10.2361 -32.9985 -34.7568 6.09697 
10.2518 -32.7556 -35.6057 5.45562 
10.2676 -32.4596 -36.4168 4.78057 
10.2833 -32.1106 -37.1863 4.07598 
10.299 -31.7093 -37.9105 3.34622 
10.3147 -31.2564 -38.586 2.59578 
10.3305 -30.7532 -39.2096 1.82931 
10.3462 -30.2014 -39.7785 1.05154 
10.3619 -29.603 -40.2903 0.267271 
10.3776 -28.9601 -40.7427 -0.518649 
10.3934 -28.2754 -41.134 -1.30136 
10.4091 -27.5516 -41.4629 -2.07604 
10.4248 -26.7919 -41.7283 -2.83789 
10.4405 -25.9994 -41.9298 -3.58221 
10.4563 -25.1776 -42.0673 -4.3044 
10.472 -24.3301 -42.141 -5 
10.4877 -23.4606 -42.1519 -5.66471 
10.5034 -22.5726 -42.101 -6.29443 
10.5191 -21.6702 -41.9901 -6.88526 
10.5349 -20.7569 -41.8212 -7.43355 
10.5506 -19.8366 -41.5967 -7.93593 
10.5663 -18.9129 -41.3197 -8.38927 
10.582 -17.9894 -40.9932 -8.7908 
10.5978 -17.0695 -40.6209 -9.13801 
10.6135 -16.1564 -40.2067 -9.42877 
10.6292 -15.2533 -39.7548 -9.66129 
10.6449 -14.3629 -39.2696 -9.83412 
10.6607 -13.488 -38.7559 -9.9462 
10.6764 -12.6309 -38.2184 -9.99684 
10.6921 -11.7935 -37.6623 -9.98571 
10.7078 -10.9778 -37.0927 -9.9129 
10.7236 -10.1852 -36.5147 -9.77885 
10.7393 -9.41675 -35.9336 -9.58439 
10.755 -8.67335 -35.3548 -9.33072 
10.7707 -7.95549 -34.7832 -9.01941 
10.7864 -7.26332 -34.2241 -8.65238 
10.8022 -6.59668 -33.6824 -8.2319 
10.8179 -5.95511 -33.1629 -7.76056 
10.8336 -5.33781 -32.6702 -7.24128 
10.8493 -4.74372 -32.2085 -6.67727 
10.8651 -4.17146 -31.7819 -6.07201 
10.8808 -3.61943 -31.3942 -5.42924 
10.8965 -3.08577 -31.0488 -4.75292 
10.9122 -2.56839 -30.7485 -4.04725 
10.928 -2.06505 -30.4962 -3.31657 
10.9437 -1.5733 -30.2938 -2.5654 
10.9594 -1.09059 -30.1433 -1.79839 
10.9751 -0.614248 -30.0459 -1.02026 
10.9909 -0.141526 -30.0024 -0.235833 
11.0066 0.330357 -30.0133 0.550051 
11.0223 0.804196 -30.0784 1.33254 
11.038 1.28276 -30.1972 2.10679 
11.0538 1.76877 -30.3686 2.86803 
11.0695 2.26486 -30.5912 3.61155 
11.0852 2.77353 -30.863 4.33277 
11.1009 3.29716 -31.1817 5.02721 
11.1166 3.83793 -31.5444 5.6906 
11.1324 4.39784 -31.9481 6.31883 
11.1481 4.97865 -32.3892 6.90803 
11.1638 5.58188 -32.8638 7.45455 
11.1795 6.20877 -33.3678 7.95502 
11.1953 6.8603 -33.8967 8.40635 
11.211 7.53711 -34.446 8.80574 
11.2267 8.23955 -35.0106 9.15074 
11.2424 8.96767 -35.5857 9.4392 
11.2582 9.72116 -36.1661 9.66936 
11.2739 10.4994 -36.7465 9.83978 
11.2896 11.3014 -37.3218 9.94941 
11.3053 12.126 -37.8867 9.99758 
11.3211 12.9715 -38.4359 9.98398 
11.3368 13.836 -38.9645 9.90871 
11.3525 14.7174 -39.4674 9.77223 
11.3682 15.6131 -39.9398 9.57537 
11.3839 16.5206 -40.3772 9.31937 
11.3997 17.4368 -40.7751 9.00579 
11.4154 18.3586 -41.1295 8.63657 
11.4311 19.2826 -41.4366 8.214 
11.4468 20.2054 -41.693 7.74069 
11.4626 21.1233 -41.8955 7.21956 
11.4783 22.0327 -42.0415 6.65383 
11.494 22.9298 -42.1286 6.04699 
11.5097 23.8108 -42.155 5.4028 
11.5255 24.672 -42.1191 4.72523 
11.5412 25.5096 -42.0199 4.01847 
11.5569 26.3201 -41.8569 3.28688 
11.5726 27.0999 -41.6298 2.53499 
11.5884 27.8456 -41.3389 1.76744 
11.6041 28.5541 -40.9849 0.988973 
11.6198 29.2224 -40.569 0.204394 
11.6355 29.8478 -40.0926 -0.581448 
11.6513 30.4279 -39.5577 -1.3637 
11.667 30.9604 -38.9666 -2.13752 
11.6827 31.4436 -38.3219 -2.89814 
11.6984 31.876 -37.6265 -3.64086 
11.7141 32.2565 -36.8838 -4.36109 
11.7299 32.5843 -36.0972 -5.05437 
11.7456 32.8591 -35.2704 -5.71643 
11.7613 33.0809 -34.4075 -6.34317 
11.777 33.2501 -33.5125 -6.93073 
11.7928 33.3676 -32.5897 -7.47547 
11.8085 33.4345 -31.6434 -7.97404 
11.8242 33.4526 -30.6779 -8.42334 
11.8399 33.4239 -29.6977 -8.8206 
11.8557 33.3506 -28.707 -9.16338 
11.8714 33.2356 -27.7103 -9.44954 
11.8871 33.0819 -26.7118 -9.67733 
11.9028 32.8929 -25.7154 -9.84533 
11.9186 32.6723 -24.7252 -9.95252 
11.9343 32.4239 -23.7448 -9.99822 
11.95 32.1521 -22.7778 -9.98215 
11.9657 31.861 -21.8275 -9.90442 
11.9814 31.5552 -20.8967 -9.76551 
11.9972 31.2395 -19.9882 -9.56626 
12.0129 30.9184 -19.1043 -9.30792 
12.0286 30.5968 -18.2472 -8.99207 
12.0443 30.2795 -17.4184 -8.62068 
12.0601 29.9712 -16.6195 -8.19603 
12.0758 29.6766 -15.8512 -7.72074 
12.0915 29.4004 -15.1144 -7.19777 
12.1072 29.1469 -14.4093 -6.63032 
12.123 28.9203 -13.7357 -6.02192 
12.1387 28.7248 -13.0934 -5.37631 
12.1544 28.5641 -12.4815 -4.69749 
12.1701 28.4416 -11.899 -3.98965 
12.1859 28.3605 -11.3444 -3.25717 
12.2016 28.3237 -10.8163 -2.50456 
12.2173 28.3335 -10.3126 -1.73648 
12.233 28.3921 -9.83113 -0.957675 
12.2488 28.5009 -9.36962 -0.172952 
12.2645 28.6612 -8.92548 0.61284 
12.2802 28.8737 -8.49603 1.39485 
12.2959 29.1388 -8.07843 2.16823 
12.3116 29.4562 -7.66979 2.92823 
12.3274 29.8253 -7.26714 3.67013 
12.3431 30.2449 -6.86748 4.38936 
12.3588 30.7137 -6.46785 5.08148 
12.3745 31.2295 -6.06529 5.7422 
12.3903 31.7899 -5.65696 6.36745 
12.406 32.392 -5.2401 6.95337 
12.4217 33.0328 -4.81207 7.49633 
12.4374 33.7085 -4.37043 7.99297 
12.4532 34.4152 -3.9129 8.44024 
12.4689 35.1487 -3.43743 8.83537 
12.4846 35.9044 -2.94222 9.17592 
12.5003 36.6776 -2.4257 9.45978 
12.5161 37.4632 -1.88658 9.68521 
12.5318 38.2561 -1.32389 9.8508 
12.5475 39.051 -0.736919 9.95553 
12.5632 39.8426 -0.125295 9.99876 
12.5789 40.6253 0.511051 9.98023 
12.5947 41.3938 1.17187 9.90004 
12.6104 42.1427 1.85659 9.75869 
12.6261 42.8666 2.56433 9.55705 
12.6418 43.5604 3.29392 9.29638 
12.6576 44.219 4.04387 8.97827 
12.6733 44.8375 4.81243 8.6047 
12.689 45.4114 5.59756 8.17797 
12.7047 45.9363 6.39701 7.70072 
12.7205 46.4082 7.20828 7.1759 
12.7362 46.8234 8.02868 6.60675 
12.7519 47.1785 8.85533 5.99678 
12.7676 47.4707 9.68524 5.34977 
12.7834 47.6974 10.5153 4.66971 
12.7991 47.8564 11.3422 3.9608 
12.8148 47.9462 12.1627 3.22742 
12.8305 47.9655 12.9737 2.4741 
12.8463 47.9136 13.7716 1.7055 
12.862 47.7902 14.5534 0.926367 
12.8777 47.5954 15.3159 0.141508 
12.8934 47.33 16.056 -0.644225 
12.9091 46.995 16.7708 -1.42598 
12.9249 46.592 17.4576 -2.19892 
12.9406 46.123 18.1139 -2.95828 
12.9563 45.5903 18.7373 -3.69937 
12.972 44.9967 19.3258 -4.4176 
12.9878 44.3454 19.8777 -5.10854 
13.0035 43.6398 20.3914 -5.76792 
13.0192 42.8838 20.8658 -6.39167 
13.0349 42.0814 21.3 -6.97593 
13.0507 41.2368 21.6937 -7.5171 
13.0664 40.3546 22.0465 -8.01183 
13.0821 39.4395 22.3589 -8.45707 
13.0978 38.4963 22.6312 -8.85006 
13.1136 37.5299 22.8646 -9.18838 
13.1293 36.5451 23.0603 -9.46993 
13.145 35.5471 23.2199 -9.69299 
13.1607 34.5406 23.3454 -9.85616 
13.1764 33.5305 23.4391 -9.95844 
13.1922 32.5217 23.5036 -9.99921 
13.2079 31.5186 23.5419 -9.9782 
13.2236 30.5258 23.557 -9.89555 
13.2393 29.5474 23.5524 -9.75177 
13.2551 28.5874 23.5317 -9.54775 
13.2708 27.6495 23.4986 -9.28474 
13.2865 26.7371 23.4571 -8.96438 
13.3022 25.8532 23.4112 -8.58863 
13.318 25.0007 23.365 -8.15983 
13.3337 24.1818 23.3227 -7.68062 
13.3494 23.3986 23.2885 -7.15396 
13.3651 22.6526 23.2664 -6.58311 
13.3809 21.9452 23.2605 -5.97159 
13.3966 21.277 23.2748 -5.32317 
13.4123 20.6486 23.3131 -4.64188 
13.428 20.0599 23.379 -3.9319 
13.4438 19.5106 23.4758 -3.19764 
13.4595 19 23.6068 -2.44362 
13.4752 18.5269 23.7749 -1.67451 
13.4909 18.0899 23.9826 -0.895051 
13.5066 17.6873 24.2321 -0.110064 
13.5224 17.3169 24.5254 0.675604 
13.5381 16.9765 24.8639 1.4571 
13.5538 16.6633 25.2488 2.22959 
13.5695 16.3746 25.6807 2.98831 
13.5853 16.1073 26.1599 3.72856 
13.601 15.8582 26.6863 4.44579 
13.6167 15.6241 27.2593 5.13555 
13.6324 15.4014 27.8778 5.79358 
13.6482 15.1867 28.5404 6.41582 
13.6639 14.9766 29.2453 6.99843 
13.6796 14.7675 29.99 7.5378 
13.6953 14.5559 30.772 8.03061 
13.7111 14.3386 31.5881 8.47381 
13.7268 14.1122 32.435 8.86466 
13.7425 13.8737 33.3087 9.20074 
13.7582 13.6201 34.2053 9.47999 
13.7739 13.3486 35.1204 9.70067 
13.7897 13.0567 36.0493 9.86142 
13.8054 12.7422 36.9873 9.96126 
13.8211 12.4031 37.9292 9.99955 
13.8368 12.0376 38.87 9.97608 
13.8526 11.6444 39.8044 9.89097 
13.8683 11.2222 40.7271 9.74476 
13.884 10.7704 41.6327 9.53835 
13.8997 10.2885 42.516 9.27302 
13.9155 9.77638 43.3717 8.9504 
13.9312 9.23419 44.1946 8.57248 
13.9469 8.66249 44.9798 8.14161 
13.9626 8.06212 45.7225 7.66044 
13.9784 7.43423 46.4181 7.13195 
13.9941 6.78026 47.0622 6.5594 
14.0098 6.10193 47.6509 5.94633 
14.0255 5.40122 48.1803 5.29653 
14.0413 4.68034 48.6473 4.614 
14.057 3.94171 49.0488 3.90297 
14.0727 3.18794 49.3822 3.16783 
14.0884 2.42181 49.6454 2.41312 
14.1041 1.6462 49.8368 1.6435 
14.1199 0.864113 49.9552 0.863725 
14.1356 0.0786179 49.9996 0.0786176 
14.1513 -0.707188 49.97 -0.706976 
14.167 -1.4902 49.8664 -1.4882 
14.1828 -2.26735 49.6895 -2.26023 
14.1985 -3.03562 49.4405 -3.0183 
14.2142 -3.79208 49.121 -3.75773 
14.2299 -4.53395 48.7329 -4.47394 
14.2457 -5.25859 48.2788 -5.16251 
14.2614 -5.96351 47.7616 -5.81918 
14.2771 -6.64648 47.1845 -6.43991 
14.2928 -7.30547 46.5512 -7.02086 
14.3086 -7.9387 45.8656 -7.55843 
14.3243 -8.54467 45.1319 -8.04931 
14.34 -9.12219 44.3548 -8.49046 
14.3557 -9.67033 43.539 -8.87917 
14.3714 -10.1885 42.6895 -9.21302 
14.3872 -10.6765 41.8113 -9.48995 
14.4029 -11.1343 40.9097 -9.70826 
14.4186 -11.5623 39.99 -9.86659 
14.4343 -11.9612 39.0576 -9.96397 
14.4501 -12.3322 38.1176 -9.9998 
14.4658 -12.6764 37.1755 -9.97385 
14.4815 -12.9957 36.2363 -9.88629 
14.4972 -13.2919 35.3052 -9.73765 
14.513 -13.5673 34.387 -9.52886 
14.5287 -13.8243 33.4864 -9.2612 
14.5444 -14.0656 32.6077 -8.93633 
14.5601 -14.2942 31.7552 -8.55625 
14.5759 -14.513 30.9326 -8.12331 
14.5916 -14.7255 30.1435 -7.64019 
14.6073 -14.9348 29.3911 -7.10987 
14.623 -15.1445 28.6781 -6.53563 
14.6388 -15.3579 28.0069 -5.92102 
14.6545 -15.5787 27.3794 -5.26983 
14.6702 -15.8103 26.7972 -4.58608 
14.6859 -16.0561 26.2614 -3.874 
14.7016 -16.3195 25.7727 -3.13798 
14.7174 -16.6037 25.3314 -2.38259 
14.7331 -16.9118 24.9371 -1.61247 
14.7488 -17.2465 24.5894 -0.832391 
14.7645 -17.6107 24.2872 -0.0471709 
14.7803 -18.0067 24.0291 0.738341 
14.796 -18.4367 23.8132 1.51929 
14.8117 -18.9024 23.6374 2.29086 
14.8274 -19.4054 23.4992 3.04827 
14.8432 -19.9469 23.3957 3.78685 
14.8589 -20.5277 23.3239 4.50204 
14.8746 -21.1481 23.2804 5.18941 
14.8903 -21.8084 23.2616 5.84473 
14.9061 -22.508 23.2638 6.46394 
14.9218 -23.2464 23.2829 7.04322 
14.9375 -24.0222 23.3151 7.57898 
14.9532 -24.8341 23.3561 8.06793 
14.9689 -25.6801 23.4018 8.50704 
14.9847 -26.5579 23.4481 8.89359 
15.0004 -27.4648 23.4908 9.2252 
15.0161 -28.3979 23.5259 9.49982 
15.0318 -29.3538 23.5494 9.71575 
15.0476 -30.3288 23.5575 9.87166 
15.0633 -31.3191 23.5466 9.96659 
15.079 -32.3205 23.5133 9.99995 
15.0947 -33.3285 23.4542 9.97153 
15.1105 -34.3387 23.3666 9.88151 
15.1262 -35.3463 23.2476 9.73045 
15.1419 -36.3464 23.095 9.51927 
15.1576 -37.3342 22.9067 9.24929 
15.1734 -38.3047 22.681 8.92217 
15.1891 -39.253 22.4165 8.53993 
15.2048 -40.1741 22.1122 8.10493 
15.2205 -41.0632 21.7675 7.61987 
15.2363 -41.9157 21.382 7.08773 
15.252 -42.7269 20.9559 6.5118 
15.2677 -43.4925 20.4894 5.89565 
15.2834 -44.2085 19.9835 5.24307 
15.2991 -44.871 19.4392 4.55811 
15.3149 -45.4763 18.8579 3.84499 
15.3306 -46.0214 18.2413 3.10811 
15.3463 -46.5034 17.5914 2.35203 
15.362 -46.9198 16.9105 1.58143 
15.3778 -47.2685 16.2011 0.801049 
15.3935 -47.548 15.4658 0.0157237 
15.4092 -47.7569 14.7076 -0.769699 
15.4249 -47.8946 13.9294 -1.55037 
15.4407 -47.9609 13.1344 -2.32146 
15.4564 -47.9558 12.3258 -3.0782 
15.4721 -47.88 11.5069 -3.81594 
15.4878 -47.7347 10.681 -4.5301 
15.5036 -47.5214 9.85133 -5.21627 
15.5193 -47.2421 9.02115 -5.87022 
15.535 -46.8993 8.1936 -6.4879 
15.5507 -46.4959 7.37172 -7.06551 
15.5665 -46.035 6.5584 -7.59946 
15.5822 -45.5204 5.75638 -8.08647 
15.5979 -44.956 4.9682 -8.52352 
15.6136 -44.346 4.19615 -8.90792 
15.6293 -43.6951 3.44233 -9.23729 
15.6451 -43.008 2.70855 -9.50959 
15.6608 -42.2897 1.99633 -9.72315 
15.6765 -41.5453 1.30692 -9.87664 
15.6922 -40.7803 0.64127 -9.96911 
15.708 -40 1.29564e-11 -10 
