PARAMETRIC_CURVE_CARTESIAN_3D
Curve from points
t1: 0
t2: 1
NumPoints: 1000
0 50 -50 20 
0.001001 48.2649 -49.6106 20.9155 
0.002002 46.5705 -49.2179 21.8086 
0.003003 44.9167 -48.8221 22.6793 
0.004004 43.3032 -48.4232 23.5277 
0.00500501 41.7299 -48.0214 24.3538 
0.00600601 40.1967 -47.6167 25.1578 
0.00700701 38.7034 -47.2092 25.9397 
0.00800801 37.2498 -46.7989 26.6996 
0.00900901 35.8359 -46.3861 27.4376 
0.01001 34.4615 -45.9707 28.1537 
0.011011 33.1264 -45.5528 28.848 
0.012012 31.8304 -45.1326 29.5206 
0.013013 30.5735 -44.71 30.1716 
0.014014 29.3554 -44.2853 30.801 
0.015015 28.1761 -43.8584 31.4089 
0.016016 27.0353 -43.4296 31.9955 
0.017017 25.933 -42.9987 32.5606 
0.018018 24.8689 -42.566 33.1045 
0.019019 23.8429 -42.1315 33.6272 
0.02002 22.8549 -41.6954 34.1288 
0.021021 21.9047 -41.2576 34.6094 
0.022022 20.9922 -40.8183 35.069 
0.023023 20.1173 -40.3775 35.5077 
0.024024 19.2796 -39.9354 35.9256 
0.025025 18.4793 -39.492 36.3227 
0.026026 17.7159 -39.0475 36.6992 
0.027027 16.9895 -38.6018 37.055 
0.028028 16.2999 -38.1552 37.3904 
0.029029 15.6469 -37.7076 37.7053 
0.03003 15.0303 -37.2592 37.9998 
0.031031 14.4501 -36.81 38.2741 
0.032032 13.906 -36.3601 38.5281 
0.033033 13.398 -35.9096 38.762 
0.034034 12.9258 -35.4587 38.9758 
0.035035 12.4894 -35.0073 39.1696 
0.036036 12.0885 -34.5556 39.3434 
0.037037 11.723 -34.1037 39.4975 
0.038038 11.3929 -33.6515 39.6317 
0.039039 11.0978 -33.1994 39.7463 
0.04004 10.8377 -32.7472 39.8412 
0.041041 10.6124 -32.2951 39.9166 
0.042042 10.4218 -31.8432 39.9725 
0.043043 10.2657 -31.3915 40.0089 
0.044044 10.144 -30.9402 40.0261 
0.045045 10.0565 -30.4894 40.024 
0.046046 10.003 -30.039 40.0027 
0.047047 9.98348 -29.5893 39.9624 
0.048048 9.99739 -29.1401 39.9032 
0.049049 10.0443 -28.6914 39.8254 
0.0500501 10.1237 -28.2433 39.7293 
0.0510511 10.2352 -27.7955 39.6151 
0.0520521 10.3783 -27.3482 39.4831 
0.0530531 10.5524 -26.9012 39.3336 
0.0540541 10.7572 -26.4545 39.1669 
0.0550551 10.9921 -26.0081 38.9832 
0.0560561 11.2566 -25.562 38.7827 
0.0570571 11.5504 -25.116 38.5658 
0.0580581 11.8729 -24.6701 38.3327 
0.0590591 12.2236 -24.2244 38.0837 
0.0600601 12.6021 -23.7786 37.819 
0.0610611 13.0078 -23.3329 37.539 
0.0620621 13.4404 -22.8872 37.2438 
0.0630631 13.8993 -22.4414 36.9337 
0.0640641 14.3841 -21.9954 36.6091 
0.0650651 14.8943 -21.5493 36.2702 
0.0660661 15.4293 -21.103 35.9172 
0.0670671 15.9889 -20.6564 35.5504 
0.0680681 16.5723 -20.2096 35.17 
0.0690691 17.1793 -19.7623 34.7765 
0.0700701 17.8092 -19.3147 34.3699 
0.0710711 18.4617 -18.8667 33.9506 
0.0720721 19.1363 -18.4182 33.5189 
0.0730731 19.8324 -17.9692 33.0749 
0.0740741 20.5496 -17.5197 32.6191 
0.0750751 21.2875 -17.0695 32.1516 
0.0760761 22.0455 -16.6187 31.6727 
0.0770771 22.8232 -16.1672 31.1826 
0.0780781 23.6201 -15.715 30.6817 
0.0790791 24.4357 -15.2619 30.1703 
0.0800801 25.2695 -14.8081 29.6485 
0.0810811 26.1212 -14.3534 29.1166 
0.0820821 26.9901 -13.8979 28.575 
0.0830831 27.8759 -13.4413 28.0238 
0.0840841 28.778 -12.9838 27.4634 
0.0850851 29.696 -12.5252 26.894 
0.0860861 30.6294 -12.0656 26.3159 
0.0870871 31.5777 -11.6048 25.7293 
0.0880881 32.5404 -11.1429 25.1345 
0.0890891 33.5172 -10.6797 24.5318 
0.0900901 34.5074 -10.2154 23.9214 
0.0910911 35.5106 -9.74966 23.3037 
0.0920921 36.5264 -9.28264 22.6788 
0.0930931 37.5542 -8.81423 22.0471 
0.0940941 38.5936 -8.34439 21.4088 
0.0950951 39.6442 -7.87309 20.7641 
0.0960961 40.7054 -7.40027 20.1134 
0.0970971 41.7767 -6.92589 19.4569 
0.0980981 42.8578 -6.44992 18.7949 
0.0990991 43.948 -5.9723 18.1276 
0.1001 45.047 -5.49299 17.4554 
0.101101 46.1542 -5.01196 16.7784 
0.102102 47.2693 -4.52915 16.097 
0.103103 48.3916 -4.04452 15.4113 
0.104104 49.5208 -3.55804 14.7218 
0.105105 50.6563 -3.06964 14.0286 
0.106106 51.7978 -2.57931 13.3319 
0.107107 52.9446 -2.08698 12.6322 
0.108108 54.0963 -1.59261 11.9296 
0.109109 55.2526 -1.09617 11.2245 
0.11011 56.4128 -0.597612 10.517 
0.111111 57.5765 -0.096886 9.8074 
0.112112 58.7432 0.406048 9.09605 
0.113113 59.9125 0.911234 8.38318 
0.114114 61.0838 1.41871 7.66904 
0.115115 62.2568 1.92853 6.95392 
0.116116 63.4309 2.44073 6.23808 
0.117117 64.6056 2.95536 5.52177 
0.118118 65.7806 3.47245 4.80528 
0.119119 66.9552 3.99206 4.08886 
0.12012 68.129 4.51422 3.37278 
0.121121 69.3016 5.03898 2.65732 
0.122122 70.4725 5.56638 1.94273 
0.123123 71.6411 6.09647 1.22928 
0.124124 72.8071 6.62929 0.517234 
0.125125 73.9699 7.16488 -0.193132 
0.126126 75.1291 7.70329 -0.901555 
0.127127 76.2842 8.24455 -1.60777 
0.128128 77.4347 8.78872 -2.31151 
0.129129 78.5801 9.33584 -3.01251 
0.13013 79.72 9.88594 -3.7105 
0.131131 80.854 10.4391 -4.40521 
0.132132 81.9814 10.9953 -5.09638 
0.133133 83.1018 11.5546 -5.78375 
0.134134 84.2149 12.1171 -6.46704 
0.135135 85.32 12.6828 -7.14598 
0.136136 86.4167 13.2518 -7.82032 
0.137137 87.5046 13.824 -8.48978 
0.138138 88.5831 14.3996 -9.15411 
0.139139 89.6518 14.9786 -9.81302 
0.14014 90.7102 15.561 -10.4663 
0.141141 91.7579 16.1468 -11.1136 
0.142142 92.7943 16.7362 -11.7546 
0.143143 93.819 17.3291 -12.3893 
0.144144 94.8315 17.9257 -13.0171 
0.145145 95.8313 18.5258 -13.638 
0.146146 96.818 19.1297 -14.2516 
0.147147 97.7911 19.7372 -14.8576 
0.148148 98.7501 20.3486 -15.4559 
0.149149 99.6945 20.9638 -16.046 
0.15015 100.624 21.5828 -16.6279 
0.151151 101.538 22.2057 -17.2011 
0.152152 102.436 22.8326 -17.7654 
0.153153 103.317 23.4634 -18.3206 
0.154154 104.181 24.0983 -18.8664 
0.155155 105.028 24.7373 -19.4025 
0.156156 105.857 25.3804 -19.9287 
0.157157 106.668 26.0276 -20.4447 
0.158158 107.46 26.6791 -20.9502 
0.159159 108.233 27.3348 -21.4449 
0.16016 108.985 27.9948 -21.9287 
0.161161 109.718 28.6591 -22.4012 
0.162162 110.429 29.3278 -22.8621 
0.163163 111.12 30.0009 -23.3112 
0.164164 111.789 30.6785 -23.7483 
0.165165 112.435 31.3606 -24.173 
0.166166 113.059 32.0473 -24.5851 
0.167167 113.66 32.7386 -24.9843 
0.168168 114.237 33.4345 -25.3704 
0.169169 114.79 34.135 -25.7431 
0.17017 115.319 34.8404 -26.1021 
0.171171 115.822 35.5504 -26.4472 
0.172172 116.3 36.2653 -26.778 
0.173173 116.752 36.9851 -27.0944 
0.174174 117.178 37.7097 -27.3961 
0.175175 117.576 38.4393 -27.6827 
0.176176 117.948 39.1739 -27.9541 
0.177177 118.291 39.9135 -28.2099 
0.178178 118.606 40.6582 -28.4499 
0.179179 118.892 41.408 -28.6739 
0.18018 119.149 42.163 -28.8815 
0.181181 119.376 42.9232 -29.0725 
0.182182 119.572 43.6886 -29.2466 
0.183183 119.738 44.4593 -29.4036 
0.184184 119.873 45.2354 -29.5432 
0.185185 119.976 46.0168 -29.6651 
0.186186 120.047 46.8036 -29.769 
0.187187 120.085 47.596 -29.8548 
0.188188 120.09 48.3938 -29.9221 
0.189189 120.062 49.1972 -29.9706 
0.19019 119.999 50.0061 -30.0002 
0.191191 119.902 50.8207 -30.0105 
0.192192 119.772 51.6405 -30.002 
0.193193 119.607 52.4651 -29.975 
0.194194 119.411 53.2943 -29.9298 
0.195195 119.182 54.1275 -29.8668 
0.196196 118.921 54.9645 -29.7864 
0.197197 118.63 55.8048 -29.689 
0.198198 118.308 56.648 -29.5749 
0.199199 117.957 57.4938 -29.4445 
0.2002 117.576 58.3418 -29.2982 
0.201201 117.167 59.1916 -29.1364 
0.202202 116.73 60.0428 -28.9594 
0.203203 116.266 60.895 -28.7676 
0.204204 115.776 61.7479 -28.5613 
0.205205 115.259 62.601 -28.341 
0.206206 114.717 63.454 -28.1071 
0.207207 114.15 64.3065 -27.8598 
0.208208 113.558 65.1582 -27.5995 
0.209209 112.943 66.0085 -27.3267 
0.21021 112.306 66.8572 -27.0417 
0.211211 111.645 67.7038 -26.7449 
0.212212 110.963 68.548 -26.4366 
0.213213 110.26 69.3894 -26.1173 
0.214214 109.536 70.2276 -25.7872 
0.215215 108.792 71.0623 -25.4468 
0.216216 108.029 71.8929 -25.0965 
0.217217 107.247 72.7193 -24.7365 
0.218218 106.447 73.5409 -24.3673 
0.219219 105.63 74.3573 -23.9893 
0.22022 104.795 75.1683 -23.6028 
0.221221 103.944 75.9734 -23.2083 
0.222222 103.078 76.7723 -22.8059 
0.223223 102.196 77.5645 -22.3963 
0.224224 101.3 78.3496 -21.9796 
0.225225 100.389 79.1273 -21.5563 
0.226226 99.466 79.8973 -21.1268 
0.227227 98.5299 80.659 -20.6914 
0.228228 97.5816 81.4122 -20.2505 
0.229229 96.622 82.1565 -19.8045 
0.23023 95.6514 82.8914 -19.3538 
0.231231 94.6706 83.6165 -18.8987 
0.232232 93.6801 84.3316 -18.4395 
0.233233 92.6806 85.0362 -17.9767 
0.234234 91.6726 85.7299 -17.5107 
0.235235 90.6568 86.4124 -17.0418 
0.236236 89.6338 87.0832 -16.5703 
0.237237 88.6042 87.742 -16.0967 
0.238238 87.5685 88.3884 -15.6214 
0.239239 86.5275 89.0219 -15.1446 
0.24024 85.4816 89.6424 -14.6668 
0.241241 84.4316 90.2492 -14.1884 
0.242242 83.378 90.8421 -13.7096 
0.243243 82.3214 91.4207 -13.231 
0.244244 81.2624 91.9846 -12.7528 
0.245245 80.2016 92.5334 -12.2754 
0.246246 79.1397 93.0667 -11.7993 
0.247247 78.0773 93.5841 -11.3247 
0.248248 77.0149 94.0853 -10.8521 
0.249249 75.9532 94.5699 -10.3817 
0.25025 74.8927 95.0375 -9.91413 
0.251251 73.8342 95.4876 -9.44958 
0.252252 72.7781 95.92 -8.98846 
0.253253 71.7251 96.3342 -8.53116 
0.254254 70.6758 96.7298 -8.07804 
0.255255 69.6308 97.1066 -7.62947 
0.256256 68.5907 97.464 -7.18582 
0.257257 67.5562 97.8017 -6.74748 
0.258258 66.5278 98.1193 -6.31481 
0.259259 65.5061 98.4164 -5.88818 
0.26026 64.4917 98.6927 -5.46796 
0.261261 63.4853 98.9478 -5.05453 
0.262262 62.4875 99.1812 -4.64827 
0.263263 61.4988 99.3926 -4.24953 
0.264264 60.5199 99.5817 -3.8587 
0.265265 59.5514 99.7479 -3.47614 
0.266266 58.5938 99.891 -3.10223 
0.267267 57.6478 100.011 -2.73735 
0.268268 56.7141 100.106 -2.38185 
0.269269 55.7931 100.178 -2.03612 
0.27027 54.8856 100.224 -1.70053 
0.271271 53.992 100.246 -1.37545 
0.272272 53.1131 100.242 -1.06125 
0.273273 52.2495 100.212 -0.758305 
0.274274 51.4016 100.156 -0.466986 
0.275275 50.5703 100.074 -0.187665 
0.276276 49.7559 99.964 0.0792873 
0.277277 48.959 99.8273 0.333705 
0.278278 48.1792 99.6638 0.57576 
0.279279 47.4166 99.4736 0.80566 
0.28028 46.6707 99.2572 1.02361 
0.281281 45.9415 99.0148 1.22982 
0.282282 45.2288 98.7467 1.42449 
0.283283 44.5324 98.4533 1.60784 
0.284284 43.8521 98.1348 1.78006 
0.285285 43.1877 97.7915 1.94136 
0.286286 42.539 97.4237 2.09195 
0.287287 41.9058 97.0318 2.23204 
0.288288 41.2879 96.616 2.36184 
0.289289 40.6852 96.1767 2.48154 
0.29029 40.0974 95.714 2.59136 
0.291291 39.5245 95.2284 2.69149 
0.292292 38.966 94.7201 2.78216 
0.293293 38.422 94.1895 2.86357 
0.294294 37.8922 93.6368 2.93591 
0.295295 37.3763 93.0623 2.9994 
0.296296 36.8743 92.4664 3.05425 
0.297297 36.386 91.8492 3.10066 
0.298298 35.911 91.2113 3.13883 
0.299299 35.4493 90.5527 3.16898 
0.3003 35.0007 89.8739 3.19131 
0.301301 34.5649 89.1751 3.20603 
0.302302 34.1418 88.4566 3.21334 
0.303303 33.7312 87.7188 3.21344 
0.304304 33.3329 86.9619 3.20656 
0.305305 32.9467 86.1863 3.19289 
0.306306 32.5724 85.3921 3.17263 
0.307307 32.2099 84.5799 3.146 
0.308308 31.8589 83.7497 3.11321 
0.309309 31.5193 82.902 3.07445 
0.31031 31.1908 82.037 3.02993 
0.311311 30.8732 81.1551 2.97987 
0.312312 30.5665 80.2564 2.92446 
0.313313 30.2704 79.3415 2.86392 
0.314314 29.9846 78.4104 2.79845 
0.315315 29.7091 77.4636 2.72826 
0.316316 29.4436 76.5014 2.65355 
0.317317 29.188 75.5239 2.57453 
0.318318 28.9419 74.5316 2.49141 
0.319319 28.7054 73.5248 2.40439 
0.32032 28.4781 72.5036 2.31367 
0.321321 28.2598 71.4686 2.21948 
0.322322 28.0505 70.4198 2.122 
0.323323 27.8499 69.3577 2.02146 
0.324324 27.6577 68.2825 1.91805 
0.325325 27.4739 67.1946 1.81198 
0.326326 27.2982 66.0942 1.70346 
0.327327 27.1305 64.9817 1.5927 
0.328328 26.9705 63.8573 1.47989 
0.329329 26.818 62.7213 1.36525 
0.33033 26.673 61.574 1.24899 
0.331331 26.5351 60.4159 1.13131 
0.332332 26.4041 59.247 1.01241 
0.333333 26.28 58.0678 0.892507 
0.334334 26.1625 56.8785 0.771803 
0.335335 26.0515 55.6795 0.650505 
0.336336 25.9466 54.471 0.52882 
0.337337 25.8478 53.2534 0.406954 
0.338338 25.7549 52.0268 0.285114 
0.339339 25.6676 50.7918 0.163505 
0.34034 25.5858 49.5485 0.0423344 
0.341341 25.5092 48.2972 -0.0781911 
0.342342 25.4378 47.0382 -0.197865 
0.343343 25.3712 45.772 -0.316482 
0.344344 25.3094 44.4986 -0.433834 
0.345345 25.2521 43.2185 -0.549716 
0.346346 25.1992 41.9319 -0.66392 
0.347347 25.1503 40.6392 -0.776241 
0.348348 25.1055 39.3406 -0.886472 
0.349349 25.0644 38.0365 -0.994407 
0.35035 25.0269 36.7271 -1.09984 
0.351351 24.9927 35.4128 -1.20256 
0.352352 24.9618 34.0938 -1.30237 
0.353353 24.9339 32.7705 -1.39905 
0.354354 24.9087 31.443 -1.49241 
0.355355 24.8863 30.1119 -1.58223 
0.356356 24.8662 28.7773 -1.66831 
0.357357 24.8484 27.4395 -1.75044 
0.358358 24.8327 26.0989 -1.82841 
0.359359 24.8188 24.7557 -1.90203 
0.36036 24.8066 23.4103 -1.97107 
0.361361 24.7959 22.0629 -2.03535 
0.362362 24.7865 20.7139 -2.09464 
0.363363 24.7782 19.3635 -2.14875 
0.364364 24.7708 18.0121 -2.19746 
0.365365 24.7642 16.6599 -2.24057 
0.366366 24.7581 15.3073 -2.27788 
0.367367 24.7524 13.9545 -2.30918 
0.368368 24.7468 12.6019 -2.33425 
0.369369 24.7412 11.2497 -2.3529 
0.37037 24.7353 9.89823 -2.36492 
0.371371 24.7291 8.54784 -2.3701 
0.372372 24.7223 7.1988 -2.36823 
0.373373 24.7147 5.85142 -2.35912 
0.374374 24.7061 4.50598 -2.34254 
0.375375 24.6963 3.1628 -2.3183 
0.376376 24.6852 1.82216 -2.28619 
0.377377 24.6726 0.484381 -2.24601 
0.378378 24.6582 -0.85025 -2.19754 
0.379379 24.6419 -2.18143 -2.14058 
0.38038 24.6234 -3.50886 -2.07492 
0.381381 24.6027 -4.83223 -2.00036 
0.382382 24.5795 -6.15125 -1.91669 
0.383383 24.5536 -7.46562 -1.82371 
0.384384 24.5248 -8.77503 -1.7212 
0.385385 24.493 -10.0792 -1.60896 
0.386386 24.4579 -11.3778 -1.48679 
0.387387 24.4194 -12.6706 -1.35448 
0.388388 24.3772 -13.9572 -1.21182 
0.389389 24.3313 -15.2373 -1.0586 
0.39039 24.2813 -16.5107 -0.894622 
0.391391 24.2271 -17.777 -0.719677 
0.392392 24.1685 -19.036 -0.533558 
0.393393 24.1054 -20.2873 -0.336059 
0.394394 24.0374 -21.5307 -0.126972 
0.395395 23.9646 -22.7658 0.0939072 
0.396396 23.8865 -23.9924 0.326786 
0.397397 23.8032 -25.2101 0.571872 
0.398398 23.7143 -26.4186 0.82937 
0.399399 23.6197 -27.6177 1.09949 
0.4004 23.5192 -28.807 1.38243 
0.401401 23.4125 -29.9863 1.67841 
0.402402 23.2997 -31.1552 1.98762 
0.403403 23.1803 -32.3135 2.31028 
0.404404 23.0543 -33.4608 2.64659 
0.405405 22.9214 -34.5968 2.99676 
0.406406 22.7814 -35.7213 3.36099 
0.407407 22.6343 -36.8339 3.73949 
0.408408 22.4797 -37.9344 4.13247 
0.409409 22.3175 -39.0224 4.54014 
0.41041 22.1475 -40.0977 4.96269 
0.411411 21.9695 -41.1599 5.40034 
0.412412 21.7833 -42.2087 5.8533 
0.413413 21.5888 -43.2438 6.32176 
0.414414 21.3856 -44.2651 6.80594 
0.415415 21.1738 -45.272 7.30604 
0.416416 20.953 -46.2644 7.82227 
0.417417 20.723 -47.2419 8.35484 
0.418418 20.4838 -48.2043 8.90395 
0.419419 20.235 -49.1512 9.4698 
0.42042 19.9766 -50.0823 10.0526 
0.421421 19.7083 -50.9975 10.6524 
0.422422 19.4302 -51.8969 11.2689 
0.423423 19.1423 -52.7807 11.9016 
0.424424 18.8448 -53.6491 12.5501 
0.425425 18.5376 -54.5024 13.2138 
0.426426 18.2209 -55.3407 13.8925 
0.427427 17.8946 -56.1643 14.5855 
0.428428 17.5589 -56.9734 15.2925 
0.429429 17.2138 -57.7683 16.013 
0.43043 16.8593 -58.549 16.7466 
0.431431 16.4956 -59.3159 17.4928 
0.432432 16.1227 -60.0691 18.2512 
0.433433 15.7405 -60.8089 19.0213 
0.434434 15.3493 -61.5355 19.8027 
0.435435 14.9491 -62.2491 20.5949 
0.436436 14.5398 -62.9499 21.3975 
0.437437 14.1217 -63.6382 22.21 
0.438438 13.6946 -64.3141 23.032 
0.439439 13.2588 -64.9778 23.863 
0.44044 12.8142 -65.6297 24.7026 
0.441441 12.3609 -66.2698 25.5504 
0.442442 11.899 -66.8985 26.4059 
0.443443 11.4285 -67.5158 27.2685 
0.444444 10.9494 -68.1222 28.138 
0.445445 10.462 -68.7176 29.0139 
0.446446 9.9661 -69.3025 29.8956 
0.447447 9.46189 -69.8769 30.7828 
0.448448 8.94939 -70.4412 31.675 
0.449449 8.42868 -70.9955 32.5717 
0.45045 7.8998 -71.54 33.4725 
0.451451 7.36282 -72.0749 34.377 
0.452452 6.81779 -72.6005 35.2847 
0.453453 6.26478 -73.117 36.1952 
0.454454 5.70384 -73.6246 37.1079 
0.455455 5.13502 -74.1236 38.0226 
0.456456 4.5584 -74.614 38.9386 
0.457457 3.97402 -75.0962 39.8557 
0.458458 3.38195 -75.5704 40.7732 
0.459459 2.78224 -76.0367 41.6908 
0.46046 2.17496 -76.4954 42.608 
0.461461 1.56016 -76.9467 43.5244 
0.462462 0.937903 -77.3909 44.4396 
0.463463 0.308245 -77.8281 45.353 
0.464464 -0.328755 -78.2586 46.2642 
0.465465 -0.973038 -78.6825 47.1728 
0.466466 -1.62454 -79.1001 48.0784 
0.467467 -2.28322 -79.5116 48.9804 
0.468468 -2.94899 -79.9172 49.8785 
0.469469 -3.62182 -80.3172 50.7721 
0.47047 -4.30164 -80.7117 51.6609 
0.471471 -4.98838 -81.101 52.5444 
0.472472 -5.682 -81.4852 53.4221 
0.473473 -6.38243 -81.8647 54.2937 
0.474474 -7.08961 -82.2395 55.1585 
0.475475 -7.80349 -82.61 56.0163 
0.476476 -8.52401 -82.9763 56.8665 
0.477477 -9.2511 -83.3387 57.7088 
0.478478 -9.98471 -83.6974 58.5425 
0.479479 -10.7248 -84.0525 59.3674 
0.48048 -11.4713 -84.4044 60.183 
0.481481 -12.2241 -84.7531 60.9887 
0.482482 -12.9832 -85.0991 61.7842 
0.483483 -13.7485 -85.4423 62.5691 
0.484484 -14.52 -85.7831 63.3428 
0.485485 -15.2976 -86.1217 64.1049 
0.486486 -16.0813 -86.4584 64.855 
0.487487 -16.8709 -86.7932 65.5926 
0.488488 -17.6665 -87.1264 66.3172 
0.489489 -18.4679 -87.4583 67.0285 
0.49049 -19.2752 -87.7891 67.726 
0.491491 -20.0882 -88.1189 68.4092 
0.492492 -20.9069 -88.448 69.0777 
0.493493 -21.7313 -88.7767 69.731 
0.494494 -22.5612 -89.105 70.3687 
0.495495 -23.3967 -89.4333 70.9903 
0.496496 -24.2376 -89.7618 71.5954 
0.497497 -25.0839 -90.0906 72.1835 
0.498498 -25.9356 -90.42 72.7543 
0.499499 -26.7925 -90.7502 73.3072 
0.500501 -27.6547 -91.0814 73.8417 
0.501502 -28.5221 -91.4139 74.3575 
0.502503 -29.3945 -91.7478 74.8542 
0.503504 -30.272 -92.0834 75.3311 
0.504505 -31.1546 -92.4208 75.788 
0.505506 -32.042 -92.7603 76.2243 
0.506507 -32.9343 -93.1022 76.6396 
0.507508 -33.8314 -93.4466 77.0335 
0.508509 -34.7333 -93.7937 77.4055 
0.50951 -35.6399 -94.1438 77.7551 
0.510511 -36.5511 -94.497 78.082 
0.511512 -37.4669 -94.8537 78.3856 
0.512513 -38.3873 -95.2139 78.6655 
0.513514 -39.312 -95.578 78.9213 
0.514515 -40.2412 -95.9461 79.1525 
0.515516 -41.1748 -96.3184 79.3587 
0.516517 -42.1126 -96.6952 79.5394 
0.517518 -43.0547 -97.0767 79.6942 
0.518519 -44.0009 -97.4631 79.8226 
0.51952 -44.9513 -97.8546 79.9242 
0.520521 -45.9057 -98.2515 79.9985 
0.521522 -46.864 -98.6538 80.0451 
0.522523 -47.8264 -99.062 80.0635 
0.523524 -48.7926 -99.4761 80.0533 
0.524525 -49.7626 -99.8964 80.014 
0.525526 -50.7363 -100.323 79.9453 
0.526527 -51.7133 -100.756 79.8474 
0.527528 -52.6929 -101.194 79.7208 
0.528529 -53.6745 -101.638 79.5659 
0.52953 -54.6573 -102.086 79.3833 
0.530531 -55.6408 -102.539 79.1736 
0.531532 -56.6243 -102.996 78.9372 
0.532533 -57.6072 -103.456 78.6746 
0.533534 -58.5887 -103.919 78.3864 
0.534535 -59.5683 -104.384 78.0731 
0.535536 -60.5454 -104.851 77.7351 
0.536537 -61.5191 -105.32 77.373 
0.537538 -62.489 -105.791 76.9873 
0.538539 -63.4543 -106.261 76.5786 
0.53954 -64.4144 -106.732 76.1473 
0.540541 -65.3687 -107.203 75.6939 
0.541542 -66.3165 -107.673 75.219 
0.542543 -67.2571 -108.142 74.723 
0.543544 -68.1899 -108.61 74.2065 
0.544545 -69.1143 -109.075 73.6701 
0.545546 -70.0295 -109.538 73.1141 
0.546547 -70.9351 -109.998 72.5391 
0.547548 -71.8302 -110.455 71.9457 
0.548549 -72.7142 -110.907 71.3344 
0.54955 -73.5866 -111.356 70.7055 
0.550551 -74.4466 -111.799 70.0598 
0.551552 -75.2936 -112.238 69.3976 
0.552553 -76.127 -112.67 68.7196 
0.553554 -76.9461 -113.097 68.0261 
0.554555 -77.7502 -113.517 67.3178 
0.555556 -78.5387 -113.93 66.5951 
0.556557 -79.311 -114.336 65.8585 
0.557558 -80.0663 -114.733 65.1086 
0.558559 -80.8041 -115.122 64.3459 
0.55956 -81.5237 -115.503 63.5709 
0.560561 -82.2245 -115.874 62.784 
0.561562 -82.9057 -116.235 61.9859 
0.562563 -83.5668 -116.586 61.177 
0.563564 -84.2071 -116.927 60.3578 
0.564565 -84.8259 -117.256 59.5289 
0.565566 -85.4226 -117.574 58.6907 
0.566567 -85.9966 -117.88 57.8439 
0.567568 -86.5472 -118.173 56.9887 
0.568569 -87.0737 -118.453 56.1259 
0.56957 -87.5755 -118.72 55.256 
0.570571 -88.052 -118.974 54.3793 
0.571572 -88.5024 -119.212 53.4965 
0.572573 -88.9262 -119.437 52.608 
0.573574 -89.3227 -119.646 51.7144 
0.574575 -89.6912 -119.839 50.8161 
0.575576 -90.0312 -120.016 49.9138 
0.576577 -90.3421 -120.177 49.0077 
0.577578 -90.624 -120.322 48.0981 
0.578579 -90.8774 -120.45 47.1851 
0.57958 -91.1025 -120.562 46.2688 
0.580581 -91.2996 -120.658 45.3492 
0.581582 -91.4689 -120.739 44.4265 
0.582583 -91.6107 -120.804 43.5007 
0.583584 -91.7254 -120.854 42.572 
0.584585 -91.8131 -120.888 41.6405 
0.585586 -91.8743 -120.907 40.7063 
0.586587 -91.9091 -120.911 39.7694 
0.587588 -91.9179 -120.9 38.83 
0.588589 -91.9009 -120.874 37.8882 
0.58959 -91.8585 -120.834 36.944 
0.590591 -91.7908 -120.779 35.9976 
0.591592 -91.6983 -120.71 35.0491 
0.592593 -91.5811 -120.627 34.0986 
0.593594 -91.4396 -120.53 33.1462 
0.594595 -91.274 -120.419 32.1919 
0.595596 -91.0847 -120.295 31.2359 
0.596597 -90.8719 -120.157 30.2783 
0.597598 -90.6358 -120.005 29.3192 
0.598599 -90.3769 -119.84 28.3587 
0.5996 -90.0953 -119.662 27.3969 
0.600601 -89.7913 -119.471 26.4338 
0.601602 -89.4653 -119.267 25.4696 
0.602603 -89.1175 -119.051 24.5044 
0.603604 -88.7482 -118.822 23.5383 
0.604605 -88.3577 -118.581 22.5714 
0.605606 -87.9463 -118.327 21.6038 
0.606607 -87.5142 -118.061 20.6356 
0.607608 -87.0617 -117.784 19.6669 
0.608609 -86.5892 -117.494 18.6978 
0.60961 -86.0968 -117.193 17.7283 
0.610611 -85.585 -116.88 16.7587 
0.611612 -85.0539 -116.556 15.7889 
0.612613 -84.5039 -116.221 14.8192 
0.613614 -83.9352 -115.875 13.8496 
0.614615 -83.3481 -115.518 12.8801 
0.615616 -82.743 -115.15 11.911 
0.616617 -82.12 -114.771 10.9422 
0.617618 -81.4795 -114.382 9.97401 
0.618619 -80.8218 -113.983 9.00639 
0.61962 -80.1471 -113.573 8.03947 
0.620621 -79.4558 -113.153 7.07335 
0.621622 -78.748 -112.724 6.10815 
0.622623 -78.0242 -112.285 5.14395 
0.623624 -77.2845 -111.836 4.18086 
0.624625 -76.5293 -111.377 3.21899 
0.625626 -75.7588 -110.91 2.25842 
0.626627 -74.9734 -110.433 1.29928 
0.627628 -74.1733 -109.947 0.34164 
0.628629 -73.3587 -109.452 -0.614379 
0.62963 -72.5301 -108.949 -1.56868 
0.630631 -71.6876 -108.437 -2.52117 
0.631632 -70.8316 -107.916 -3.47174 
0.632633 -69.9623 -107.388 -4.42028 
0.633634 -69.08 -106.851 -5.36671 
0.634635 -68.185 -106.306 -6.31092 
0.635636 -67.2777 -105.753 -7.2528 
0.636637 -66.3581 -105.193 -8.19226 
0.637638 -65.4268 -104.625 -9.12919 
0.638639 -64.4839 -104.05 -10.0635 
0.63964 -63.5296 -103.467 -10.9951 
0.640641 -62.5645 -102.877 -11.9238 
0.641642 -61.5885 -102.281 -12.8497 
0.642643 -60.6022 -101.677 -13.7725 
0.643644 -59.6057 -101.067 -14.6921 
0.644645 -58.5994 -100.45 -15.6086 
0.645646 -57.5835 -99.8271 -16.5217 
0.646647 -56.5583 -99.1977 -17.4313 
0.647648 -55.5241 -98.5623 -18.3374 
0.648649 -54.4811 -97.921 -19.2399 
0.64965 -53.4298 -97.2738 -20.1387 
0.650651 -52.3702 -96.6211 -21.0336 
0.651652 -51.3028 -95.9628 -21.9246 
0.652653 -50.2279 -95.2991 -22.8115 
0.653654 -49.1456 -94.6303 -23.6943 
0.654655 -48.0563 -93.9564 -24.5729 
0.655656 -46.9602 -93.2776 -25.4471 
0.656657 -45.8577 -92.594 -26.3169 
0.657658 -44.7491 -91.9058 -27.1821 
0.658659 -43.6345 -91.2131 -28.0427 
0.65966 -42.5144 -90.5161 -28.8985 
0.660661 -41.3889 -89.8149 -29.7495 
0.661662 -40.2584 -89.1096 -30.5955 
0.662663 -39.1232 -88.4005 -31.4365 
0.663664 -37.9835 -87.6877 -32.2723 
0.664665 -36.8396 -86.9712 -33.1029 
0.665666 -35.6918 -86.2513 -33.9281 
0.666667 -34.5404 -85.5281 -34.7478 
0.667668 -33.3857 -84.8017 -35.5621 
0.668669 -32.2279 -84.0724 -36.3706 
0.66967 -31.0674 -83.3401 -37.1734 
0.670671 -29.9044 -82.6052 -37.9703 
0.671672 -28.7392 -81.8677 -38.7613 
0.672673 -27.5721 -81.1277 -39.5462 
0.673674 -26.4034 -80.3855 -40.325 
0.674675 -25.2333 -79.6411 -41.0975 
0.675676 -24.0622 -78.8948 -41.8636 
0.676677 -22.8903 -78.1466 -42.6232 
0.677678 -21.7179 -77.3968 -43.3763 
0.678679 -20.5453 -76.6454 -44.1228 
0.67968 -19.3728 -75.8926 -44.8624 
0.680681 -18.2007 -75.1385 -45.5952 
0.681682 -17.0292 -74.3834 -46.321 
0.682683 -15.8586 -73.6273 -47.0398 
0.683684 -14.6893 -72.8703 -47.7513 
0.684685 -13.5214 -72.1127 -48.4556 
0.685686 -12.3554 -71.3546 -49.1526 
0.686687 -11.1914 -70.5961 -49.842 
0.687688 -10.0297 -69.8374 -50.5239 
0.688689 -8.87068 -69.0787 -51.1981 
0.68969 -7.71459 -68.3199 -51.8645 
0.690691 -6.56169 -67.5614 -52.523 
0.691692 -5.41228 -66.8033 -53.1736 
0.692693 -4.26664 -66.0457 -53.8161 
0.693694 -3.12506 -65.2887 -54.4504 
0.694695 -1.98781 -64.5325 -55.0764 
0.695696 -0.85519 -63.7773 -55.694 
0.696697 0.272527 -63.0231 -56.3031 
0.697698 1.39505 -62.2702 -56.9037 
0.698699 2.51211 -61.5187 -57.4955 
0.6997 3.6234 -60.7687 -58.0786 
0.700701 4.72865 -60.0204 -58.6528 
0.701702 5.82758 -59.274 -59.218 
0.702703 6.91989 -58.5295 -59.7741 
0.703704 8.00532 -57.7871 -60.321 
0.704705 9.08356 -57.047 -60.8586 
0.705706 10.1543 -56.3093 -61.3868 
0.706707 11.2174 -55.5741 -61.9055 
0.707708 12.2724 -54.8417 -62.4146 
0.708709 13.3191 -54.1121 -62.9141 
0.70971 14.3572 -53.3855 -63.4037 
0.710711 15.3864 -52.6621 -63.8834 
0.711712 16.4064 -51.9419 -64.3531 
0.712713 17.417 -51.2252 -64.8127 
0.713714 18.4179 -50.5121 -65.2621 
0.714715 19.4088 -49.8027 -65.7013 
0.715716 20.3893 -49.0971 -66.13 
0.716717 21.3593 -48.3956 -66.5482 
0.717718 22.3184 -47.6983 -66.9557 
0.718719 23.2663 -47.0053 -67.3526 
0.71972 24.2028 -46.3168 -67.7387 
0.720721 25.1276 -45.6328 -68.1139 
0.721722 26.0404 -44.9536 -68.478 
0.722723 26.9408 -44.2794 -68.831 
0.723724 27.8288 -43.6101 -69.1729 
0.724725 28.7038 -42.9461 -69.5034 
0.725726 29.5657 -42.2874 -69.8224 
0.726727 30.4142 -41.6342 -70.13 
0.727728 31.249 -40.9867 -70.426 
0.728729 32.0698 -40.3449 -70.7102 
0.72973 32.8763 -39.709 -70.9826 
0.730731 33.6683 -39.0793 -71.2431 
0.731732 34.4454 -38.4557 -71.4916 
0.732733 35.2074 -37.8385 -71.7279 
0.733734 35.9539 -37.2278 -71.952 
0.734735 36.6848 -36.6238 -72.1638 
0.735736 37.3997 -36.0266 -72.3632 
0.736737 38.0983 -35.4364 -72.5501 
0.737738 38.7804 -34.8532 -72.7243 
0.738739 39.4457 -34.2773 -72.8858 
0.73974 40.0938 -33.7088 -73.0344 
0.740741 40.7245 -33.1479 -73.1701 
0.741742 41.3376 -32.5946 -73.2928 
0.742743 41.9327 -32.0492 -73.4024 
0.743744 42.5095 -31.5117 -73.4987 
0.744745 43.0678 -30.9824 -73.5817 
0.745746 43.6073 -30.4613 -73.6512 
0.746747 44.1277 -29.9487 -73.7072 
0.747748 44.6286 -29.4446 -73.7496 
0.748749 45.11 -28.9492 -73.7782 
0.74975 45.5713 -28.4627 -73.793 
0.750751 46.0124 -27.9852 -73.7939 
0.751752 46.433 -27.5169 -73.7807 
0.752753 46.8328 -27.0579 -73.7533 
0.753754 47.2115 -26.6083 -73.7117 
0.754755 47.5688 -26.1682 -73.6558 
0.755756 47.9045 -25.738 -73.5854 
0.756757 48.2182 -25.3176 -73.5005 
0.757758 48.5097 -24.9072 -73.4009 
0.758759 48.7787 -24.5071 -73.2866 
0.75976 49.0249 -24.1172 -73.1574 
0.760761 49.248 -23.7378 -73.0133 
0.761762 49.4478 -23.3691 -72.8541 
0.762763 49.6239 -23.0111 -72.6798 
0.763764 49.776 -22.664 -72.4902 
0.764765 49.904 -22.328 -72.2852 
0.765766 50.0074 -22.0032 -72.0648 
0.766767 50.0861 -21.6897 -71.8288 
0.767768 50.1397 -21.3877 -71.5772 
0.768769 50.168 -21.0974 -71.3098 
0.76977 50.1706 -20.8188 -71.0266 
0.770771 50.1473 -20.5522 -70.7274 
0.771772 50.0978 -20.2977 -70.4121 
0.772773 50.0218 -20.0554 -70.0806 
0.773774 49.9191 -19.8255 -69.733 
0.774775 49.7899 -19.6078 -69.3691 
0.775776 49.6347 -19.4021 -68.9894 
0.776777 49.4538 -19.2084 -68.594 
0.777778 49.2478 -19.0262 -68.1831 
0.778779 49.017 -18.8555 -67.757 
0.77978 48.762 -18.6961 -67.3157 
0.780781 48.4831 -18.5477 -66.8597 
0.781782 48.1808 -18.4101 -66.389 
0.782783 47.8556 -18.2832 -65.904 
0.783784 47.5078 -18.1667 -65.4047 
0.784785 47.138 -18.0605 -64.8915 
0.785786 46.7466 -17.9642 -64.3645 
0.786787 46.3339 -17.8778 -63.824 
0.787788 45.9005 -17.8011 -63.2702 
0.788789 45.4469 -17.7337 -62.7032 
0.78979 44.9733 -17.6756 -62.1234 
0.790791 44.4804 -17.6265 -61.5309 
0.791792 43.9685 -17.5862 -60.9259 
0.792793 43.438 -17.5545 -60.3086 
0.793794 42.8895 -17.5312 -59.6793 
0.794795 42.3234 -17.5161 -59.0382 
0.795796 41.74 -17.5091 -58.3855 
0.796797 41.1399 -17.5098 -57.7215 
0.797798 40.5235 -17.5181 -57.0462 
0.798799 39.8912 -17.5339 -56.36 
0.7998 39.2434 -17.5568 -55.663 
0.800801 38.5807 -17.5867 -54.9555 
0.801802 37.9035 -17.6235 -54.2377 
0.802803 37.2121 -17.6668 -53.5099 
0.803804 36.5071 -17.7165 -52.7721 
0.804805 35.7889 -17.7724 -52.0246 
0.805806 35.0579 -17.8342 -51.2678 
0.806807 34.3146 -17.9019 -50.5016 
0.807808 33.5594 -17.9751 -49.7265 
0.808809 32.7928 -18.0537 -48.9426 
0.80981 32.0151 -18.1374 -48.15 
0.810811 31.2269 -18.2262 -47.3491 
0.811812 30.4286 -18.3197 -46.5401 
0.812813 29.6207 -18.4178 -45.723 
0.813814 28.8035 -18.5202 -44.8983 
0.814815 27.9775 -18.6268 -44.0661 
0.815816 27.1432 -18.7373 -43.2265 
0.816817 26.301 -18.8516 -42.3799 
0.817818 25.4513 -18.9695 -41.5264 
0.818819 24.5946 -19.0907 -40.6663 
0.81982 23.7313 -19.2151 -39.7997 
0.820821 22.862 -19.3424 -38.9269 
0.821822 21.9869 -19.4724 -38.0481 
0.822823 21.1066 -19.605 -37.1635 
0.823824 20.2215 -19.7399 -36.2734 
0.824825 19.332 -19.877 -35.3779 
0.825826 18.4387 -20.016 -34.4772 
0.826827 17.5418 -20.1567 -33.5716 
0.827828 16.642 -20.299 -32.6613 
0.828829 15.7395 -20.4425 -31.7465 
0.82983 14.8349 -20.5872 -30.8275 
0.830831 13.9286 -20.7329 -29.9043 
0.831832 13.0211 -20.8792 -28.9773 
0.832833 12.1128 -21.0261 -28.0467 
0.833834 11.204 -21.1733 -27.1126 
0.834835 10.2954 -21.3206 -26.1754 
0.835836 9.38726 -21.4678 -25.2351 
0.836837 8.48009 -21.6147 -24.2921 
0.837838 7.57433 -21.7611 -23.3465 
0.838839 6.67041 -21.9068 -22.3986 
0.83984 5.76878 -22.0516 -21.4486 
0.840841 4.86988 -22.1954 -20.4966 
0.841842 3.97415 -22.3378 -19.543 
0.842843 3.08204 -22.4787 -18.5878 
0.843844 2.19399 -22.6179 -17.6314 
0.844845 1.31045 -22.7552 -16.674 
0.845846 0.431849 -22.8903 -15.7157 
0.846847 -0.441362 -23.0232 -14.7567 
0.847848 -1.30874 -23.1535 -13.7974 
0.848849 -2.16985 -23.2811 -12.8379 
0.84985 -3.02423 -23.4058 -11.8784 
0.850851 -3.87146 -23.5274 -10.9192 
0.851852 -4.71109 -23.6456 -9.9604 
0.852853 -5.54266 -23.7603 -9.00228 
0.853854 -6.36575 -23.8713 -8.04505 
0.854855 -7.17991 -23.9783 -7.08892 
0.855856 -7.9847 -24.0812 -6.13411 
0.856857 -8.77966 -24.1798 -5.18083 
0.857858 -9.56437 -24.2738 -4.2293 
0.858859 -10.3384 -24.3631 -3.27974 
0.85986 -11.1012 -24.4474 -2.33235 
0.860861 -11.8525 -24.5266 -1.38736 
0.861862 -12.5917 -24.6004 -0.444974 
0.862863 -13.3185 -24.6687 0.494585 
0.863864 -14.0323 -24.7312 1.4311 
0.864865 -14.7328 -24.7877 2.36437 
0.865866 -15.4195 -24.8381 3.29416 
0.866867 -16.0919 -24.8821 4.22027 
0.867868 -16.7497 -24.9196 5.14247 
0.868869 -17.3923 -24.9503 6.06056 
0.86987 -18.0193 -24.974 6.97431 
0.870871 -18.6303 -24.9905 7.88352 
0.871872 -19.2249 -24.9997 8.78797 
0.872873 -19.8025 -25.0013 9.68743 
0.873874 -20.3629 -24.9951 10.5817 
0.874875 -20.9056 -24.981 11.4707 
0.875876 -21.4307 -24.9591 12.3543 
0.876877 -21.9381 -24.9291 13.2325 
0.877878 -22.4277 -24.8913 14.1051 
0.878879 -22.8993 -24.8454 14.9722 
0.87988 -23.3529 -24.7914 15.8337 
0.880881 -23.7883 -24.7294 16.6895 
0.881882 -24.2056 -24.6593 17.5396 
0.882883 -24.6046 -24.5811 18.3838 
0.883884 -24.9852 -24.4946 19.2222 
0.884885 -25.3474 -24.4 20.0547 
0.885886 -25.6909 -24.2971 20.8811 
0.886887 -26.0158 -24.1859 21.7015 
0.887888 -26.322 -24.0664 22.5158 
0.888889 -26.6093 -23.9386 23.3239 
0.88989 -26.8777 -23.8024 24.1258 
0.890891 -27.1271 -23.6578 24.9213 
0.891892 -27.3574 -23.5047 25.7105 
0.892893 -27.5684 -23.3432 26.4932 
0.893894 -27.7602 -23.1731 27.2695 
0.894895 -27.9325 -22.9945 28.0392 
0.895896 -28.0854 -22.8074 28.8022 
0.896897 -28.2187 -22.6116 29.5586 
0.897898 -28.3324 -22.4071 30.3083 
0.898899 -28.4263 -22.194 31.0511 
0.8999 -28.5004 -21.9722 31.7871 
0.900901 -28.5545 -21.7416 32.5162 
0.901902 -28.5886 -21.5022 33.2382 
0.902903 -28.6025 -21.254 33.9532 
0.903904 -28.5963 -20.997 34.6611 
0.904905 -28.5698 -20.7311 35.3618 
0.905906 -28.5228 -20.4562 36.0553 
0.906907 -28.4554 -20.1724 36.7414 
0.907908 -28.3674 -19.8797 37.4202 
0.908909 -28.2588 -19.5779 38.0916 
0.90991 -28.1294 -19.2671 38.7555 
0.910911 -27.9791 -18.9471 39.4118 
0.911912 -27.8079 -18.6181 40.0605 
0.912913 -27.6156 -18.2799 40.7015 
0.913914 -27.4023 -17.9325 41.3348 
0.914915 -27.1677 -17.5759 41.9603 
0.915916 -26.9118 -17.2101 42.5779 
0.916917 -26.6345 -16.8349 43.1876 
0.917918 -26.3357 -16.4505 43.7893 
0.918919 -26.0154 -16.0566 44.383 
0.91992 -25.6733 -15.6534 44.9685 
0.920921 -25.3096 -15.2408 45.5458 
0.921922 -24.9239 -14.8187 46.115 
0.922923 -24.5163 -14.3872 46.6758 
0.923924 -24.0867 -13.9461 47.2282 
0.924925 -23.6349 -13.4954 47.7723 
0.925926 -23.1609 -13.0352 48.3078 
0.926927 -22.6646 -12.5653 48.8348 
0.927928 -22.1459 -12.0858 49.3532 
0.928929 -21.6047 -11.5966 49.8629 
0.92993 -21.041 -11.0977 50.3638 
0.930931 -20.4545 -10.589 50.856 
0.931932 -19.8453 -10.0705 51.3393 
0.932933 -19.2132 -9.54218 51.8137 
0.933934 -18.5582 -9.00401 52.279 
0.934935 -17.8801 -8.45595 52.7354 
0.935936 -17.1789 -7.89796 53.1826 
0.936937 -16.4544 -7.33001 53.6207 
0.937938 -15.7067 -6.75207 54.0495 
0.938939 -14.9355 -6.1641 54.469 
0.93994 -14.1408 -5.56607 54.8791 
0.940941 -13.3226 -4.95795 55.2799 
0.941942 -12.4806 -4.3397 55.6711 
0.942943 -11.6149 -3.71128 56.0528 
0.943944 -10.7253 -3.07267 56.4249 
0.944945 -9.81179 -2.42383 56.7873 
0.945946 -8.8742 -1.76473 57.14 
0.946947 -7.91247 -1.09533 57.4829 
0.947948 -6.92652 -0.415605 57.8159 
0.948949 -5.91624 0.274487 58.139 
0.94995 -4.88155 0.974977 58.4521 
0.950951 -3.82235 1.6859 58.7552 
0.951952 -2.73855 2.40728 59.0482 
0.952953 -1.63007 3.13917 59.3309 
0.953954 -0.496812 3.88159 59.6035 
0.954955 0.66132 4.63457 59.8657 
0.955956 1.84441 5.39815 60.1176 
0.956957 3.05256 6.17237 60.3591 
0.957958 4.28585 6.95725 60.5901 
0.958959 5.54438 7.75283 60.8106 
0.95996 6.82824 8.55915 61.0204 
0.960961 8.13751 9.37623 61.2196 
0.961962 9.4723 10.2041 61.408 
0.962963 10.8327 11.0428 61.5857 
0.963964 12.2188 11.8924 61.7525 
0.964965 13.6306 12.7529 61.9083 
0.965966 15.0684 13.6243 62.0532 
0.966967 16.5321 14.5067 62.187 
0.967968 18.0218 15.4001 62.3098 
0.968969 19.5377 16.3046 62.4213 
0.96997 21.0799 17.2201 62.5217 
0.970971 22.6484 18.1467 62.6107 
0.971972 24.2433 19.0844 62.6884 
0.972973 25.8647 20.0334 62.7547 
0.973974 27.5128 20.9935 62.8095 
0.974975 29.1875 21.9649 62.8527 
0.975976 30.889 22.9475 62.8843 
0.976977 32.6174 23.9414 62.9043 
0.977978 34.3728 24.9467 62.9126 
0.978979 36.1552 25.9634 62.909 
0.97998 37.9648 26.9914 62.8936 
0.980981 39.8017 28.0309 62.8663 
0.981982 41.6659 29.0819 62.827 
0.982983 43.5575 30.1444 62.7756 
0.983984 45.4766 31.2184 62.7122 
0.984985 47.4233 32.304 62.6366 
0.985986 49.3978 33.4012 62.5487 
0.986987 51.4 34.5101 62.4486 
0.987988 53.4301 35.6306 62.3361 
0.988989 55.4882 36.7629 62.2112 
0.98999 57.5744 37.9069 62.0738 
0.990991 59.6887 39.0626 61.9239 
0.991992 61.8313 40.2302 61.7614 
0.992993 64.0022 41.4096 61.5862 
0.993994 66.2016 42.6009 61.3983 
0.994995 68.4295 43.8041 61.1976 
0.995996 70.686 45.0193 60.984 
0.996997 72.9712 46.2464 60.7575 
0.997998 75.2852 47.4855 60.5181 
0.998999 77.6281 48.7367 60.2656 
1 80 50 60 
