PARAMETRIC_CURVE_CARTESIAN_3D
toroidal spiral
t1: 0
t2: 15.708
NumPoints: 1000
0 80 0 20 
0.0157237 81.5607 1.28254 19.9382 
0.0314474 83.0907 2.61385 19.7533 
0.0471711 84.5793 3.99266 19.4463 
0.0628947 86.0159 5.41709 19.0192 
0.0786184 87.3902 6.88467 18.4746 
0.0943421 88.692 8.39231 17.8158 
0.110066 89.912 9.93639 17.047 
0.125789 91.0408 11.5128 16.1729 
0.141513 92.0701 13.1168 15.1989 
0.157237 92.9917 14.7434 14.131 
0.172961 93.7986 16.3872 12.9758 
0.188684 94.4842 18.0423 11.7404 
0.204408 95.0427 19.7027 10.4325 
0.220132 95.4693 21.362 9.06019 
0.235855 95.76 23.0138 7.63187 
0.251579 95.9115 24.6516 6.15641 
0.267303 95.9217 26.2688 4.64291 
0.283026 95.7893 27.8588 3.10073 
0.29875 95.5138 29.4151 1.5394 
0.314474 95.0959 30.9316 -0.0314474 
0.330197 94.537 32.4021 -1.6021 
0.345921 93.8396 33.821 -3.16285 
0.361645 93.0068 35.1828 -4.70406 
0.377368 92.0429 36.4825 -6.21622 
0.393092 90.9527 37.7157 -7.68997 
0.408816 89.7419 38.8784 -9.11622 
0.42454 88.417 39.967 -10.4861 
0.440263 86.9851 40.9789 -11.7913 
0.455987 85.4538 41.9117 -13.0236 
0.471711 83.8313 42.764 -14.1755 
0.487434 82.1264 43.535 -15.2397 
0.503158 80.3482 44.2245 -16.2099 
0.518882 78.506 44.833 -17.0799 
0.534605 76.6095 45.362 -17.8443 
0.550329 74.6685 45.8134 -18.4986 
0.566053 72.6929 46.19 -19.0385 
0.581776 70.6926 46.4952 -19.4609 
0.5975 68.6774 46.7331 -19.763 
0.613224 66.657 46.9084 -19.9431 
0.628947 64.6409 47.0265 -19.9999 
0.644671 62.6382 47.0933 -19.9332 
0.660395 60.6576 47.1151 -19.7433 
0.676119 58.7076 47.0988 -19.4315 
0.691842 56.7958 47.0518 -18.9996 
0.707566 54.9297 46.9816 -18.4504 
0.72329 53.1158 46.8962 -17.7872 
0.739013 51.3602 46.8036 -17.0141 
0.754737 49.6683 46.7122 -16.1359 
0.770461 48.0445 46.6302 -15.158 
0.786184 46.4927 46.5659 -14.0864 
0.801908 45.016 46.5276 -12.9279 
0.817632 43.6167 46.5233 -11.6895 
0.833355 42.2963 46.5609 -10.3788 
0.849079 41.0553 46.6479 -9.00407 
0.864803 39.8938 46.7915 -7.5737 
0.880526 38.8108 46.9984 -6.09654 
0.89625 37.8048 47.2748 -4.58171 
0.911974 36.8733 47.6264 -3.03858 
0.927698 36.0134 48.0582 -1.47668 
0.943421 35.2214 48.5744 0.0943418 
0.959145 34.4931 49.1789 1.66478 
0.974869 33.8235 49.8743 3.22494 
0.990592 33.2074 50.6628 4.76517 
1.00632 32.639 51.5455 6.27597 
1.02204 32.1123 52.5229 7.74799 
1.03776 31.6206 53.5944 9.17215 
1.05349 31.1575 54.7588 10.5397 
1.06921 30.7159 56.0137 11.842 
1.08493 30.2889 57.3562 13.0713 
1.10066 29.8696 58.7822 14.2197 
1.11638 29.4509 60.2871 15.2804 
1.13211 29.0261 61.8652 16.2466 
1.14783 28.5883 63.5103 17.1125 
1.16355 28.1312 65.2154 17.8727 
1.17928 27.6485 66.9727 18.5224 
1.195 27.1345 68.774 19.0577 
1.21072 26.5838 70.6105 19.4753 
1.22645 25.9914 72.4727 19.7726 
1.24217 25.3529 74.351 19.9477 
1.25789 24.6644 76.2352 19.9996 
1.27362 23.9225 78.1151 19.9279 
1.28934 23.1246 79.9801 19.7332 
1.30507 22.2685 81.8195 19.4165 
1.32079 21.353 83.6226 18.9799 
1.33651 20.377 85.379 18.426 
1.35224 19.3407 87.0781 17.7583 
1.36796 18.2444 88.7097 16.9809 
1.38368 17.0893 90.2639 16.0986 
1.39941 15.8774 91.7311 15.1169 
1.41513 14.6109 93.1023 14.0417 
1.43086 13.293 94.369 12.8798 
1.44658 11.927 95.5232 11.6384 
1.4623 10.5172 96.5577 10.325 
1.47803 9.06791 97.4658 8.94787 
1.49375 7.58417 98.2419 7.51545 
1.50947 6.07123 98.881 6.03661 
1.5252 4.5347 99.379 4.52047 
1.54092 2.9804 99.7328 2.9764 
1.55665 1.41438 99.9399 1.41395 
1.57237 -0.157236 99.9993 -0.157235 
1.58809 -1.72823 99.9103 -1.72745 
1.60382 -3.2924 99.6737 -3.28699 
1.61954 -4.84361 99.2909 -4.82623 
1.63526 -6.37589 98.7644 -6.33565 
1.65099 -7.88342 98.0975 -7.80594 
1.66671 -9.36068 97.2946 -9.228 
1.68243 -10.8024 96.3607 -10.5931 
1.69816 -12.2039 95.3017 -11.8927 
1.71388 -13.5605 94.1244 -13.1188 
1.72961 -14.8685 92.8362 -14.2639 
1.74533 -16.1242 91.4451 -15.3209 
1.76105 -17.325 89.9597 -16.2832 
1.77678 -18.4684 88.3893 -17.145 
1.7925 -19.5528 86.7434 -17.9008 
1.80822 -20.5771 85.032 -18.546 
1.82395 -21.5409 83.2654 -19.0767 
1.83967 -22.4445 81.4541 -19.4895 
1.8554 -23.2887 79.6088 -19.7819 
1.87112 -24.0753 77.74 -19.9522 
1.88684 -24.8062 75.8584 -19.9991 
1.90257 -25.4845 73.9745 -19.9225 
1.91829 -26.1135 72.0986 -19.7228 
1.93401 -26.6971 70.2408 -19.4013 
1.94974 -27.2401 68.4107 -18.96 
1.96546 -27.7474 66.6175 -18.4015 
1.98118 -28.2245 64.8699 -17.7293 
1.99691 -28.6772 63.1763 -16.9476 
2.01263 -29.1119 61.544 -16.0612 
2.02836 -29.5349 59.9801 -15.0756 
2.04408 -29.9532 58.4906 -13.9969 
2.0598 -30.3735 57.0809 -12.8316 
2.07553 -30.8028 55.7556 -11.5872 
2.09125 -31.2481 54.5186 -10.2711 
2.10697 -31.7165 53.3726 -8.89158 
2.1227 -32.2146 52.3198 -7.45713 
2.13842 -32.7492 51.3614 -5.97661 
2.15415 -33.3266 50.4975 -4.45918 
2.16987 -33.953 49.7278 -2.91419 
2.18559 -34.6339 49.0508 -1.35121 
2.20132 -35.3746 48.4642 0.220127 
2.21704 -36.1798 47.9652 1.7901 
2.23276 -37.0538 47.5498 3.34902 
2.24849 -37.9999 47.2137 4.88724 
2.26421 -39.0212 46.9516 6.39528 
2.27993 -40.1198 46.7579 7.86381 
2.29566 -41.2971 46.6262 9.28375 
2.31138 -42.554 46.5496 10.6463 
2.32711 -43.8903 46.521 11.9432 
2.34283 -45.3053 46.5328 13.1662 
2.35855 -46.7971 46.5769 14.3079 
2.37428 -48.3636 46.6454 15.3612 
2.39 -50.0013 46.73 16.3197 
2.40572 -51.7064 46.8223 17.1773 
2.42145 -53.4741 46.9141 17.9288 
2.43717 -55.2989 46.9971 18.5695 
2.4529 -57.1747 47.0633 19.0955 
2.46862 -59.0947 47.1048 19.5035 
2.48434 -61.0516 47.114 19.7911 
2.50007 -63.0372 47.0837 19.9564 
2.51579 -65.0434 47.0072 19.9984 
2.53151 -67.0611 46.8781 19.9169 
2.54724 -69.0811 46.6907 19.7123 
2.56296 -71.0941 46.4397 19.386 
2.57868 -73.0903 46.1205 18.9399 
2.59441 -75.0597 45.7292 18.3768 
2.61013 -76.9926 45.2625 17.7001 
2.62586 -78.8791 44.7177 16.9141 
2.64158 -80.7093 44.0931 16.0237 
2.6573 -82.4736 43.3873 15.0342 
2.67303 -84.1627 42.6001 13.9519 
2.68875 -85.7676 41.7315 12.7833 
2.70447 -87.2797 40.7828 11.5358 
2.7202 -88.6908 39.7554 10.2171 
2.73592 -89.9934 38.6517 8.8352 
2.75165 -91.1806 37.4746 7.39873 
2.76737 -92.2459 36.2278 5.91656 
2.78309 -93.184 34.9152 4.39784 
2.79882 -93.99 33.5416 2.85196 
2.81454 -94.66 32.112 1.28845 
2.83026 -95.1908 30.6318 -0.283017 
2.84599 -95.5803 29.1068 -1.85273 
2.86171 -95.8272 27.5432 -3.41101 
2.87743 -95.9311 25.9473 -4.94821 
2.89316 -95.8925 24.3255 -6.45484 
2.90888 -95.7129 22.6844 -7.9216 
2.92461 -95.3948 21.0305 -9.33941 
2.94033 -94.9414 19.3705 -10.6995 
2.95605 -94.3571 17.7107 -11.9936 
2.97178 -93.6468 16.0574 -13.2135 
2.9875 -92.8164 14.4166 -14.3518 
3.00322 -91.8726 12.794 -15.4014 
3.01895 -90.8228 11.1951 -16.3559 
3.03467 -89.675 9.62485 -17.2094 
3.0504 -88.4379 8.08774 -17.9565 
3.06612 -87.1208 6.58784 -18.5928 
3.08184 -85.7333 5.12867 -19.1141 
3.09757 -84.2854 3.71318 -19.5174 
3.11329 -82.7877 2.34373 -19.8001 
3.12901 -81.2506 1.0221 -19.9605 
3.14474 -79.6851 -0.25059 -19.9975 
3.16046 -78.1021 -1.47384 -19.9111 
3.17618 -76.5122 -2.64778 -19.7016 
3.19191 -74.9264 -3.77317 -19.3704 
3.20763 -73.3552 -4.85139 -18.9196 
3.22336 -71.8088 -5.88444 -18.3518 
3.23908 -70.2974 -6.87487 -17.6707 
3.2548 -68.8305 -7.8258 -16.8805 
3.27053 -67.417 -8.74085 -15.9859 
3.28625 -66.0656 -9.62414 -14.9927 
3.30197 -64.7841 -10.4802 -13.9067 
3.3177 -63.5797 -11.3139 -12.7349 
3.33342 -62.4589 -12.1306 -11.4844 
3.34915 -61.4273 -12.9357 -10.163 
3.36487 -60.4899 -13.735 -8.77873 
3.38059 -59.6505 -14.5343 -7.34026 
3.39632 -58.9124 -15.3396 -5.85646 
3.41204 -58.2776 -16.1569 -4.33647 
3.42776 -57.7475 -16.9921 -2.78969 
3.44349 -57.3224 -17.851 -1.22568 
3.45921 -57.0018 -18.7392 0.345904 
3.47493 -56.7841 -19.6623 1.91535 
3.49066 -56.6671 -20.6251 3.47296 
3.50638 -56.6474 -21.6326 5.00912 
3.52211 -56.7211 -22.6889 6.51434 
3.53783 -56.8832 -23.7979 7.97931 
3.55355 -57.1281 -24.963 9.39498 
3.56928 -57.4496 -26.1868 10.7526 
3.585 -57.8406 -27.4714 12.0438 
3.60072 -58.2937 -28.8185 13.2606 
3.61645 -58.8007 -30.2288 14.3955 
3.63217 -59.3533 -31.7025 15.4415 
3.6479 -59.9424 -33.2389 16.3921 
3.66362 -60.559 -34.8369 17.2414 
3.67934 -61.1936 -36.4944 17.9841 
3.69507 -61.8368 -38.2086 18.6158 
3.71079 -62.4789 -39.9763 19.1325 
3.72651 -63.1105 -41.7933 19.531 
3.74224 -63.722 -43.6549 19.8088 
3.75796 -64.3041 -45.5557 19.9643 
3.77368 -64.8479 -47.4897 19.9964 
3.78941 -65.3446 -49.4504 19.905 
3.80513 -65.7858 -51.4308 19.6907 
3.82086 -66.1638 -53.4236 19.3547 
3.83658 -66.4712 -55.4207 18.8991 
3.8523 -66.7012 -57.4141 18.3268 
3.86803 -66.8477 -59.3953 17.6412 
3.88375 -66.9053 -61.3558 16.8467 
3.89947 -66.8691 -63.2868 15.9481 
3.9152 -66.7351 -65.1794 14.9509 
3.93092 -66.5002 -67.0251 13.8615 
3.94665 -66.1618 -68.815 12.6863 
3.96237 -65.7182 -70.5409 11.4329 
3.97809 -65.1687 -72.1943 10.1087 
3.99382 -64.5131 -73.7675 8.72217 
4.00954 -63.7521 -75.253 7.28172 
4.02526 -62.8873 -76.6437 5.79629 
4.04099 -61.9208 -77.9331 4.27505 
4.05671 -60.8557 -79.1154 2.7274 
4.07243 -59.6957 -80.1852 1.1629 
4.08816 -58.4449 -81.1379 -0.408787 
4.10388 -57.1082 -81.9698 -1.97795 
4.11961 -55.6912 -82.6778 -3.53489 
4.13533 -54.1998 -83.2596 -5.06999 
4.15105 -52.6402 -83.7138 -6.57377 
4.16678 -51.0193 -84.0399 -8.03694 
4.1825 -49.344 -84.2382 -9.45046 
4.19822 -47.6216 -84.31 -10.8056 
4.21395 -45.8595 -84.2573 -12.094 
4.22967 -44.0653 -84.083 -13.3077 
4.2454 -42.2466 -83.7911 -14.4391 
4.26112 -40.4107 -83.386 -15.4814 
4.27684 -38.5651 -82.8733 -16.428 
4.29257 -36.7171 -82.259 -17.2731 
4.30829 -34.8736 -81.5502 -18.0116 
4.32401 -33.0412 -80.7544 -18.6387 
4.33974 -31.2263 -79.8796 -19.1507 
4.35546 -29.4347 -78.9348 -19.5445 
4.37118 -27.672 -77.929 -19.8174 
4.38691 -25.9429 -76.8719 -19.968 
4.40263 -24.252 -75.7733 -19.9952 
4.41836 -22.6028 -74.6436 -19.8988 
4.43408 -20.9988 -73.4931 -19.6796 
4.4498 -19.4423 -72.3322 -19.3387 
4.46553 -17.9353 -71.1715 -18.8784 
4.48125 -16.4791 -70.0213 -18.3015 
4.49697 -15.0742 -68.8919 -17.6115 
4.5127 -13.7206 -67.7934 -16.8127 
4.52842 -12.4175 -66.7355 -15.91 
4.54415 -11.1638 -65.7275 -14.9091 
4.55987 -9.9573 -64.7783 -13.8161 
4.57559 -8.79568 -63.8962 -12.6377 
4.59132 -7.67586 -63.0888 -11.3812 
4.60704 -6.59431 -62.3634 -10.0544 
4.62276 -5.54706 -61.726 -8.66553 
4.63849 -4.52971 -61.1824 -7.22311 
4.65421 -3.53754 -60.7373 -5.73606 
4.66994 -2.56552 -60.3944 -4.21359 
4.68566 -1.60839 -60.1569 -2.66508 
4.70138 -0.660715 -60.0266 -1.1001 
4.71711 0.283052 -60.0049 0.471667 
4.73283 1.2285 -60.0918 2.04052 
4.74855 2.18119 -60.2866 3.59677 
4.76428 3.14661 -60.5877 5.1308 
4.78 4.1301 -60.9923 6.63314 
4.79572 5.13679 -61.4971 8.09449 
4.81145 6.17153 -62.0975 9.50584 
4.82717 7.23886 -62.7885 10.8585 
4.8429 8.34292 -63.5639 12.144 
4.85862 9.48743 -64.417 13.3545 
4.87434 10.6756 -65.3403 14.4826 
4.89007 11.9102 -66.3258 15.5211 
4.90579 13.1934 -67.3649 16.4638 
4.92151 14.5266 -68.4483 17.3048 
4.93724 15.911 -69.5665 18.0388 
4.95296 17.3467 -70.7095 18.6614 
4.96869 18.8335 -71.8673 19.1688 
4.98441 20.3704 -73.0294 19.5577 
5.00013 21.9557 -74.1853 19.8258 
5.01586 23.5871 -75.3246 19.9714 
5.03158 25.2617 -76.4369 19.9937 
5.0473 26.9761 -77.5118 19.8924 
5.06303 28.7259 -78.5393 19.6682 
5.07875 30.5065 -79.5096 19.3226 
5.09447 32.3128 -80.4135 18.8575 
5.1102 34.1389 -81.2419 18.276 
5.12592 35.9788 -81.9864 17.5816 
5.14165 37.8258 -82.6394 16.7785 
5.15737 39.6732 -83.1935 15.8719 
5.17309 41.5139 -83.6423 14.8671 
5.18882 43.3404 -83.9801 13.7705 
5.20454 45.1453 -84.202 12.5889 
5.22026 46.9211 -84.3037 11.3294 
5.23599 48.6603 -84.282 10 
5.25171 50.3553 -84.1345 8.6088 
5.26744 51.9988 -83.8596 7.16442 
5.28316 53.5837 -83.4566 5.67578 
5.29888 55.1032 -82.9257 4.15208 
5.31461 56.5508 -82.268 2.60273 
5.33033 57.9202 -81.4854 1.0373 
5.34605 59.206 -80.5806 -0.534542 
5.36178 60.4029 -79.5571 -2.10308 
5.3775 61.5064 -78.4192 -3.65862 
5.39322 62.5127 -77.172 -5.19157 
5.40895 63.4185 -75.821 -6.69244 
5.42467 64.2213 -74.3727 -8.15197 
5.4404 64.9191 -72.8337 -9.56113 
5.45612 65.5112 -71.2114 -10.9112 
5.47184 65.997 -69.5135 -12.1939 
5.48757 66.3774 -67.7482 -13.4013 
5.50329 66.6534 -65.9238 -14.5259 
5.51901 66.8274 -64.0489 -15.5607 
5.53474 66.9023 -62.1322 -16.4994 
5.55046 66.8817 -60.1825 -17.3362 
5.56619 66.7702 -58.2085 -18.0659 
5.58191 66.5729 -56.219 -18.684 
5.59763 66.2956 -54.2223 -19.1866 
5.61336 65.945 -52.2269 -19.5708 
5.62908 65.5282 -50.2406 -19.834 
5.6448 65.0527 -48.2711 -19.9747 
5.66053 64.5267 -46.3256 -19.992 
5.67625 63.9589 -44.4108 -19.8858 
5.69197 63.358 -42.5329 -19.6567 
5.7077 62.7334 -40.6975 -19.3063 
5.72342 62.0943 -38.9095 -18.8365 
5.73915 61.4504 -37.1734 -18.2504 
5.75487 60.8112 -35.4929 -17.5515 
5.77059 60.1863 -33.8708 -16.7442 
5.78632 59.585 -32.3096 -15.8335 
5.80204 59.0168 -30.8107 -14.825 
5.81776 58.4905 -29.375 -13.7248 
5.83349 58.0149 -28.0027 -12.5399 
5.84921 57.5981 -26.6932 -11.2775 
5.86494 57.2479 -25.4453 -9.94548 
5.88066 56.9716 -24.257 -8.55199 
5.89638 56.7756 -23.126 -7.10567 
5.91211 56.666 -22.049 -5.61545 
5.92783 56.6477 -21.0225 -4.09054 
5.94355 56.7254 -20.0424 -2.54036 
5.95928 56.9025 -19.104 -0.974483 
5.975 57.1817 -18.2024 0.597411 
5.99072 57.5648 -17.3325 2.16561 
6.00645 58.0529 -16.4885 3.72044 
6.02217 58.6459 -15.6647 5.25228 
6.0379 59.343 -14.8553 6.75167 
6.05362 60.1422 -14.0544 8.20936 
6.06934 61.0408 -13.2558 9.61633 
6.08507 62.0353 -12.4537 10.9639 
6.10079 63.121 -11.6423 12.2437 
6.11651 64.2927 -10.8161 13.4479 
6.13224 65.5442 -9.96956 14.569 
6.14796 66.8685 -9.09773 15.6001 
6.16369 68.2582 -8.1959 16.5349 
6.17941 69.7048 -7.25979 17.3675 
6.19513 71.1995 -6.28556 18.0928 
6.21086 72.7331 -5.2699 18.7063 
6.22658 74.2956 -4.21002 19.2043 
6.2423 75.8768 -3.10369 19.5836 
6.25803 77.4663 -1.9493 19.842 
6.27375 79.0534 -0.745829 19.9778 
6.28947 80.6272 0.50711 19.9901 
6.3052 82.177 1.80927 19.879 
6.32092 83.6917 3.15976 19.645 
6.33665 85.1608 4.55708 19.2897 
6.35237 86.5737 5.99911 18.8153 
6.36809 87.9201 7.48311 18.2246 
6.38382 89.1904 9.00579 17.5213 
6.39954 90.3749 10.5633 16.7098 
6.41526 91.4649 12.1513 15.795 
6.43099 92.4521 13.765 14.7827 
6.44671 93.3287 15.3992 13.679 
6.46244 94.0878 17.0482 12.4909 
6.47816 94.7232 18.7062 11.2255 
6.49388 95.2295 20.3669 9.89087 
6.50961 95.6021 22.024 8.49509 
6.52533 95.8374 23.671 7.04684 
6.54105 95.9326 25.3013 5.55505 
6.55678 95.8859 26.9084 4.02895 
6.5725 95.6962 28.4857 2.47796 
6.58822 95.3637 30.0268 0.911658 
6.60395 94.8892 31.5257 -0.660275 
6.61967 94.2745 32.9762 -2.22813 
6.6354 93.5225 34.3729 -3.78222 
6.65112 92.6367 35.7104 -5.31294 
6.66684 91.6217 36.984 -6.81084 
6.68257 90.4825 38.1895 -8.26667 
6.69829 89.2253 39.3229 -9.67143 
6.71401 87.8567 40.3811 -11.0164 
6.72974 86.384 41.3616 -12.2934 
6.74546 84.8153 42.2624 -13.4944 
6.76119 83.1588 43.0822 -14.6121 
6.77691 81.4234 43.8205 -15.6394 
6.79263 79.6184 44.4775 -16.5702 
6.80836 77.7533 45.0541 -17.3986 
6.82408 75.8379 45.5518 -18.1195 
6.8398 73.8818 45.9729 -18.7285 
6.85553 71.8951 46.3205 -19.2218 
6.87125 69.8877 46.5982 -19.5963 
6.88697 67.8693 46.8105 -19.8498 
6.9027 65.8496 46.9622 -19.9806 
6.91842 63.8377 47.059 -19.988 
6.93415 61.8428 47.107 -19.872 
6.94987 59.8735 47.1127 -19.6331 
6.96559 57.9378 47.0833 -19.273 
6.98132 56.0435 47.0261 -18.7939 
6.99704 54.1975 46.9488 -18.1986 
7.01276 52.4063 46.8596 -17.4909 
7.02849 50.6755 46.7665 -16.6751 
7.04421 49.0103 46.6778 -15.7563 
7.05994 47.4149 46.6019 -14.7402 
7.07566 45.8929 46.547 -13.6331 
7.09138 44.4469 46.5213 -12.4417 
7.10711 43.079 46.5329 -11.1734 
7.12283 41.7903 46.5893 -9.83615 
7.13855 40.5812 46.6982 -8.43811 
7.15428 39.4512 46.8663 -6.98794 
7.17 38.3993 47.1003 -5.49461 
7.18572 37.4234 47.4061 -3.96733 
7.20145 36.521 47.7892 -2.41554 
7.21717 35.6887 48.2543 -0.848824 
7.2329 34.9227 48.8055 0.723132 
7.24862 34.2185 49.446 2.29062 
7.26434 33.571 50.1784 3.84396 
7.28007 32.9747 51.0045 5.37355 
7.29579 32.4237 51.9251 6.86995 
7.31151 31.9118 52.9403 8.3239 
7.32724 31.4323 54.0491 9.72643 
7.34296 30.9786 55.2501 11.0689 
7.35869 30.5437 56.5404 12.3429 
7.37441 30.1207 57.9168 13.5408 
7.39013 29.7024 59.375 14.6549 
7.40586 29.2821 60.9099 15.6786 
7.42158 28.8529 62.5156 16.6053 
7.4373 28.4081 64.1856 17.4295 
7.45303 27.9415 65.9125 18.146 
7.46875 27.447 67.6885 18.7505 
7.48447 26.9189 69.5049 19.239 
7.5002 26.3521 71.3528 19.6088 
7.51592 25.7418 73.2226 19.8574 
7.53165 25.0837 75.1045 19.9833 
7.54737 24.3742 76.9883 19.9858 
7.56309 23.6102 78.8635 19.8648 
7.57882 22.7892 80.7195 19.6211 
7.59454 21.9095 82.5457 19.2561 
7.61026 20.9698 84.3314 18.7722 
7.62599 19.9697 86.0661 18.1724 
7.64171 18.9093 87.7394 17.4603 
7.65744 17.7893 89.3412 16.6403 
7.67316 16.6113 90.8617 15.7175 
7.68888 15.3772 92.2916 14.6977 
7.70461 14.0897 93.622 13.587 
7.72033 12.7521 94.8446 12.3924 
7.73605 11.3681 95.9518 11.1212 
7.75178 9.94193 96.9364 9.78134 
7.7675 8.47826 97.7924 8.38105 
7.78323 6.98219 98.5143 6.92898 
7.79895 5.45913 99.0974 5.43411 
7.81467 3.91478 99.538 3.90566 
7.8304 2.35506 99.8333 2.35309 
7.84612 0.786055 99.9815 0.785982 
7.86184 -0.786055 99.9815 -0.785982 
7.87757 -2.35506 99.8333 -2.35309 
7.89329 -3.91478 99.538 -3.90566 
7.90901 -5.45913 99.0974 -5.43411 
7.92474 -6.98219 98.5143 -6.92898 
7.94046 -8.47826 97.7924 -8.38105 
7.95619 -9.94193 96.9364 -9.78134 
7.97191 -11.3681 95.9518 -11.1212 
7.98763 -12.7521 94.8446 -12.3924 
8.00336 -14.0897 93.622 -13.587 
8.01908 -15.3772 92.2916 -14.6977 
8.0348 -16.6113 90.8617 -15.7175 
8.05053 -17.7893 89.3412 -16.6403 
8.06625 -18.9093 87.7394 -17.4603 
8.08198 -19.9697 86.0661 -18.1724 
8.0977 -20.9698 84.3314 -18.7722 
8.11342 -21.9095 82.5457 -19.2561 
8.12915 -22.7892 80.7195 -19.6211 
8.14487 -23.6102 78.8635 -19.8648 
8.16059 -24.3742 76.9883 -19.9858 
8.17632 -25.0837 75.1045 -19.9833 
8.19204 -25.7418 73.2226 -19.8574 
8.20776 -26.3521 71.3528 -19.6088 
8.22349 -26.9189 69.5049 -19.239 
8.23921 -27.447 67.6885 -18.7505 
8.25494 -27.9415 65.9125 -18.146 
8.27066 -28.4081 64.1856 -17.4295 
8.28638 -28.8529 62.5156 -16.6053 
8.30211 -29.2821 60.9099 -15.6786 
8.31783 -29.7024 59.375 -14.6549 
8.33355 -30.1207 57.9168 -13.5408 
8.34928 -30.5437 56.5404 -12.3429 
8.365 -30.9786 55.2501 -11.0689 
8.38073 -31.4323 54.0491 -9.72643 
8.39645 -31.9118 52.9403 -8.3239 
8.41217 -32.4237 51.9251 -6.86995 
8.4279 -32.9747 51.0045 -5.37355 
8.44362 -33.571 50.1784 -3.84396 
8.45934 -34.2185 49.446 -2.29062 
8.47507 -34.9227 48.8055 -0.723132 
8.49079 -35.6887 48.2543 0.848824 
8.50651 -36.521 47.7892 2.41554 
8.52224 -37.4234 47.4061 3.96733 
8.53796 -38.3993 47.1003 5.49461 
8.55369 -39.4512 46.8663 6.98794 
8.56941 -40.5812 46.6982 8.43811 
8.58513 -41.7903 46.5893 9.83615 
8.60086 -43.079 46.5329 11.1734 
8.61658 -44.4469 46.5213 12.4417 
8.6323 -45.8929 46.547 13.6331 
8.64803 -47.4149 46.6019 14.7402 
8.66375 -49.0103 46.6778 15.7563 
8.67948 -50.6755 46.7665 16.6751 
8.6952 -52.4063 46.8596 17.4909 
8.71092 -54.1975 46.9488 18.1986 
8.72665 -56.0435 47.0261 18.7939 
8.74237 -57.9378 47.0833 19.273 
8.75809 -59.8735 47.1127 19.6331 
8.77382 -61.8428 47.107 19.872 
8.78954 -63.8377 47.059 19.988 
8.80526 -65.8496 46.9622 19.9806 
8.82099 -67.8693 46.8105 19.8498 
8.83671 -69.8877 46.5982 19.5963 
8.85244 -71.8951 46.3205 19.2218 
8.86816 -73.8818 45.9729 18.7285 
8.88388 -75.8379 45.5518 18.1195 
8.89961 -77.7533 45.0541 17.3986 
8.91533 -79.6184 44.4775 16.5702 
8.93105 -81.4234 43.8205 15.6394 
8.94678 -83.1588 43.0822 14.6121 
8.9625 -84.8153 42.2624 13.4944 
8.97823 -86.384 41.3616 12.2934 
8.99395 -87.8567 40.3811 11.0164 
9.00967 -89.2253 39.3229 9.67143 
9.0254 -90.4825 38.1895 8.26667 
9.04112 -91.6217 36.984 6.81084 
9.05684 -92.6367 35.7104 5.31294 
9.07257 -93.5225 34.3729 3.78222 
9.08829 -94.2745 32.9762 2.22813 
9.10401 -94.8892 31.5257 0.660275 
9.11974 -95.3637 30.0268 -0.911658 
9.13546 -95.6962 28.4857 -2.47796 
9.15119 -95.8859 26.9084 -4.02895 
9.16691 -95.9326 25.3013 -5.55505 
9.18263 -95.8374 23.671 -7.04684 
9.19836 -95.6021 22.024 -8.49509 
9.21408 -95.2295 20.3669 -9.89087 
9.2298 -94.7232 18.7062 -11.2255 
9.24553 -94.0878 17.0482 -12.4909 
9.26125 -93.3287 15.3992 -13.679 
9.27698 -92.4521 13.765 -14.7827 
9.2927 -91.4649 12.1513 -15.795 
9.30842 -90.3749 10.5633 -16.7098 
9.32415 -89.1904 9.00579 -17.5213 
9.33987 -87.9201 7.48311 -18.2246 
9.35559 -86.5737 5.99911 -18.8153 
9.37132 -85.1608 4.55708 -19.2897 
9.38704 -83.6917 3.15976 -19.645 
9.40276 -82.177 1.80927 -19.879 
9.41849 -80.6272 0.50711 -19.9901 
9.43421 -79.0534 -0.745829 -19.9778 
9.44994 -77.4663 -1.9493 -19.842 
9.46566 -75.8768 -3.10369 -19.5836 
9.48138 -74.2956 -4.21002 -19.2043 
9.49711 -72.7331 -5.2699 -18.7063 
9.51283 -71.1995 -6.28556 -18.0928 
9.52855 -69.7048 -7.25979 -17.3675 
9.54428 -68.2582 -8.1959 -16.5349 
9.56 -66.8685 -9.09773 -15.6001 
9.57573 -65.5442 -9.96956 -14.569 
9.59145 -64.2927 -10.8161 -13.4479 
9.60717 -63.121 -11.6423 -12.2437 
9.6229 -62.0353 -12.4537 -10.9639 
9.63862 -61.0408 -13.2558 -9.61633 
9.65434 -60.1422 -14.0544 -8.20936 
9.67007 -59.343 -14.8553 -6.75167 
9.68579 -58.6459 -15.6647 -5.25228 
9.70151 -58.0529 -16.4885 -3.72044 
9.71724 -57.5648 -17.3325 -2.16561 
9.73296 -57.1817 -18.2024 -0.597411 
9.74869 -56.9025 -19.104 0.974483 
9.76441 -56.7254 -20.0424 2.54036 
9.78013 -56.6477 -21.0225 4.09054 
9.79586 -56.666 -22.049 5.61545 
9.81158 -56.7756 -23.126 7.10567 
9.8273 -56.9716 -24.257 8.55199 
9.84303 -57.2479 -25.4453 9.94548 
9.85875 -57.5981 -26.6932 11.2775 
9.87448 -58.0149 -28.0027 12.5399 
9.8902 -58.4905 -29.375 13.7248 
9.90592 -59.0168 -30.8107 14.825 
9.92165 -59.585 -32.3096 15.8335 
9.93737 -60.1863 -33.8708 16.7442 
9.95309 -60.8112 -35.4929 17.5515 
9.96882 -61.4504 -37.1734 18.2504 
9.98454 -62.0943 -38.9095 18.8365 
10.0003 -62.7334 -40.6975 19.3063 
10.016 -63.358 -42.5329 19.6567 
10.0317 -63.9589 -44.4108 19.8858 
10.0474 -64.5267 -46.3256 19.992 
10.0632 -65.0527 -48.2711 19.9747 
10.0789 -65.5282 -50.2406 19.834 
10.0946 -65.945 -52.2269 19.5708 
10.1103 -66.2956 -54.2223 19.1866 
10.1261 -66.5729 -56.219 18.684 
10.1418 -66.7702 -58.2085 18.0659 
10.1575 -66.8817 -60.1825 17.3362 
10.1732 -66.9023 -62.1322 16.4994 
10.1889 -66.8274 -64.0489 15.5607 
10.2047 -66.6534 -65.9238 14.5259 
10.2204 -66.3774 -67.7482 13.4013 
10.2361 -65.997 -69.5135 12.1939 
10.2518 -65.5112 -71.2114 10.9112 
10.2676 -64.9191 -72.8337 9.56113 
10.2833 -64.2213 -74.3727 8.15197 
10.299 -63.4185 -75.821 6.69244 
10.3147 -62.5127 -77.172 5.19157 
10.3305 -61.5064 -78.4192 3.65862 
10.3462 -60.4029 -79.5571 2.10308 
10.3619 -59.206 -80.5806 0.534542 
10.3776 -57.9202 -81.4854 -1.0373 
10.3934 -56.5508 -82.268 -2.60273 
10.4091 -55.1032 -82.9257 -4.15208 
10.4248 -53.5837 -83.4566 -5.67578 
10.4405 -51.9988 -83.8596 -7.16442 
10.4563 -50.3553 -84.1345 -8.6088 
10.472 -48.6603 -84.282 -10 
10.4877 -46.9211 -84.3037 -11.3294 
10.5034 -45.1453 -84.202 -12.5889 
10.5191 -43.3404 -83.9801 -13.7705 
10.5349 -41.5139 -83.6423 -14.8671 
10.5506 -39.6732 -83.1935 -15.8719 
10.5663 -37.8258 -82.6394 -16.7785 
10.582 -35.9788 -81.9864 -17.5816 
10.5978 -34.1389 -81.2419 -18.276 
10.6135 -32.3128 -80.4135 -18.8575 
10.6292 -30.5065 -79.5096 -19.3226 
10.6449 -28.7259 -78.5393 -19.6682 
10.6607 -26.9761 -77.5118 -19.8924 
10.6764 -25.2617 -76.4369 -19.9937 
10.6921 -23.5871 -75.3246 -19.9714 
10.7078 -21.9557 -74.1853 -19.8258 
10.7236 -20.3704 -73.0294 -19.5577 
10.7393 -18.8335 -71.8673 -19.1688 
10.755 -17.3467 -70.7095 -18.6614 
10.7707 -15.911 -69.5665 -18.0388 
10.7864 -14.5266 -68.4483 -17.3048 
10.8022 -13.1934 -67.3649 -16.4638 
10.8179 -11.9102 -66.3258 -15.5211 
10.8336 -10.6756 -65.3403 -14.4826 
10.8493 -9.48743 -64.417 -13.3545 
10.8651 -8.34292 -63.5639 -12.144 
10.8808 -7.23886 -62.7885 -10.8585 
10.8965 -6.17153 -62.0975 -9.50584 
10.9122 -5.13679 -61.4971 -8.09449 
10.928 -4.1301 -60.9923 -6.63314 
10.9437 -3.14661 -60.5877 -5.1308 
10.9594 -2.18119 -60.2866 -3.59677 
10.9751 -1.2285 -60.0918 -2.04052 
10.9909 -0.283052 -60.0049 -0.471667 
11.0066 0.660715 -60.0266 1.1001 
11.0223 1.60839 -60.1569 2.66508 
11.038 2.56552 -60.3944 4.21359 
11.0538 3.53754 -60.7373 5.73606 
11.0695 4.52971 -61.1824 7.22311 
11.0852 5.54706 -61.726 8.66553 
11.1009 6.59431 -62.3634 10.0544 
11.1166 7.67586 -63.0888 11.3812 
11.1324 8.79568 -63.8962 12.6377 
11.1481 9.9573 -64.7783 13.8161 
11.1638 11.1638 -65.7275 14.9091 
11.1795 12.4175 -66.7355 15.91 
11.1953 13.7206 -67.7934 16.8127 
11.211 15.0742 -68.8919 17.6115 
11.2267 16.4791 -70.0213 18.3015 
11.2424 17.9353 -71.1715 18.8784 
11.2582 19.4423 -72.3322 19.3387 
11.2739 20.9988 -73.4931 19.6796 
11.2896 22.6028 -74.6436 19.8988 
11.3053 24.252 -75.7733 19.9952 
11.3211 25.9429 -76.8719 19.968 
11.3368 27.672 -77.929 19.8174 
11.3525 29.4347 -78.9348 19.5445 
11.3682 31.2263 -79.8796 19.1507 
11.3839 33.0412 -80.7544 18.6387 
11.3997 34.8736 -81.5502 18.0116 
11.4154 36.7171 -82.259 17.2731 
11.4311 38.5651 -82.8733 16.428 
11.4468 40.4107 -83.386 15.4814 
11.4626 42.2466 -83.7911 14.4391 
11.4783 44.0653 -84.083 13.3077 
11.494 45.8595 -84.2573 12.094 
11.5097 47.6216 -84.31 10.8056 
11.5255 49.344 -84.2382 9.45046 
11.5412 51.0193 -84.0399 8.03694 
11.5569 52.6402 -83.7138 6.57377 
11.5726 54.1998 -83.2596 5.06999 
11.5884 55.6912 -82.6778 3.53489 
11.6041 57.1082 -81.9698 1.97795 
11.6198 58.4449 -81.1379 0.408787 
11.6355 59.6957 -80.1852 -1.1629 
11.6513 60.8557 -79.1154 -2.7274 
11.667 61.9208 -77.9331 -4.27505 
11.6827 62.8873 -76.6437 -5.79629 
11.6984 63.7521 -75.253 -7.28172 
11.7141 64.5131 -73.7675 -8.72217 
11.7299 65.1687 -72.1943 -10.1087 
11.7456 65.7182 -70.5409 -11.4329 
11.7613 66.1618 -68.815 -12.6863 
11.777 66.5002 -67.0251 -13.8615 
11.7928 66.7351 -65.1794 -14.9509 
11.8085 66.8691 -63.2868 -15.9481 
11.8242 66.9053 -61.3558 -16.8467 
11.8399 66.8477 -59.3953 -17.6412 
11.8557 66.7012 -57.4141 -18.3268 
11.8714 66.4712 -55.4207 -18.8991 
11.8871 66.1638 -53.4236 -19.3547 
11.9028 65.7858 -51.4308 -19.6907 
11.9186 65.3446 -49.4504 -19.905 
11.9343 64.8479 -47.4897 -19.9964 
11.95 64.3041 -45.5557 -19.9643 
11.9657 63.722 -43.6549 -19.8088 
11.9814 63.1105 -41.7933 -19.531 
11.9972 62.4789 -39.9763 -19.1325 
12.0129 61.8368 -38.2086 -18.6158 
12.0286 61.1936 -36.4944 -17.9841 
12.0443 60.559 -34.8369 -17.2414 
12.0601 59.9424 -33.2389 -16.3921 
12.0758 59.3533 -31.7025 -15.4415 
12.0915 58.8007 -30.2288 -14.3955 
12.1072 58.2937 -28.8185 -13.2606 
12.123 57.8406 -27.4714 -12.0438 
12.1387 57.4496 -26.1868 -10.7526 
12.1544 57.1281 -24.963 -9.39498 
12.1701 56.8832 -23.7979 -7.97931 
12.1859 56.7211 -22.6889 -6.51434 
12.2016 56.6474 -21.6326 -5.00912 
12.2173 56.6671 -20.6251 -3.47296 
12.233 56.7841 -19.6623 -1.91535 
12.2488 57.0018 -18.7392 -0.345904 
12.2645 57.3224 -17.851 1.22568 
12.2802 57.7475 -16.9921 2.78969 
12.2959 58.2776 -16.1569 4.33647 
12.3116 58.9124 -15.3396 5.85646 
12.3274 59.6505 -14.5343 7.34026 
12.3431 60.4899 -13.735 8.77873 
12.3588 61.4273 -12.9357 10.163 
12.3745 62.4589 -12.1306 11.4844 
12.3903 63.5797 -11.3139 12.7349 
12.406 64.7841 -10.4802 13.9067 
12.4217 66.0656 -9.62414 14.9927 
12.4374 67.417 -8.74085 15.9859 
12.4532 68.8305 -7.8258 16.8805 
12.4689 70.2974 -6.87487 17.6707 
12.4846 71.8088 -5.88444 18.3518 
12.5003 73.3552 -4.85139 18.9196 
12.5161 74.9264 -3.77317 19.3704 
12.5318 76.5122 -2.64778 19.7016 
12.5475 78.1021 -1.47384 19.9111 
12.5632 79.6851 -0.25059 19.9975 
12.5789 81.2506 1.0221 19.9605 
12.5947 82.7877 2.34373 19.8001 
12.6104 84.2854 3.71318 19.5174 
12.6261 85.7333 5.12867 19.1141 
12.6418 87.1208 6.58784 18.5928 
12.6576 88.4379 8.08774 17.9565 
12.6733 89.675 9.62485 17.2094 
12.689 90.8228 11.1951 16.3559 
12.7047 91.8726 12.794 15.4014 
12.7205 92.8164 14.4166 14.3518 
12.7362 93.6468 16.0574 13.2135 
12.7519 94.3571 17.7107 11.9936 
12.7676 94.9414 19.3705 10.6995 
12.7834 95.3948 21.0305 9.33941 
12.7991 95.7129 22.6844 7.9216 
12.8148 95.8925 24.3255 6.45484 
12.8305 95.9311 25.9473 4.94821 
12.8463 95.8272 27.5432 3.41101 
12.862 95.5803 29.1068 1.85273 
12.8777 95.1908 30.6318 0.283017 
12.8934 94.66 32.112 -1.28845 
12.9091 93.99 33.5416 -2.85196 
12.9249 93.184 34.9152 -4.39784 
12.9406 92.2459 36.2278 -5.91656 
12.9563 91.1806 37.4746 -7.39873 
12.972 89.9934 38.6517 -8.8352 
12.9878 88.6908 39.7554 -10.2171 
13.0035 87.2797 40.7828 -11.5358 
13.0192 85.7676 41.7315 -12.7833 
13.0349 84.1627 42.6001 -13.9519 
13.0507 82.4736 43.3873 -15.0342 
13.0664 80.7093 44.0931 -16.0237 
13.0821 78.8791 44.7177 -16.9141 
13.0978 76.9926 45.2625 -17.7001 
13.1136 75.0597 45.7292 -18.3768 
13.1293 73.0903 46.1205 -18.9399 
13.145 71.0941 46.4397 -19.386 
13.1607 69.0811 46.6907 -19.7123 
13.1764 67.0611 46.8781 -19.9169 
13.1922 65.0434 47.0072 -19.9984 
13.2079 63.0372 47.0837 -19.9564 
13.2236 61.0516 47.114 -19.7911 
13.2393 59.0947 47.1048 -19.5035 
13.2551 57.1747 47.0633 -19.0955 
13.2708 55.2989 46.9971 -18.5695 
13.2865 53.4741 46.9141 -17.9288 
13.3022 51.7064 46.8223 -17.1773 
13.318 50.0013 46.73 -16.3197 
13.3337 48.3636 46.6454 -15.3612 
13.3494 46.7971 46.5769 -14.3079 
13.3651 45.3053 46.5328 -13.1662 
13.3809 43.8903 46.521 -11.9432 
13.3966 42.554 46.5496 -10.6463 
13.4123 41.2971 46.6262 -9.28375 
13.428 40.1198 46.7579 -7.86381 
13.4438 39.0212 46.9516 -6.39528 
13.4595 37.9999 47.2137 -4.88724 
13.4752 37.0538 47.5498 -3.34902 
13.4909 36.1798 47.9652 -1.7901 
13.5066 35.3746 48.4642 -0.220127 
13.5224 34.6339 49.0508 1.35121 
13.5381 33.953 49.7278 2.91419 
13.5538 33.3266 50.4975 4.45918 
13.5695 32.7492 51.3614 5.97661 
13.5853 32.2146 52.3198 7.45713 
13.601 31.7165 53.3726 8.89158 
13.6167 31.2481 54.5186 10.2711 
13.6324 30.8028 55.7556 11.5872 
13.6482 30.3735 57.0809 12.8316 
13.6639 29.9532 58.4906 13.9969 
13.6796 29.5349 59.9801 15.0756 
13.6953 29.1119 61.544 16.0612 
13.7111 28.6772 63.1763 16.9476 
13.7268 28.2245 64.8699 17.7293 
13.7425 27.7474 66.6175 18.4015 
13.7582 27.2401 68.4107 18.96 
13.7739 26.6971 70.2408 19.4013 
13.7897 26.1135 72.0986 19.7228 
13.8054 25.4845 73.9745 19.9225 
13.8211 24.8062 75.8584 19.9991 
13.8368 24.0753 77.74 19.9522 
13.8526 23.2887 79.6088 19.7819 
13.8683 22.4445 81.4541 19.4895 
13.884 21.5409 83.2654 19.0767 
13.8997 20.5771 85.032 18.546 
13.9155 19.5528 86.7434 17.9008 
13.9312 18.4684 88.3893 17.145 
13.9469 17.325 89.9597 16.2832 
13.9626 16.1242 91.4451 15.3209 
13.9784 14.8685 92.8362 14.2639 
13.9941 13.5605 94.1244 13.1188 
14.0098 12.2039 95.3017 11.8927 
14.0255 10.8024 96.3607 10.5931 
14.0413 9.36068 97.2946 9.228 
14.057 7.88342 98.0975 7.80594 
14.0727 6.37589 98.7644 6.33565 
14.0884 4.84361 99.2909 4.82623 
14.1041 3.2924 99.6737 3.28699 
14.1199 1.72823 99.9103 1.72745 
14.1356 0.157236 99.9993 0.157235 
14.1513 -1.41438 99.9399 -1.41395 
14.167 -2.9804 99.7328 -2.9764 
14.1828 -4.5347 99.379 -4.52047 
14.1985 -6.07123 98.881 -6.03661 
14.2142 -7.58417 98.2419 -7.51545 
14.2299 -9.06791 97.4658 -8.94787 
14.2457 -10.5172 96.5577 -10.325 
14.2614 -11.927 95.5232 -11.6384 
14.2771 -13.293 94.369 -12.8798 
14.2928 -14.6109 93.1023 -14.0417 
14.3086 -15.8774 91.7311 -15.1169 
14.3243 -17.0893 90.2639 -16.0986 
14.34 -18.2444 88.7097 -16.9809 
14.3557 -19.3407 87.0781 -17.7583 
14.3714 -20.377 85.379 -18.426 
14.3872 -21.353 83.6226 -18.9799 
14.4029 -22.2685 81.8195 -19.4165 
14.4186 -23.1246 79.9801 -19.7332 
14.4343 -23.9225 78.1151 -19.9279 
14.4501 -24.6644 76.2352 -19.9996 
14.4658 -25.3529 74.351 -19.9477 
14.4815 -25.9914 72.4727 -19.7726 
14.4972 -26.5838 70.6105 -19.4753 
14.513 -27.1345 68.774 -19.0577 
14.5287 -27.6485 66.9727 -18.5224 
14.5444 -28.1312 65.2154 -17.8727 
14.5601 -28.5883 63.5103 -17.1125 
14.5759 -29.0261 61.8652 -16.2466 
14.5916 -29.4509 60.2871 -15.2804 
14.6073 -29.8696 58.7822 -14.2197 
14.623 -30.2889 57.3562 -13.0713 
14.6388 -30.7159 56.0137 -11.842 
14.6545 -31.1575 54.7588 -10.5397 
14.6702 -31.6206 53.5944 -9.17215 
14.6859 -32.1123 52.5229 -7.74799 
14.7016 -32.639 51.5455 -6.27597 
14.7174 -33.2074 50.6628 -4.76517 
14.7331 -33.8235 49.8743 -3.22494 
14.7488 -34.4931 49.1789 -1.66478 
14.7645 -35.2214 48.5744 -0.0943418 
14.7803 -36.0134 48.0582 1.47668 
14.796 -36.8733 47.6264 3.03858 
14.8117 -37.8048 47.2748 4.58171 
14.8274 -38.8108 46.9984 6.09654 
14.8432 -39.8938 46.7915 7.5737 
14.8589 -41.0553 46.6479 9.00407 
14.8746 -42.2963 46.5609 10.3788 
14.8903 -43.6167 46.5233 11.6895 
14.9061 -45.016 46.5276 12.9279 
14.9218 -46.4927 46.5659 14.0864 
14.9375 -48.0445 46.6302 15.158 
14.9532 -49.6683 46.7122 16.1359 
14.9689 -51.3602 46.8036 17.0141 
14.9847 -53.1158 46.8962 17.7872 
15.0004 -54.9297 46.9816 18.4504 
15.0161 -56.7958 47.0518 18.9996 
15.0318 -58.7076 47.0988 19.4315 
15.0476 -60.6576 47.1151 19.7433 
15.0633 -62.6382 47.0933 19.9332 
15.079 -64.6409 47.0265 19.9999 
15.0947 -66.657 46.9084 19.9431 
15.1105 -68.6774 46.7331 19.763 
15.1262 -70.6926 46.4952 19.4609 
15.1419 -72.6929 46.19 19.0385 
15.1576 -74.6685 45.8134 18.4986 
15.1734 -76.6095 45.362 17.8443 
15.1891 -78.506 44.833 17.0799 
15.2048 -80.3482 44.2245 16.2099 
15.2205 -82.1264 43.535 15.2397 
15.2363 -83.8313 42.764 14.1755 
15.252 -85.4538 41.9117 13.0236 
15.2677 -86.9851 40.9789 11.7913 
15.2834 -88.417 39.967 10.4861 
15.2991 -89.7419 38.8784 9.11622 
15.3149 -90.9527 37.7157 7.68997 
15.3306 -92.0429 36.4825 6.21622 
15.3463 -93.0068 35.1828 4.70406 
15.362 -93.8396 33.821 3.16285 
15.3778 -94.537 32.4021 1.6021 
15.3935 -95.0959 30.9316 0.0314474 
15.4092 -95.5138 29.4151 -1.5394 
15.4249 -95.7893 27.8588 -3.10073 
15.4407 -95.9217 26.2688 -4.64291 
15.4564 -95.9115 24.6516 -6.15641 
15.4721 -95.76 23.0138 -7.63187 
15.4878 -95.4693 21.362 -9.06019 
15.5036 -95.0427 19.7027 -10.4325 
15.5193 -94.4842 18.0423 -11.7404 
15.535 -93.7986 16.3872 -12.9758 
15.5507 -92.9917 14.7434 -14.131 
15.5665 -92.0701 13.1168 -15.1989 
15.5822 -91.0408 11.5128 -16.1729 
15.5979 -89.912 9.93639 -17.047 
15.6136 -88.692 8.39231 -17.8158 
15.6293 -87.3902 6.88467 -18.4746 
15.6451 -86.0159 5.41709 -19.0192 
15.6608 -84.5793 3.99266 -19.4463 
15.6765 -83.0907 2.61385 -19.7533 
15.6922 -81.5607 1.28254 -19.9382 
15.708 -80 2.59127e-11 -20 
