REAL_FUNCTION
Damped Forced Pendulum - angle in time
x1: 0
x2: 10
NumPoints: 1000
0 0.2
0.01001 0.20005
0.02002 0.2002
0.03003 0.200448
0.04004 0.200794
0.0500501 0.201236
0.0600601 0.201773
0.0700701 0.202402
0.0800801 0.203121
0.0900901 0.203928
0.1001 0.20482
0.11011 0.205793
0.12012 0.206846
0.13013 0.207974
0.14014 0.209174
0.15015 0.210442
0.16016 0.211773
0.17017 0.213165
0.18018 0.214611
0.19019 0.216108
0.2002 0.217652
0.21021 0.219236
0.22022 0.220856
0.23023 0.222508
0.24024 0.224185
0.25025 0.225882
0.26026 0.227594
0.27027 0.229316
0.28028 0.231041
0.29029 0.232765
0.3003 0.234481
0.31031 0.236183
0.32032 0.237867
0.33033 0.239526
0.34034 0.241155
0.35035 0.242748
0.36036 0.244299
0.37037 0.245803
0.38038 0.247254
0.39039 0.248648
0.4004 0.249977
0.41041 0.251239
0.42042 0.252426
0.43043 0.253535
0.44044 0.25456
0.45045 0.255496
0.46046 0.25634
0.47047 0.257087
0.48048 0.257732
0.49049 0.258272
0.500501 0.258703
0.510511 0.259021
0.520521 0.259223
0.530531 0.259306
0.540541 0.259266
0.550551 0.259102
0.560561 0.25881
0.570571 0.25839
0.580581 0.257837
0.590591 0.257152
0.600601 0.256333
0.610611 0.255378
0.620621 0.254287
0.630631 0.253059
0.640641 0.251694
0.650651 0.250191
0.660661 0.248553
0.670671 0.246777
0.680681 0.244866
0.690691 0.242821
0.700701 0.240643
0.710711 0.238334
0.720721 0.235894
0.730731 0.233328
0.740741 0.230637
0.750751 0.227824
0.760761 0.224892
0.770771 0.221843
0.780781 0.218683
0.790791 0.215413
0.800801 0.212038
0.810811 0.208562
0.820821 0.20499
0.830831 0.201325
0.840841 0.197573
0.850851 0.193738
0.860861 0.189826
0.870871 0.185841
0.880881 0.181789
0.890891 0.177676
0.900901 0.173506
0.910911 0.169285
0.920921 0.165021
0.930931 0.160717
0.940941 0.15638
0.950951 0.152017
0.960961 0.147633
0.970971 0.143234
0.980981 0.138826
0.990991 0.134416
1.001 0.130009
1.01101 0.125612
1.02102 0.12123
1.03103 0.11687
1.04104 0.112538
1.05105 0.108239
1.06106 0.103979
1.07107 0.0997647
1.08108 0.0956004
1.09109 0.0914922
1.1011 0.0874452
1.11111 0.0834647
1.12112 0.0795556
1.13113 0.075723
1.14114 0.0719713
1.15115 0.0683052
1.16116 0.064729
1.17117 0.0612466
1.18118 0.0578623
1.19119 0.0545792
1.2012 0.0514013
1.21121 0.0483313
1.22122 0.0453726
1.23123 0.0425276
1.24124 0.0397989
1.25125 0.0371887
1.26126 0.0346987
1.27127 0.0323309
1.28128 0.0300863
1.29129 0.0279665
1.3013 0.0259719
1.31131 0.0241032
1.32132 0.0223608
1.33133 0.0207443
1.34134 0.019254
1.35135 0.0178889
1.36136 0.0166483
1.37137 0.0155312
1.38138 0.014536
1.39139 0.0136613
1.4014 0.012905
1.41141 0.012265
1.42142 0.0117388
1.43143 0.0113238
1.44144 0.0110171
1.45145 0.0108155
1.46146 0.0107157
1.47147 0.010714
1.48148 0.0108066
1.49149 0.0109895
1.5015 0.0112586
1.51151 0.0116093
1.52152 0.0120372
1.53153 0.0125376
1.54154 0.0131055
1.55155 0.0137359
1.56156 0.0144238
1.57157 0.0151637
1.58158 0.0159504
1.59159 0.0167783
1.6016 0.017642
1.61161 0.0185358
1.62162 0.0194541
1.63163 0.0203911
1.64164 0.021341
1.65165 0.0222982
1.66166 0.0232569
1.67167 0.0242113
1.68168 0.0251556
1.69169 0.0260843
1.7017 0.0269916
1.71171 0.0278719
1.72172 0.0287198
1.73173 0.0295299
1.74174 0.0302967
1.75175 0.0310151
1.76176 0.0316801
1.77177 0.0322865
1.78178 0.0328298
1.79179 0.0333051
1.8018 0.033708
1.81181 0.0340343
1.82182 0.0342797
1.83183 0.0344404
1.84184 0.0345127
1.85185 0.034493
1.86186 0.0343781
1.87187 0.034165
1.88188 0.0338508
1.89189 0.0334329
1.9019 0.0329091
1.91191 0.0322772
1.92192 0.0315357
1.93193 0.0306827
1.94194 0.0297171
1.95195 0.0286379
1.96196 0.0274444
1.97197 0.0261361
1.98198 0.0247128
1.99199 0.0231748
2.002 0.0215221
2.01201 0.0197559
2.02202 0.0178765
2.03203 0.0158856
2.04204 0.0137845
2.05205 0.0115749
2.06206 0.00925881
2.07207 0.00683857
2.08208 0.00431666
2.09209 0.00169588
2.1021 -0.00102083
2.11211 -0.00383017
2.12212 -0.00672865
2.13213 -0.0097126
2.14214 -0.0127781
2.15215 -0.015921
2.16216 -0.019137
2.17217 -0.0224217
2.18218 -0.0257702
2.19219 -0.0291778
2.2022 -0.0326395
2.21221 -0.0361501
2.22222 -0.0397044
2.23223 -0.0432969
2.24224 -0.0469221
2.25225 -0.0505744
2.26226 -0.0542482
2.27227 -0.0579376
2.28228 -0.0616368
2.29229 -0.06534
2.3023 -0.0690412
2.31231 -0.0727344
2.32232 -0.0764139
2.33233 -0.0800735
2.34234 -0.0837074
2.35235 -0.0873097
2.36236 -0.0908746
2.37237 -0.0943962
2.38238 -0.0978689
2.39239 -0.101287
2.4024 -0.104645
2.41241 -0.107937
2.42242 -0.111159
2.43243 -0.114304
2.44244 -0.117369
2.45245 -0.120347
2.46246 -0.123235
2.47247 -0.126027
2.48248 -0.12872
2.49249 -0.131309
2.5025 -0.13379
2.51251 -0.13616
2.52252 -0.138414
2.53253 -0.140551
2.54254 -0.142565
2.55255 -0.144456
2.56256 -0.14622
2.57257 -0.147854
2.58258 -0.149358
2.59259 -0.150728
2.6026 -0.151964
2.61261 -0.153064
2.62262 -0.154027
2.63263 -0.154853
2.64264 -0.15554
2.65265 -0.15609
2.66266 -0.156502
2.67267 -0.156776
2.68268 -0.156913
2.69269 -0.156915
2.7027 -0.156781
2.71271 -0.156515
2.72272 -0.156117
2.73273 -0.15559
2.74274 -0.154936
2.75275 -0.154157
2.76276 -0.153257
2.77277 -0.152238
2.78278 -0.151104
2.79279 -0.149858
2.8028 -0.148504
2.81281 -0.147046
2.82282 -0.145488
2.83283 -0.143834
2.84284 -0.142089
2.85285 -0.140258
2.86286 -0.138345
2.87287 -0.136356
2.88288 -0.134296
2.89289 -0.132169
2.9029 -0.129983
2.91291 -0.127741
2.92292 -0.125449
2.93293 -0.123114
2.94294 -0.120741
2.95295 -0.118336
2.96296 -0.115905
2.97297 -0.113454
2.98298 -0.110988
2.99299 -0.108514
3.003 -0.106037
3.01301 -0.103564
3.02302 -0.1011
3.03303 -0.0986519
3.04304 -0.0962243
3.05305 -0.0938234
3.06306 -0.0914548
3.07307 -0.0891239
3.08308 -0.0868363
3.09309 -0.0845973
3.1031 -0.0824118
3.11311 -0.0802851
3.12312 -0.0782217
3.13313 -0.0762268
3.14314 -0.0743045
3.15315 -0.0724593
3.16316 -0.0706953
3.17317 -0.0690164
3.18318 -0.0674264
3.19319 -0.0659286
3.2032 -0.0645266
3.21321 -0.063223
3.22322 -0.062021
3.23323 -0.0609226
3.24324 -0.0599308
3.25325 -0.059047
3.26326 -0.0582733
3.27327 -0.057611
3.28328 -0.0570614
3.29329 -0.0566255
3.3033 -0.0563037
3.31331 -0.0560969
3.32332 -0.0560046
3.33333 -0.0560272
3.34334 -0.0561639
3.35335 -0.056414
3.36336 -0.0567767
3.37337 -0.0572506
3.38338 -0.0578343
3.39339 -0.0585258
3.4034 -0.0593231
3.41341 -0.060224
3.42342 -0.0612259
3.43343 -0.0623258
3.44344 -0.0635209
3.45345 -0.0648078
3.46346 -0.066183
3.47347 -0.0676427
3.48348 -0.0691832
3.49349 -0.0708001
3.5035 -0.0724893
3.51351 -0.0742461
3.52352 -0.076066
3.53353 -0.0779441
3.54354 -0.0798754
3.55355 -0.0818548
3.56356 -0.0838771
3.57357 -0.0859369
3.58358 -0.0880288
3.59359 -0.0901472
3.6036 -0.0922865
3.61361 -0.094441
3.62362 -0.096605
3.63363 -0.0987726
3.64364 -0.100938
3.65365 -0.103096
3.66366 -0.10524
3.67367 -0.107364
3.68368 -0.109463
3.69369 -0.111531
3.7037 -0.113563
3.71371 -0.115552
3.72372 -0.117493
3.73373 -0.119381
3.74374 -0.121211
3.75375 -0.122976
3.76376 -0.124673
3.77377 -0.126296
3.78378 -0.12784
3.79379 -0.1293
3.8038 -0.130673
3.81381 -0.131954
3.82382 -0.133138
3.83383 -0.134223
3.84384 -0.135204
3.85385 -0.136077
3.86386 -0.13684
3.87387 -0.137489
3.88388 -0.138022
3.89389 -0.138437
3.9039 -0.138729
3.91391 -0.1389
3.92392 -0.138945
3.93393 -0.138863
3.94394 -0.138654
3.95395 -0.138317
3.96396 -0.13785
3.97397 -0.137254
3.98398 -0.136528
3.99399 -0.135672
4.004 -0.134688
4.01401 -0.133575
4.02402 -0.132334
4.03403 -0.130967
4.04404 -0.129476
4.05405 -0.127862
4.06406 -0.126127
4.07407 -0.124274
4.08408 -0.122305
4.09409 -0.120222
4.1041 -0.11803
4.11411 -0.115732
4.12412 -0.11333
4.13413 -0.110829
4.14414 -0.108233
4.15415 -0.105545
4.16416 -0.102771
4.17417 -0.0999145
4.18418 -0.0969805
4.19419 -0.0939741
4.2042 -0.0909001
4.21421 -0.0877639
4.22422 -0.0845707
4.23423 -0.081326
4.24424 -0.0780354
4.25425 -0.0747046
4.26426 -0.0713393
4.27427 -0.0679453
4.28428 -0.0645285
4.29429 -0.0610948
4.3043 -0.0576503
4.31431 -0.0542008
4.32432 -0.0507524
4.33433 -0.0473111
4.34434 -0.0438827
4.35435 -0.0404733
4.36436 -0.0370888
4.37437 -0.0337349
4.38438 -0.0304174
4.39439 -0.0271421
4.4044 -0.0239144
4.41441 -0.0207398
4.42442 -0.0176237
4.43443 -0.0145713
4.44444 -0.0115878
4.45445 -0.00867785
4.46446 -0.00584639
4.47447 -0.00309798
4.48448 -0.000436965
4.49449 0.00213243
4.5045 0.0046062
4.51451 0.00698058
4.52452 0.00925202
4.53453 0.0114172
4.54454 0.013473
4.55455 0.0154166
4.56456 0.0172454
4.57457 0.0189569
4.58458 0.0205494
4.59459 0.0220206
4.6046 0.0233694
4.61461 0.024594
4.62462 0.025694
4.63463 0.0266682
4.64464 0.0275164
4.65465 0.0282383
4.66466 0.0288341
4.67467 0.0293042
4.68468 0.029649
4.69469 0.0298698
4.7047 0.0299675
4.71471 0.0299438
4.72472 0.0298003
4.73473 0.0295391
4.74474 0.0291625
4.75475 0.0286729
4.76476 0.0280732
4.77477 0.0273663
4.78478 0.0265556
4.79479 0.0256444
4.8048 0.0246365
4.81481 0.0235358
4.82482 0.0223463
4.83483 0.0210725
4.84484 0.0197186
4.85485 0.0182896
4.86486 0.01679
4.87487 0.0152249
4.88488 0.0135995
4.89489 0.0119189
4.9049 0.0101885
4.91491 0.00841376
4.92492 0.00660024
4.93493 0.00475358
4.94494 0.00287948
4.95495 0.000983673
4.96496 -0.000928026
4.97497 -0.00284979
4.98498 -0.00477579
4.99499 -0.00670016
5.00501 -0.00861709
5.01502 -0.0105207
5.02503 -0.0124054
5.03504 -0.0142652
5.04505 -0.0160947
5.05506 -0.0178881
5.06507 -0.01964
5.07508 -0.021345
5.08509 -0.0229979
5.0951 -0.0245933
5.10511 -0.0261264
5.11512 -0.0275922
5.12513 -0.028986
5.13514 -0.0303033
5.14515 -0.0315396
5.15516 -0.0326909
5.16517 -0.0337531
5.17518 -0.0347224
5.18519 -0.0355952
5.1952 -0.0363683
5.20521 -0.0370385
5.21522 -0.0376029
5.22523 -0.0380589
5.23524 -0.0384042
5.24525 -0.0386365
5.25526 -0.0387542
5.26527 -0.0387554
5.27528 -0.0386389
5.28529 -0.0384038
5.2953 -0.038049
5.30531 -0.0375743
5.31532 -0.0369793
5.32533 -0.0362641
5.33534 -0.0354289
5.34535 -0.0344746
5.35536 -0.0334017
5.36537 -0.0322118
5.37538 -0.0309058
5.38539 -0.0294858
5.3954 -0.0279535
5.40541 -0.0263114
5.41542 -0.0245617
5.42543 -0.0227073
5.43544 -0.020751
5.44545 -0.0186961
5.45546 -0.0165461
5.46547 -0.0143045
5.47548 -0.0119752
5.48549 -0.00956247
5.4955 -0.00707033
5.50551 -0.00450339
5.51552 -0.00186626
5.52553 0.000836287
5.53554 0.00359926
5.54555 0.00641754
5.55556 0.0092859
5.56557 0.012199
5.57558 0.0151513
5.58559 0.0181372
5.5956 0.0211512
5.60561 0.0241873
5.61562 0.02724
5.62563 0.0303032
5.63564 0.0333712
5.64565 0.036438
5.65566 0.0394976
5.66567 0.0425443
5.67568 0.0455721
5.68569 0.0485751
5.6957 0.0515475
5.70571 0.0544835
5.71572 0.0573776
5.72573 0.0602239
5.73574 0.0630171
5.74575 0.0657517
5.75576 0.0684224
5.76577 0.071024
5.77578 0.0735516
5.78579 0.0760002
5.7958 0.0783652
5.80581 0.0806419
5.81582 0.0828261
5.82583 0.0849136
5.83584 0.0869005
5.84585 0.088783
5.85586 0.0905575
5.86587 0.092221
5.87588 0.0937699
5.88589 0.0952021
5.8959 0.0965143
5.90591 0.0977047
5.91592 0.0987712
5.92593 0.0997116
5.93594 0.100525
5.94595 0.101209
5.95596 0.101765
5.96597 0.102189
5.97598 0.102483
5.98599 0.102647
5.996 0.102679
6.00601 0.102581
6.01602 0.102354
6.02603 0.101998
6.03604 0.101514
6.04605 0.100905
6.05606 0.100171
6.06607 0.0993154
6.07608 0.0983399
6.08609 0.0972471
6.0961 0.09604
6.10611 0.0947213
6.11612 0.0932947
6.12613 0.0917633
6.13614 0.0901313
6.14615 0.088402
6.15616 0.0865802
6.16617 0.0846699
6.17618 0.0826756
6.18619 0.0806022
6.1962 0.0784543
6.20621 0.0762372
6.21622 0.0739559
6.22623 0.0716158
6.23624 0.0692221
6.24625 0.0667805
6.25626 0.0642966
6.26627 0.0617761
6.27628 0.0592247
6.28629 0.0566482
6.2963 0.0540526
6.30631 0.0514437
6.31632 0.0488275
6.32633 0.0462098
6.33634 0.0435967
6.34635 0.0409939
6.35636 0.0384074
6.36637 0.0358429
6.37638 0.0333062
6.38639 0.0308031
6.3964 0.028339
6.40641 0.0259195
6.41642 0.0235499
6.42643 0.0212357
6.43644 0.0189817
6.44645 0.0167932
6.45646 0.0146748
6.46647 0.0126312
6.47648 0.010667
6.48649 0.00878642
6.4965 0.0069936
6.50651 0.00529239
6.51652 0.00368648
6.52653 0.0021794
6.53654 0.000774306
6.54655 -0.000525791
6.55656 -0.00171812
6.56657 -0.00280019
6.57658 -0.00376975
6.58659 -0.00462482
6.5966 -0.0053637
6.60661 -0.00598487
6.61662 -0.00648721
6.62663 -0.00686983
6.63664 -0.007132
6.64665 -0.00727353
6.65666 -0.00729414
6.66667 -0.0071942
6.67668 -0.00697409
6.68669 -0.0066346
6.6967 -0.00617681
6.70671 -0.00560187
6.71672 -0.00491155
6.72673 -0.00410753
6.73674 -0.00319198
6.74675 -0.00216728
6.75676 -0.00103596
6.76677 0.000199078
6.77678 0.00153475
6.78679 0.00296773
6.7968 0.00449447
6.80681 0.0061112
6.81682 0.00781396
6.82683 0.00959857
6.83684 0.0114607
6.84685 0.0133957
6.85686 0.0153989
6.86687 0.0174655
6.87688 0.0195904
6.88689 0.0217685
6.8969 0.0239945
6.90691 0.0262629
6.91692 0.0285684
6.92693 0.0309052
6.93694 0.0332677
6.94695 0.0356503
6.95696 0.038047
6.96697 0.0404521
6.97698 0.0428598
6.98699 0.0452641
6.997 0.0476592
7.00701 0.0500394
7.01702 0.0523986
7.02703 0.0547313
7.03704 0.0570316
7.04705 0.0592938
7.05706 0.0615125
7.06707 0.0636821
7.07708 0.0657972
7.08709 0.0678526
7.0971 0.0698431
7.10711 0.0717637
7.11712 0.0736095
7.12713 0.0753759
7.13714 0.0770583
7.14715 0.0786524
7.15716 0.0801541
7.16717 0.0815592
7.17718 0.0828644
7.18719 0.0840656
7.1972 0.0851601
7.20721 0.0861443
7.21722 0.0870158
7.22723 0.0877718
7.23724 0.0884099
7.24725 0.0889285
7.25726 0.089325
7.26727 0.0895986
7.27728 0.0897477
7.28729 0.0897713
7.2973 0.0896686
7.30731 0.0894394
7.31732 0.0890833
7.32733 0.0886005
7.33734 0.0879914
7.34735 0.0872567
7.35736 0.0863973
7.36737 0.0854143
7.37738 0.0843094
7.38739 0.0830842
7.3974 0.0817408
7.40741 0.0802814
7.41742 0.0787086
7.42743 0.0770252
7.43744 0.0752341
7.44745 0.0733388
7.45746 0.0713425
7.46747 0.0692491
7.47748 0.0670625
7.48749 0.0647868
7.4975 0.0624264
7.50751 0.0599856
7.51752 0.0574694
7.52753 0.0548824
7.53754 0.0522298
7.54755 0.0495166
7.55756 0.0467483
7.56757 0.04393
7.57758 0.0410675
7.58759 0.0381662
7.5976 0.035232
7.60761 0.0322706
7.61762 0.0292877
7.62763 0.0262894
7.63764 0.0232815
7.64765 0.0202699
7.65766 0.0172606
7.66767 0.0142595
7.67768 0.0112725
7.68769 0.00830551
7.6977 0.00536438
7.70771 0.00245487
7.71772 -0.00041731
7.72773 -0.00324654
7.73774 -0.00602728
7.74775 -0.00875412
7.75776 -0.0114217
7.76777 -0.014025
7.77778 -0.0165589
7.78779 -0.0190185
7.7978 -0.0213991
7.80781 -0.0236962
7.81782 -0.0259055
7.82783 -0.0280228
7.83784 -0.0300441
7.84785 -0.0319658
7.85786 -0.0337842
7.86787 -0.0354962
7.87788 -0.0370988
7.88789 -0.0385889
7.8979 -0.0399643
7.90791 -0.0412224
7.91792 -0.0423613
7.92793 -0.0433793
7.93794 -0.0442747
7.94795 -0.0450466
7.95796 -0.0456935
7.96797 -0.0462154
7.97798 -0.0466112
7.98799 -0.0468813
7.998 -0.0470255
8.00801 -0.0470445
8.01802 -0.0469387
8.02803 -0.0467093
8.03804 -0.0463576
8.04805 -0.0458849
8.05806 -0.0452932
8.06807 -0.0445844
8.07808 -0.0437609
8.08809 -0.0428253
8.0981 -0.0417803
8.10811 -0.040629
8.11812 -0.0393748
8.12813 -0.038021
8.13814 -0.0365715
8.14815 -0.0350301
8.15816 -0.0334012
8.16817 -0.0316888
8.17818 -0.0298977
8.18819 -0.0280324
8.1982 -0.0260979
8.20821 -0.0240991
8.21822 -0.0220412
8.22823 -0.0199294
8.23824 -0.0177692
8.24825 -0.0155661
8.25826 -0.0133256
8.26827 -0.0110535
8.27828 -0.00875533
8.28829 -0.00643704
8.2983 -0.00410441
8.30831 -0.00176331
8.31832 0.000580384
8.32833 0.00292079
8.33834 0.00525205
8.34835 0.00756832
8.35836 0.00986378
8.36837 0.0121327
8.37838 0.0143693
8.38839 0.0165681
8.3984 0.0187235
8.40841 0.02083
8.41842 0.0228824
8.42843 0.0248755
8.43844 0.0268042
8.44845 0.0286635
8.45846 0.0304488
8.46847 0.0321555
8.47848 0.0337791
8.48849 0.0353154
8.4985 0.0367605
8.50851 0.0381105
8.51852 0.0393618
8.52853 0.040511
8.53854 0.0415552
8.54855 0.0424911
8.55856 0.0433164
8.56857 0.0440284
8.57858 0.0446253
8.58859 0.0451049
8.5986 0.0454658
8.60861 0.0457064
8.61862 0.045826
8.62863 0.0458234
8.63864 0.0456983
8.64865 0.0454503
8.65866 0.0450796
8.66867 0.0445863
8.67868 0.0439711
8.68869 0.043235
8.6987 0.0423788
8.70871 0.0414042
8.71872 0.0403127
8.72873 0.0391064
8.73874 0.0377872
8.74875 0.0363579
8.75876 0.0348209
8.76877 0.0331794
8.77878 0.0314365
8.78879 0.0295955
8.7988 0.0276602
8.80881 0.0256343
8.81882 0.0235221
8.82883 0.0213276
8.83884 0.0190553
8.84885 0.01671
8.85886 0.0142962
8.86887 0.0118192
8.87888 0.00928376
8.88889 0.00669532
8.8989 0.00405919
8.90891 0.0013808
8.91892 -0.00133425
8.92893 -0.00408033
8.93894 -0.0068517
8.94895 -0.00964257
8.95896 -0.0124471
8.96897 -0.0152595
8.97898 -0.0180737
8.98899 -0.020884
8.999 -0.0236843
9.00901 -0.0264689
9.01902 -0.0292318
9.02903 -0.0319672
9.03904 -0.0346695
9.04905 -0.0373329
9.05906 -0.0399517
9.06907 -0.0425205
9.07908 -0.0450339
9.08909 -0.0474866
9.0991 -0.0498734
9.10911 -0.0521894
9.11912 -0.0544295
9.12913 -0.0565893
9.13914 -0.0586639
9.14915 -0.0606494
9.15916 -0.0625412
9.16917 -0.0643357
9.17918 -0.0660289
9.18919 -0.0676175
9.1992 -0.069098
9.20921 -0.0704675
9.21922 -0.0717232
9.22923 -0.0728623
9.23924 -0.0738829
9.24925 -0.0747824
9.25926 -0.0755596
9.26927 -0.0762125
9.27928 -0.0767401
9.28929 -0.0771414
9.2993 -0.0774156
9.30931 -0.0775624
9.31932 -0.0775814
9.32933 -0.077473
9.33934 -0.0772375
9.34935 -0.0768755
9.35936 -0.0763881
9.36937 -0.0757764
9.37938 -0.0750421
9.38939 -0.0741868
9.3994 -0.0732127
9.40941 -0.0721218
9.41942 -0.070917
9.42943 -0.0696009
9.43944 -0.0681767
9.44945 -0.0666473
9.45946 -0.0650167
9.46947 -0.0632883
9.47948 -0.0614661
9.48949 -0.0595543
9.4995 -0.0575572
9.50951 -0.0554794
9.51952 -0.0533254
9.52953 -0.0511002
9.53954 -0.0488089
9.54955 -0.0464564
9.55956 -0.0440482
9.56957 -0.0415896
9.57958 -0.0390862
9.58959 -0.0365435
9.5996 -0.0339672
9.60961 -0.0313631
9.61962 -0.0287371
9.62963 -0.0260949
9.63964 -0.0234425
9.64965 -0.0207857
9.65966 -0.0181305
9.66967 -0.0154828
9.67968 -0.0128485
9.68969 -0.0102334
9.6997 -0.00764329
9.70971 -0.00508396
9.71972 -0.00256105
9.72973 -8.01629e-05
9.73974 0.00235323
9.74975 0.00473376
9.75976 0.00705617
9.76977 0.00931534
9.77978 0.0115063
9.78979 0.0136242
9.7998 0.0156645
9.80981 0.0176226
9.81982 0.0194943
9.82983 0.0212754
9.83984 0.0229622
9.84985 0.0245508
9.85986 0.026038
9.86987 0.0274204
9.87988 0.0286951
9.88989 0.0298593
9.8999 0.0309107
9.90991 0.0318468
9.91992 0.0326659
9.92993 0.033366
9.93994 0.033946
9.94995 0.0344044
9.95996 0.0347406
9.96997 0.0349538
9.97998 0.0350438
9.98999 0.0350104
10 0.0348539
