REAL_FUNCTION
f2
x1: -20
x2: 20
NumPoints: 500
-20 -0.122504
-19.9198 -0.121559
-19.8397 -0.119614
-19.7595 -0.116616
-19.6794 -0.11252
-19.5992 -0.107286
-19.519 -0.100878
-19.4389 -0.0932715
-19.3587 -0.0844454
-19.2786 -0.0743887
-19.1984 -0.0630991
-19.1182 -0.0505837
-19.0381 -0.0368597
-18.9579 -0.0219548
-18.8778 -0.00590775
-18.7976 0.0112312
-18.7174 0.0294002
-18.6373 0.0485251
-18.5571 0.0685196
-18.477 0.0892852
-18.3968 0.110711
-18.3166 0.132673
-18.2365 0.155037
-18.1563 0.177654
-18.0762 0.200367
-17.996 0.223006
-17.9158 0.245392
-17.8357 0.267333
-17.7555 0.288634
-17.6754 0.309088
-17.5952 0.328484
-17.515 0.346604
-17.4349 0.363228
-17.3547 0.378131
-17.2745 0.391091
-17.1944 0.401884
-17.1142 0.41029
-17.0341 0.416094
-16.9539 0.419087
-16.8737 0.419069
-16.7936 0.415852
-16.7134 0.40926
-16.6333 0.399131
-16.5531 0.385324
-16.4729 0.367715
-16.3928 0.346203
-16.3126 0.320711
-16.2325 0.291187
-16.1523 0.257608
-16.0721 0.219983
-15.992 0.17835
-15.9118 0.132782
-15.8317 0.0833877
-15.7515 0.03031
-15.6713 -0.0262688
-15.5912 -0.0861289
-15.511 -0.149011
-15.4309 -0.214618
-15.3507 -0.282613
-15.2705 -0.352617
-15.1904 -0.424219
-15.1102 -0.496964
-15.0301 -0.570366
-14.9499 -0.643901
-14.8697 -0.717015
-14.7896 -0.789123
-14.7094 -0.859613
-14.6293 -0.927849
-14.5491 -0.993175
-14.4689 -1.05492
-14.3888 -1.11239
-14.3086 -1.16491
-14.2285 -1.21178
-14.1483 -1.2523
-14.0681 -1.28579
-13.988 -1.31159
-13.9078 -1.32904
-13.8277 -1.33754
-13.7475 -1.33648
-13.6673 -1.32533
-13.5872 -1.30358
-13.507 -1.27079
-13.4269 -1.22657
-13.3467 -1.1706
-13.2665 -1.10263
-13.1864 -1.02249
-13.1062 -0.930098
-13.0261 -0.82546
-12.9459 -0.708676
-12.8657 -0.579947
-12.7856 -0.439578
-12.7054 -0.28798
-12.6253 -0.125674
-12.5451 0.0467038
-12.4649 0.228408
-12.3848 0.418577
-12.3046 0.616236
-12.2244 0.820301
-12.1443 1.02958
-12.0641 1.24276
-11.984 1.45845
-11.9038 1.67516
-11.8236 1.89128
-11.7435 2.10517
-11.6633 2.31507
-11.5832 2.51918
-11.503 2.71566
-11.4228 2.9026
-11.3427 3.07809
-11.2625 3.2402
-11.1824 3.387
-11.1022 3.51658
-11.022 3.62706
-10.9419 3.71661
-10.8617 3.78348
-10.7816 3.82599
-10.7014 3.84257
-10.6212 3.83178
-10.5411 3.7923
-10.4609 3.72299
-10.3808 3.62287
-10.3006 3.49115
-10.2204 3.32725
-10.1403 3.13081
-10.0601 2.90171
-9.97996 2.64008
-9.8998 2.3463
-9.81964 2.02103
-9.73948 1.6652
-9.65932 1.28002
-9.57916 0.867005
-9.499 0.427943
-9.41884 -0.0350844
-9.33868 -0.51971
-9.25852 -1.02329
-9.17836 -1.5429
-9.0982 -2.07537
-9.01804 -2.61727
-8.93788 -3.16495
-8.85772 -3.71454
-8.77756 -4.26199
-8.69739 -4.80308
-8.61723 -5.33346
-8.53707 -5.84866
-8.45691 -6.34416
-8.37675 -6.81537
-8.29659 -7.25771
-8.21643 -7.66665
-8.13627 -8.0377
-8.05611 -8.36651
-7.97595 -8.64887
-7.89579 -8.88078
-7.81563 -9.05847
-7.73547 -9.17845
-7.65531 -9.23756
-7.57515 -9.23299
-7.49499 -9.16236
-7.41483 -9.02369
-7.33467 -8.8155
-7.25451 -8.53681
-7.17435 -8.18717
-7.09419 -7.76669
-7.01403 -7.27607
-6.93387 -6.71659
-6.85371 -6.09015
-6.77355 -5.39926
-6.69339 -4.64707
-6.61323 -3.83731
-6.53307 -2.97433
-6.45291 -2.06308
-6.37275 -1.10905
-6.29259 -0.118289
-6.21242 0.902669
-6.13226 1.94682
-6.0521 3.00674
-5.97194 4.07467
-5.89178 5.14251
-5.81162 6.20195
-5.73146 7.2445
-5.6513 8.26157
-5.57114 9.24456
-5.49098 10.1849
-5.41082 11.0743
-5.33066 11.9044
-5.2505 12.6674
-5.17034 13.356
-5.09018 13.963
-5.01002 14.482
-4.92986 14.9074
-4.8497 15.234
-4.76954 15.4575
-4.68938 15.5747
-4.60922 15.5829
-4.52906 15.4808
-4.4489 15.2677
-4.36874 14.9443
-4.28858 14.5122
-4.20842 13.974
-4.12826 13.3336
-4.0481 12.5958
-3.96794 11.7666
-3.88778 10.8527
-3.80762 9.86222
-3.72745 8.80376
-3.64729 7.68695
-3.56713 6.52212
-3.48697 5.32022
-3.40681 4.0927
-3.32665 2.85143
-3.24649 1.60854
-3.16633 0.376268
-3.08617 -0.833148
-3.00601 -2.00766
-2.92585 -3.13553
-2.84569 -4.20553
-2.76553 -5.20706
-2.68537 -6.13029
-2.60521 -6.96637
-2.52505 -7.70749
-2.44489 -8.34706
-2.36473 -8.87981
-2.28457 -9.30192
-2.20441 -9.61103
-2.12425 -9.80639
-2.04409 -9.88884
-1.96393 -9.86089
-1.88377 -9.72663
-1.80361 -9.49177
-1.72345 -9.16354
-1.64329 -8.75061
-1.56313 -8.26296
-1.48297 -7.71173
-1.40281 -7.10905
-1.32265 -6.46779
-1.24248 -5.80136
-1.16232 -5.12345
-1.08216 -4.4477
-1.002 -3.78741
-0.921844 -3.15524
-0.841683 -2.56283
-0.761523 -2.02049
-0.681363 -1.53684
-0.601202 -1.11845
-0.521042 -0.769543
-0.440882 -0.491651
-0.360721 -0.283345
-0.280561 -0.13997
-0.200401 -0.0534392
-0.12024 -0.0120666
-0.0400802 -0.000466184
0.0400802 0.000466184
0.12024 0.0120666
0.200401 0.0534392
0.280561 0.13997
0.360721 0.283345
0.440882 0.491651
0.521042 0.769543
0.601202 1.11845
0.681363 1.53684
0.761523 2.02049
0.841683 2.56283
0.921844 3.15524
1.002 3.78741
1.08216 4.4477
1.16232 5.12345
1.24248 5.80136
1.32265 6.46779
1.40281 7.10905
1.48297 7.71173
1.56313 8.26296
1.64329 8.75061
1.72345 9.16354
1.80361 9.49177
1.88377 9.72663
1.96393 9.86089
2.04409 9.88884
2.12425 9.80639
2.20441 9.61103
2.28457 9.30192
2.36473 8.87981
2.44489 8.34706
2.52505 7.70749
2.60521 6.96637
2.68537 6.13029
2.76553 5.20706
2.84569 4.20553
2.92585 3.13553
3.00601 2.00766
3.08617 0.833148
3.16633 -0.376268
3.24649 -1.60854
3.32665 -2.85143
3.40681 -4.0927
3.48697 -5.32022
3.56713 -6.52212
3.64729 -7.68695
3.72745 -8.80376
3.80762 -9.86222
3.88778 -10.8527
3.96794 -11.7666
4.0481 -12.5958
4.12826 -13.3336
4.20842 -13.974
4.28858 -14.5122
4.36874 -14.9443
4.4489 -15.2677
4.52906 -15.4808
4.60922 -15.5829
4.68938 -15.5747
4.76954 -15.4575
4.8497 -15.234
4.92986 -14.9074
5.01002 -14.482
5.09018 -13.963
5.17034 -13.356
5.2505 -12.6674
5.33066 -11.9044
5.41082 -11.0743
5.49098 -10.1849
5.57114 -9.24456
5.6513 -8.26157
5.73146 -7.2445
5.81162 -6.20195
5.89178 -5.14251
5.97194 -4.07467
6.0521 -3.00674
6.13226 -1.94682
6.21242 -0.902669
6.29259 0.118289
6.37275 1.10905
6.45291 2.06308
6.53307 2.97433
6.61323 3.83731
6.69339 4.64707
6.77355 5.39926
6.85371 6.09015
6.93387 6.71659
7.01403 7.27607
7.09419 7.76669
7.17435 8.18717
7.25451 8.53681
7.33467 8.8155
7.41483 9.02369
7.49499 9.16236
7.57515 9.23299
7.65531 9.23756
7.73547 9.17845
7.81563 9.05847
7.89579 8.88078
7.97595 8.64887
8.05611 8.36651
8.13627 8.0377
8.21643 7.66665
8.29659 7.25771
8.37675 6.81537
8.45691 6.34416
8.53707 5.84866
8.61723 5.33346
8.69739 4.80308
8.77756 4.26199
8.85772 3.71454
8.93788 3.16495
9.01804 2.61727
9.0982 2.07537
9.17836 1.5429
9.25852 1.02329
9.33868 0.51971
9.41884 0.0350844
9.499 -0.427943
9.57916 -0.867005
9.65932 -1.28002
9.73948 -1.6652
9.81964 -2.02103
9.8998 -2.3463
9.97996 -2.64008
10.0601 -2.90171
10.1403 -3.13081
10.2204 -3.32725
10.3006 -3.49115
10.3808 -3.62287
10.4609 -3.72299
10.5411 -3.7923
10.6212 -3.83178
10.7014 -3.84257
10.7816 -3.82599
10.8617 -3.78348
10.9419 -3.71661
11.022 -3.62706
11.1022 -3.51658
11.1824 -3.387
11.2625 -3.2402
11.3427 -3.07809
11.4228 -2.9026
11.503 -2.71566
11.5832 -2.51918
11.6633 -2.31507
11.7435 -2.10517
11.8236 -1.89128
11.9038 -1.67516
11.984 -1.45845
12.0641 -1.24276
12.1443 -1.02958
12.2244 -0.820301
12.3046 -0.616236
12.3848 -0.418577
12.4649 -0.228408
12.5451 -0.0467038
12.6253 0.125674
12.7054 0.28798
12.7856 0.439578
12.8657 0.579947
12.9459 0.708676
13.0261 0.82546
13.1062 0.930098
13.1864 1.02249
13.2665 1.10263
13.3467 1.1706
13.4269 1.22657
13.507 1.27079
13.5872 1.30358
13.6673 1.32533
13.7475 1.33648
13.8277 1.33754
13.9078 1.32904
13.988 1.31159
14.0681 1.28579
14.1483 1.2523
14.2285 1.21178
14.3086 1.16491
14.3888 1.11239
14.4689 1.05492
14.5491 0.993175
14.6293 0.927849
14.7094 0.859613
14.7896 0.789123
14.8697 0.717015
14.9499 0.643901
15.0301 0.570366
15.1102 0.496964
15.1904 0.424219
15.2705 0.352617
15.3507 0.282613
15.4309 0.214618
15.511 0.149011
15.5912 0.0861289
15.6713 0.0262688
15.7515 -0.03031
15.8317 -0.0833877
15.9118 -0.132782
15.992 -0.17835
16.0721 -0.219983
16.1523 -0.257608
16.2325 -0.291187
16.3126 -0.320711
16.3928 -0.346203
16.4729 -0.367715
16.5531 -0.385324
16.6333 -0.399131
16.7134 -0.40926
16.7936 -0.415852
16.8737 -0.419069
16.9539 -0.419087
17.0341 -0.416094
17.1142 -0.41029
17.1944 -0.401884
17.2745 -0.391091
17.3547 -0.378131
17.4349 -0.363228
17.515 -0.346604
17.5952 -0.328484
17.6754 -0.309088
17.7555 -0.288634
17.8357 -0.267333
17.9158 -0.245392
17.996 -0.223006
18.0762 -0.200367
18.1563 -0.177654
18.2365 -0.155037
18.3166 -0.132673
18.3968 -0.110711
18.477 -0.0892852
18.5571 -0.0685196
18.6373 -0.0485251
18.7174 -0.0294002
18.7976 -0.0112312
18.8778 0.00590775
18.9579 0.0219548
19.0381 0.0368597
19.1182 0.0505837
19.1984 0.0630991
19.2786 0.0743887
19.3587 0.0844454
19.4389 0.0932715
19.519 0.100878
19.5992 0.107286
19.6794 0.11252
19.7595 0.116616
19.8397 0.119614
19.9198 0.121559
20 0.122504
