REAL_FUNCTION_EQUALLY_SPACED_DETAILED
Double pendulum - theta1 in time
x1: 0
x2: 10
NumPoints: 200
0 0.5
0.0502513 0.488074
0.100503 0.452235
0.150754 0.392892
0.201005 0.313152
0.251256 0.222023
0.301508 0.132514
0.351759 0.0540372
0.40201 -0.00962658
0.452261 -0.057237
0.502513 -0.0878446
0.552764 -0.100088
0.603015 -0.0924371
0.653266 -0.0647874
0.703518 -0.0225821
0.753769 0.0203705
0.80402 0.0500337
0.854271 0.0606728
0.904523 0.0522996
0.954774 0.0264558
1.00503 -0.0154802
1.05528 -0.0726091
1.10553 -0.144008
1.15578 -0.226895
1.20603 -0.31346
1.25628 -0.391153
1.30653 -0.449755
1.35678 -0.485125
1.40704 -0.496556
1.45729 -0.484158
1.50754 -0.447975
1.55779 -0.388296
1.60804 -0.307485
1.65829 -0.213288
1.70854 -0.118582
1.75879 -0.034137
1.80905 0.0351525
1.8593 0.0876291
1.90955 0.122269
1.9598 0.137758
2.01005 0.132652
2.0603 0.106903
2.11055 0.065801
2.1608 0.0227655
2.21106 -0.00832214
2.26131 -0.0215781
2.31156 -0.0168763
2.36181 0.00430788
2.41206 0.0406304
2.46231 0.0912505
2.51256 0.155457
2.56281 0.231164
2.61307 0.311945
2.66332 0.386131
2.71357 0.442779
2.76382 0.476722
2.81407 0.486833
2.86432 0.473206
2.91457 0.435987
2.96482 0.375494
3.01508 0.293744
3.06533 0.197601
3.11558 0.0995004
3.16583 0.0109715
3.21608 -0.0621832
3.26633 -0.117892
3.31658 -0.155034
3.36683 -0.172345
3.41709 -0.168537
3.46734 -0.143822
3.51759 -0.10369
3.56784 -0.0612483
3.61809 -0.0297514
3.66834 -0.0148454
3.71859 -0.0167227
3.76884 -0.0340251
3.8191 -0.0655087
3.86935 -0.110423
3.9196 -0.1682
3.96985 -0.237137
4.0201 -0.311675
4.07035 -0.380999
4.1206 -0.434028
4.17085 -0.464949
4.22111 -0.472275
4.27136 -0.45604
4.32161 -0.416474
4.37186 -0.354015
4.42211 -0.270692
4.47236 -0.173087
4.52261 -0.0732739
4.57286 0.0170877
4.62312 0.091797
4.67337 0.14852
4.72362 0.186049
4.77387 0.203173
4.82412 0.198831
4.87437 0.173745
4.92462 0.13407
4.97487 0.0927694
5.02513 0.0619919
5.07538 0.0466719
5.12563 0.0469223
5.17588 0.0615208
5.22613 0.0893833
5.27638 0.12989
5.32663 0.182567
5.37688 0.245823
5.42714 0.314369
5.47739 0.377881
5.52764 0.42558
5.57789 0.451591
5.62814 0.454305
5.67839 0.433724
5.72864 0.390158
5.77889 0.324238
5.82915 0.238327
5.8794 0.13934
5.92965 0.0392677
5.9799 -0.0506424
6.03015 -0.124398
6.0804 -0.179653
6.13065 -0.215167
6.1809 -0.229806
6.23116 -0.222842
6.28141 -0.195838
6.33166 -0.156079
6.38191 -0.116421
6.43216 -0.0874178
6.48241 -0.0729091
6.53266 -0.0727981
6.58291 -0.0860028
6.63317 -0.111641
6.68342 -0.14925
6.73367 -0.198395
6.78392 -0.257314
6.83417 -0.320411
6.88442 -0.377426
6.93467 -0.418208
6.98492 -0.437418
7.03518 -0.433627
7.08543 -0.406888
7.13568 -0.357609
7.18593 -0.28672
7.23618 -0.197271
7.28643 -0.0970699
7.33668 0.00182128
7.38693 0.0890708
7.43719 0.159418
7.48744 0.210733
7.53769 0.241815
7.58794 0.251665
7.63819 0.240088
7.68844 0.209914
7.73869 0.169914
7.78894 0.132512
7.8392 0.106213
7.88945 0.0935757
7.9397 0.0942564
7.98995 0.107327
8.0402 0.132132
8.09045 0.168363
8.1407 0.215513
8.19095 0.271301
8.24121 0.329274
8.29146 0.379013
8.34171 0.411391
8.39196 0.422069
8.44221 0.410033
8.49246 0.375466
8.54271 0.318934
8.59296 0.241859
8.64322 0.148412
8.69347 0.0477079
8.74372 -0.048317
8.79397 -0.130769
8.84422 -0.195431
8.89447 -0.240515
8.94472 -0.264919
8.99497 -0.26791
9.04523 -0.250154
9.09548 -0.216282
9.14573 -0.176538
9.19598 -0.142183
9.24623 -0.11937
9.29648 -0.109453
9.34673 -0.111899
9.39698 -0.125966
9.44724 -0.151229
9.49749 -0.187479
9.54774 -0.23392
9.59799 -0.287288
9.64824 -0.339836
9.69849 -0.381183
9.74874 -0.403717
9.79899 -0.404363
9.84925 -0.382615
9.8995 -0.338833
9.94975 -0.273866
10 -0.189955
