MULTI_REAL_FUNCTION_VARIABLE_SPACED
Double pendulum - both angles
2
200
0
10
0 0.5 0.101 
0.0502513 0.488074 0.110755 
0.100503 0.452235 0.140225 
0.150754 0.392892 0.189256 
0.201005 0.313152 0.254461 
0.251256 0.222023 0.32513 
0.301508 0.132514 0.385493 
0.351759 0.0540372 0.424216 
0.40201 -0.00962658 0.437186 
0.452261 -0.057237 0.423889 
0.502513 -0.0878446 0.384628 
0.552764 -0.100088 0.3195 
0.603015 -0.0924371 0.228418 
0.653266 -0.0647874 0.112709 
0.703518 -0.0225821 -0.0202066 
0.753769 0.0203705 -0.153369 
0.80402 0.0500337 -0.269552 
0.854271 0.0606728 -0.361014 
0.904523 0.0522996 -0.426384 
0.954774 0.0264558 -0.46586 
1.00503 -0.0154802 -0.479488 
1.05528 -0.0726091 -0.467033 
1.10553 -0.144008 -0.42873 
1.15578 -0.226895 -0.367544 
1.20603 -0.31346 -0.292889 
1.25628 -0.391153 -0.220025 
1.30653 -0.449755 -0.161238 
1.35678 -0.485125 -0.121319 
1.40704 -0.496556 -0.100977 
1.45729 -0.484158 -0.100155 
1.50754 -0.447975 -0.119147 
1.55779 -0.388296 -0.15814 
1.60804 -0.307485 -0.214822 
1.65829 -0.213288 -0.28014 
1.70854 -0.118582 -0.338549 
1.75879 -0.034137 -0.377092 
1.80905 0.0351525 -0.390347 
1.8593 0.0876291 -0.377375 
1.90955 0.122269 -0.338489 
1.9598 0.137758 -0.27393 
2.01005 0.132652 -0.18378 
2.0603 0.106903 -0.0694631 
2.11055 0.065801 0.0617664 
2.1608 0.0227655 0.193398 
2.21106 -0.00832214 0.30838 
2.26131 -0.0215781 0.398814 
2.31156 -0.0168763 0.463239 
2.36181 0.00430788 0.501895 
2.41206 0.0406304 0.514941 
2.46231 0.0912505 0.50223 
2.51256 0.155457 0.46388 
2.56281 0.231164 0.402099 
2.61307 0.311945 0.324674 
2.66332 0.386131 0.245833 
2.71357 0.442779 0.17881 
2.76382 0.476722 0.129776 
2.81407 0.486833 0.100114 
2.86432 0.473206 0.089989 
2.91457 0.435987 0.0997773 
2.96482 0.375494 0.129828 
3.01508 0.293744 0.178419 
3.06533 0.197601 0.237692 
3.11558 0.0995004 0.292716 
3.16583 0.0109715 0.329648 
3.21608 -0.0621832 0.342016 
3.26633 -0.117892 0.328451 
3.31658 -0.155034 0.289226 
3.36683 -0.172345 0.224696 
3.41709 -0.168537 0.135148 
3.46734 -0.143822 0.022301 
3.51759 -0.10369 -0.106367 
3.56784 -0.0612483 -0.234704 
3.61809 -0.0297514 -0.346377 
3.66834 -0.0148454 -0.433775 
3.71859 -0.0167227 -0.495429 
3.76884 -0.0340251 -0.531575 
3.8191 -0.0655087 -0.542425 
3.86935 -0.110423 -0.527909 
3.9196 -0.1682 -0.488139 
3.96985 -0.237137 -0.42498 
4.0201 -0.311675 -0.345237 
4.07035 -0.380999 -0.262134 
4.1206 -0.434028 -0.189133 
4.17085 -0.464949 -0.133287 
4.22111 -0.472275 -0.0965739 
4.27136 -0.45604 -0.0794234 
4.32161 -0.416474 -0.0823033 
4.37186 -0.354015 -0.105598 
4.42211 -0.270692 -0.147713 
4.47236 -0.173087 -0.201234 
4.52261 -0.0732739 -0.251733 
4.57286 0.0170877 -0.285274 
4.62312 0.091797 -0.294977 
4.67337 0.14852 -0.279241 
4.72362 0.186049 -0.238298 
4.77387 0.203173 -0.172592 
4.82412 0.198831 -0.0826454 
4.87437 0.173745 0.0292793 
4.92462 0.13407 0.154968 
4.97487 0.0927694 0.278433 
5.02513 0.0619919 0.384613 
5.07538 0.0466719 0.466735 
5.12563 0.0469223 0.52349 
5.17588 0.0615208 0.555092 
5.22613 0.0893833 0.561755 
5.27638 0.12989 0.543456 
5.32663 0.182567 0.500378 
5.37688 0.245823 0.434396 
5.42714 0.314369 0.352063 
5.47739 0.377881 0.266047 
5.52764 0.42558 0.189484 
5.57789 0.451591 0.129601 
5.62814 0.454305 0.0886809 
5.67839 0.433724 0.0673717 
5.72864 0.390158 0.0662334 
5.77889 0.324238 0.0855663 
5.82915 0.238327 0.123468 
5.8794 0.13934 0.172169 
5.92965 0.0392677 0.217394 
5.9799 -0.0506424 0.245791 
6.03015 -0.124398 0.250855 
6.0804 -0.179653 0.231076 
6.13065 -0.215167 0.186706 
6.1809 -0.229806 0.118266 
6.23116 -0.222842 0.0265953 
6.28141 -0.195838 -0.0851637 
6.33166 -0.156079 -0.20753 
6.38191 -0.116421 -0.324643 
6.43216 -0.0874178 -0.423284 
6.48241 -0.0729091 -0.497966 
6.53266 -0.0727981 -0.547696 
6.58291 -0.0860028 -0.572675 
6.63317 -0.111641 -0.573079 
6.68342 -0.14925 -0.548912 
6.73367 -0.198395 -0.500509 
6.78392 -0.257314 -0.430097 
6.83417 -0.320411 -0.344675 
6.88442 -0.377426 -0.25686 
6.93467 -0.418208 -0.17907 
6.98492 -0.437418 -0.117991 
7.03518 -0.433627 -0.0758561 
7.08543 -0.406888 -0.0534391 
7.13568 -0.357609 -0.0513474 
7.18593 -0.28672 -0.0696299 
7.23618 -0.197271 -0.10559 
7.28643 -0.0970699 -0.15037 
7.33668 0.00182128 -0.189635 
7.38693 0.0890708 -0.211269 
7.43719 0.159418 -0.209813 
7.48744 0.210733 -0.184149 
7.53769 0.241815 -0.134618 
7.58794 0.251665 -0.0618523 
7.63819 0.240088 0.0328126 
7.68844 0.209914 0.144881 
7.73869 0.169914 0.263199 
7.78894 0.132512 0.372403 
7.8392 0.106213 0.461655 
7.88945 0.0935757 0.526979 
7.9397 0.0942564 0.567762 
7.98995 0.107327 0.584188 
8.0402 0.132132 0.57638 
8.09045 0.168363 0.544383 
8.1407 0.215513 0.488814 
8.19095 0.271301 0.412657 
8.24121 0.329274 0.324007 
8.29146 0.379013 0.235686 
8.34171 0.411391 0.158929 
8.39196 0.422069 0.0993463 
8.44221 0.410033 0.0588559 
8.49246 0.375466 0.0382666 
8.54271 0.318934 0.0381321 
8.59296 0.241859 0.0579661 
8.64322 0.148412 0.0936764 
8.69347 0.0477079 0.134764 
8.74372 -0.048317 0.167084 
8.79397 -0.130769 0.180435 
8.84422 -0.195431 0.17082 
8.89447 -0.240515 0.137657 
8.94472 -0.264919 0.0814247 
8.99497 -0.26791 0.00296716 
9.04523 -0.250154 -0.095537 
9.09548 -0.216282 -0.207628 
9.14573 -0.176538 -0.320475 
9.19598 -0.142183 -0.420065 
9.24623 -0.11937 -0.498302 
9.29648 -0.109453 -0.552656 
9.34673 -0.111899 -0.582848 
9.39698 -0.125966 -0.589035 
9.44724 -0.151229 -0.57129 
9.49749 -0.187479 -0.529767 
9.54774 -0.23392 -0.465609 
9.59799 -0.287288 -0.383093 
9.64824 -0.339836 -0.291901 
9.69849 -0.381183 -0.204821 
9.74874 -0.403717 -0.13134 
9.79899 -0.404363 -0.0757142 
9.84925 -0.382615 -0.03946 
9.8995 -0.338833 -0.0233445 
9.94975 -0.273866 -0.0276789 
10 -0.189955 -0.050968 
