MULTI_REAL_FUNCTION
Lorentz system
3
18
0
2
0 2 1 1 
0.117195 4.03051 8.38075 2.01139 
0.223981 12.3712 23.6554 13.868 
0.333448 18.5869 10.8587 47.4151 
0.451117 2.38183 -8.81732 33.5725 
0.569922 -5.04408 -8.02343 26.3844 
0.674043 -7.22986 -8.91131 24.787 
0.809792 -9.28338 -10.4407 26.7002 
0.933192 -9.6528 -8.98121 29.2994 
1.04321 -8.32614 -6.91376 28.5853 
1.15915 -7.15013 -6.7161 26.0105 
1.29906 -7.6727 -8.76108 24.4138 
1.43876 -9.48257 -10.5507 26.8533 
1.56585 -9.64293 -8.732 29.5271 
1.67649 -8.12844 -6.66502 28.4172 
1.79401 -7.01042 -6.72606 25.6395 
1.93259 -7.75928 -9.00428 24.2834 
2 -8.71336 -10.2076 25.2008 
