MULTI_REAL_FUNCTION
Projectile vacuum multi angles
5
x1: 0
x2: 50000
NumPoints: 100
0 0 0 0 0 0 
505.051 181.658 288.977 500.927 596.77 865.942 
1010.1 357.544 571.155 991.644 1181.24 1711.48 
1515.15 527.656 846.536 1472.15 1753.35 2536.6 
2020.2 691.995 1115.12 1942.45 2313.06 3341.32 
2525.25 850.562 1376.9 2402.54 2860.48 4125.59 
3030.3 1003.35 1631.89 2852.42 3395.46 4889.41 
3535.35 1150.32 1880.01 3292.09 3918.13 5632.81 
4040.4 1291.51 2121.34 3721.55 4428.45 6355.81 
4545.45 1426.92 2355.86 4140.8 4926.36 7058.4 
5050.51 1556.56 2583.59 4549.84 5411.96 7740.52 
5555.56 1680.42 2804.52 4948.63 5885.17 8402.2 
6060.61 1798.51 3018.65 5337.22 6346.02 9043.48 
6565.66 1910.8 3225.93 5715.59 6794.56 9664.35 
7070.71 2017.28 3426.4 6083.75 7230.66 10264.8 
7575.76 2117.99 3620.07 6441.71 7654.46 10844.8 
8080.81 2212.92 3806.94 6789.46 8065.88 11404.3 
8585.86 2302.09 3987.02 7126.99 8464.92 11943.5 
9090.91 2385.48 4160.29 7454.32 8851.67 12462.2 
9595.96 2463.07 4326.72 7771.44 9225.97 12960.5 
10101 2534.85 4486.33 8078.33 9587.96 13438.4 
10606.1 2600.86 4639.15 8374.99 9937.6 13895.8 
11111.1 2661.09 4785.17 8661.44 10274.8 14332.8 
11616.2 2715.55 4924.39 8937.68 10599.8 14749.4 
12121.2 2764.24 5056.81 9203.71 10912.3 15145.6 
12626.3 2807.15 5182.38 9459.53 11212.5 15521.3 
13131.3 2844.23 5301.14 9705.15 11500.3 15876.6 
13636.4 2875.53 5413.11 9940.55 11775.8 16211.5 
14141.4 2901.07 5518.27 10165.7 12038.9 16525.9 
14646.5 2920.83 5616.64 10380.7 12289.6 16819.9 
15151.5 2934.81 5708.21 10585.5 12528 17093.5 
15656.6 2943.03 5792.93 10780 12754.1 17346.7 
16161.6 2945.41 5870.83 10964.3 12967.7 17579.4 
16666.7 2942.01 5941.94 11138.4 13169 17791.8 
17171.7 2932.84 6006.25 11302.3 13358 17983.6 
17676.8 2917.9 6063.77 11456 13534.5 18155.1 
18181.8 2897.19 6114.48 11599.5 13698.8 18306.1 
18686.9 2870.7 6158.35 11732.8 13850.6 18436.8 
19191.9 2838.39 6195.4 11855.8 13990.1 18546.9 
19697 2800.3 6225.66 11968.7 14117.3 18636.7 
20202 2756.43 6249.11 12071.3 14232.1 18706 
20707.1 2706.78 6265.77 12163.7 14334.5 18754.9 
21212.1 2651.37 6275.63 12245.9 14424.6 18783.4 
21717.2 2590.18 6278.65 12317.8 14502.3 18791.4 
22222.2 2523.18 6274.85 12379.6 14567.7 18779 
22727.3 2450.38 6264.25 12431.1 14620.6 18746.2 
23232.3 2371.81 6246.85 12472.5 14661.3 18693 
23737.4 2287.47 6222.65 12503.6 14689.5 18619.3 
24242.4 2197.35 6191.66 12524.6 14705.4 18525.2 
24747.5 2101.46 6153.82 12535.3 14709 18410.7 
25252.5 1999.77 6109.17 12535.7 14700.2 18275.8 
25757.6 1892.27 6057.71 12526 14679 18120.4 
26262.6 1779 5999.46 12506 14645.5 17944.6 
26767.7 1659.95 5934.41 12475.9 14599.6 17748.4 
27272.7 1535.13 5862.56 12435.5 14541.4 17531.7 
27777.8 1404.54 5783.88 12384.9 14470.8 17294.7 
28282.8 1268.17 5698.37 12324.1 14387.8 17037.2 
28787.9 1125.97 5606.06 12253.2 14292.5 16759.2 
29292.9 977.994 5506.95 12171.9 14184.8 16460.8 
29798 824.246 5401.05 12080.5 14064.8 16142.1 
30303 664.725 5288.35 11978.9 13932.3 15802.9 
30808.1 499.431 5168.81 11867 13787.6 15443.2 
31313.1 328.364 5042.44 11744.9 13630.5 15063.1 
31818.2 151.468 4909.28 11612.6 13461 14662.7 
32323.2 -31.2084 4769.32 11470.1 13279.1 14241.7 
32828.3 -219.658 4622.56 11317.4 13084.9 13800.4 
33333.3 -413.881 4469.01 11154.5 12878.3 13338.6 
33838.4 -613.876 4308.61 10981.3 12659.5 12856.4 
34343.4 -819.645 4141.4 10798 12428.1 12353.8 
34848.5 -1031.23 3967.38 10604.4 12184.5 11830.8 
35353.5 -1248.61 3786.56 10400.6 11928.5 11293.3 
35858.6 -1471.76 3598.95 10186.6 11660.1 10755.3 
36363.6 -1700.68 3404.54 9962.4 11379.4 10217.3 
36868.7 -1935.38 3203.3 9727.97 11086.3 9679.35 
37373.7 -2175.85 2995.23 9483.33 10780.9 9141.37 
37878.8 -2422.12 2780.36 9228.48 10463.1 8603.39 
38383.8 -2674.2 2558.69 8963.43 10132.9 8065.41 
38888.9 -2932.05 2330.22 8688.16 9790.44 7527.43 
39393.9 -3195.68 2094.95 8402.68 9435.55 6989.45 
39899 -3465.08 1852.86 8106.98 9068.3 6451.47 
40404 -3740.25 1603.93 7801.05 8688.74 5913.49 
40909.1 -4021.21 1348.21 7484.9 8296.74 5375.51 
41414.1 -4307.99 1085.69 7158.55 7892.44 4837.53 
41919.2 -4600.55 816.364 6821.99 7475.76 4299.55 
42424.2 -4898.87 540.245 6475.22 7046.71 3761.57 
42929.3 -5202.97 257.298 6118.24 6605.35 3223.59 
43434.3 -5512.85 -32.4823 5751.05 6151.56 2685.61 
43939.4 -5828.5 -329.061 5373.65 5685.45 2147.63 
44444.4 -6149.98 -632.438 4986.04 5206.99 1609.65 
44949.5 -6477.23 -942.614 4588.19 4716.12 1071.67 
45454.5 -6810.26 -1259.59 4180.13 4219.09 533.69 
45959.6 -7149.07 -1583.39 3761.85 3722.06 -4.29016 
46464.6 -7493.64 -1914.02 3333.36 3225.03 -542.27 
46969.7 -7843.99 -2251.45 2894.67 2728 -1080.25 
47474.7 -8200.16 -2595.68 2445.76 2230.97 -1618.23 
47979.8 -8562.12 -2946.71 1986.65 1733.94 -2156.21 
48484.8 -8929.85 -3304.54 1517.32 1236.91 -2694.19 
48989.9 -9303.35 -3669.19 1037.79 739.875 -3232.17 
49494.9 -9682.63 -4040.68 548.044 242.843 -3770.15 
50000 -10067.7 -4418.97 54.1273 -254.188 -4308.13 
