MULTI_REAL_FUNCTION
Projectile multi angles
7
x1: 0
x2: 2
NumPoints: 100
0 0 0 0 0 0 0 0 
0.020202 0.031425 0.0477761 0.0940477 0.133805 0.145119 0.155312 0.164309 
0.040404 0.0563924 0.0877462 0.176527 0.25282 0.274537 0.294107 0.311382 
0.0606061 0.0754572 0.120612 0.248564 0.35856 0.389884 0.418118 0.443044 
0.0808081 0.0892277 0.147123 0.31128 0.452545 0.492792 0.529077 0.561117 
0.10101 0.0981996 0.168024 0.366118 0.536717 0.585351 0.629207 0.667941 
0.121212 0.102697 0.183629 0.41354 0.611754 0.6683 0.719307 0.764369 
0.141414 0.103064 0.194505 0.454368 0.678702 0.742749 0.80054 0.85161 
0.161616 0.0994885 0.200833 0.489164 0.738413 0.809638 0.873932 0.93077 
0.181818 0.0922428 0.202905 0.518174 0.791162 0.869249 0.93977 1.00214 
0.20202 0.0814417 0.201019 0.54192 0.837593 0.922257 0.998752 1.06643 
0.222222 0.0672773 0.195278 0.56077 0.878344 0.969389 1.05169 1.12455 
0.242424 0.0498634 0.185894 0.574819 0.913445 1.01065 1.09858 1.17646 
0.262626 0.0293143 0.173025 0.584311 0.943195 1.04637 1.13975 1.22251 
0.282828 0.005758 0.156762 0.589643 0.968106 1.07706 1.17575 1.26328 
0.30303 -0.0207305 0.137258 0.590806 0.988279 1.10289 1.20679 1.29899 
0.323232 -0.0500487 0.114613 0.587951 1.0038 1.12392 1.23289 1.32968 
0.343434 -0.0821091 0.0889109 0.581265 1.01484 1.14032 1.25425 1.35553 
0.363636 -0.116837 0.0602611 0.570915 1.02171 1.1524 1.27117 1.37686 
0.383838 -0.154146 0.02876 0.556948 1.02446 1.16026 1.28381 1.39385 
0.40404 -0.193959 -0.00551729 0.539475 1.02315 1.16393 1.29214 1.40646 
0.424242 -0.236202 -0.042484 0.51862 1.0179 1.16352 1.29629 1.4148 
0.444444 -0.280796 -0.0820459 0.494495 1.00883 1.15915 1.29635 1.41898 
0.464646 -0.327665 -0.124126 0.467177 0.996073 1.15098 1.29252 1.41917 
0.484848 -0.376734 -0.168641 0.436763 0.979685 1.13903 1.2848 1.4154 
0.505051 -0.427925 -0.215508 0.403349 0.959759 1.1234 1.27329 1.40773 
0.525253 -0.481165 -0.264638 0.367032 0.936392 1.10419 1.25805 1.39624 
0.545455 -0.536368 -0.315955 0.327909 0.909663 1.08146 1.23918 1.381 
0.565657 -0.593466 -0.369374 0.286076 0.879678 1.05532 1.21674 1.36206 
0.585859 -0.652387 -0.424815 0.241632 0.846545 1.02587 1.19085 1.33955 
0.606061 -0.713054 -0.482196 0.194673 0.810365 0.993213 1.16161 1.31356 
0.626263 -0.775394 -0.541424 0.145296 0.771239 0.957452 1.12911 1.28418 
0.646465 -0.839327 -0.602417 0.0935982 0.729244 0.918653 1.09342 1.25146 
0.666667 -0.90476 -0.66511 0.0396752 0.684509 0.876949 1.05467 1.21552 
0.686869 -0.971651 -0.729427 -0.0163766 0.637145 0.832457 1.01298 1.17651 
0.707071 -1.03993 -0.795288 -0.0744607 0.587258 0.785287 0.968459 1.13452 
0.727273 -1.10953 -0.862607 -0.134462 0.53496 0.735548 0.921215 1.08967 
0.747475 -1.18038 -0.931287 -0.196305 0.48036 0.683349 0.871358 1.04205 
0.767677 -1.25238 -1.00129 -0.259903 0.423559 0.628803 0.819012 0.991807 
0.787879 -1.3255 -1.07255 -0.325167 0.364663 0.57202 0.764291 0.939056 
0.808081 -1.39968 -1.14501 -0.391993 0.303777 0.513111 0.70731 0.883917 
0.828283 -1.47487 -1.21858 -0.460287 0.241033 0.452213 0.648209 0.826528 
0.848485 -1.55101 -1.29315 -0.529994 0.176518 0.389412 0.587077 0.766984 
0.868687 -1.62801 -1.36872 -0.601034 0.110312 0.324801 0.524015 0.705396 
0.888889 -1.70583 -1.44524 -0.673318 0.0425095 0.25848 0.459131 0.641877 
0.909091 -1.78444 -1.52265 -0.746745 -0.0267942 0.190552 0.392545 0.576558 
0.929293 -1.86381 -1.60089 -0.821283 -0.097457 0.121167 0.324391 0.509566 
0.949495 -1.94387 -1.67986 -0.896868 -0.169444 0.0503578 0.254715 0.440959 
0.969697 -2.02459 -1.75956 -0.973436 -0.24268 -0.0217923 0.183609 0.370835 
0.989899 -2.10587 -1.83994 -1.05089 -0.317086 -0.0951981 0.111163 0.299289 
1.0101 -2.18773 -1.92098 -1.12918 -0.392558 -0.169753 0.0375028 0.226467 
1.0303 -2.27014 -2.00262 -1.20827 -0.469025 -0.245365 -0.0372946 0.152429 
1.05051 -2.35305 -2.08479 -1.28812 -0.546449 -0.322005 -0.113188 0.0772272 
1.07071 -2.43644 -2.16746 -1.36867 -0.624769 -0.399604 -0.190106 0.000939694 
1.09091 -2.52024 -2.25063 -1.44987 -0.703904 -0.478097 -0.267975 -0.0763569 
1.11111 -2.60443 -2.33426 -1.53163 -0.783776 -0.557364 -0.346674 -0.154528 
1.13131 -2.68901 -2.41833 -1.61397 -0.864373 -0.637404 -0.426191 -0.233564 
1.15152 -2.77395 -2.50279 -1.69684 -0.945646 -0.718167 -0.506476 -0.313413 
1.17172 -2.85923 -2.58758 -1.78021 -1.02755 -0.799603 -0.587476 -0.394018 
1.19192 -2.94482 -2.67272 -1.86405 -1.11001 -0.881633 -0.669106 -0.475304 
1.21212 -3.03067 -2.75817 -1.94826 -1.19297 -0.964209 -0.751323 -0.557195 
1.23232 -3.11677 -2.84394 -2.03286 -1.27644 -1.04732 -0.83411 -0.639687 
1.25253 -3.20313 -2.92999 -2.11784 -1.36038 -1.13094 -0.917428 -0.722737 
1.27273 -3.28973 -3.0163 -2.20317 -1.44475 -1.21502 -1.00124 -0.806304 
1.29293 -3.37655 -3.1028 -2.28882 -1.52953 -1.29951 -1.08546 -0.890306 
1.31313 -3.46357 -3.18953 -2.37476 -1.61462 -1.38436 -1.17008 -0.974733 
1.33333 -3.55076 -3.27647 -2.46093 -1.70005 -1.46957 -1.25509 -1.05957 
1.35354 -3.63811 -3.36361 -2.54736 -1.78581 -1.55512 -1.34047 -1.14478 
1.37374 -3.72562 -3.45094 -2.63403 -1.87186 -1.64099 -1.42618 -1.23035 
1.39394 -3.81328 -3.53843 -2.72092 -1.9582 -1.72716 -1.51219 -1.31622 
1.41414 -3.90109 -3.62605 -2.80801 -2.04477 -1.81356 -1.59843 -1.40235 
1.43434 -3.98902 -3.7138 -2.8953 -2.13154 -1.90019 -1.68494 -1.48875 
1.45455 -4.07708 -3.80169 -2.98272 -2.21852 -1.98705 -1.77169 -1.57541 
1.47475 -4.16522 -3.8897 -3.0703 -2.30571 -2.07413 -1.85867 -1.66231 
1.49495 -4.25347 -3.97784 -3.15803 -2.39309 -2.1614 -1.94586 -1.74942 
1.51515 -4.34181 -4.06607 -3.24591 -2.48064 -2.24886 -2.03323 -1.83671 
1.53535 -4.43024 -4.15441 -3.33391 -2.56835 -2.33646 -2.12073 -1.92415 
1.55556 -4.51875 -4.24282 -3.42204 -2.65616 -2.42419 -2.2084 -2.01177 
1.57576 -4.60735 -4.3313 -3.51026 -2.74411 -2.51207 -2.29622 -2.09954 
1.59596 -4.69601 -4.41987 -3.59856 -2.83218 -2.60008 -2.38418 -2.18746 
1.61616 -4.78473 -4.50851 -3.68696 -2.92038 -2.68822 -2.47227 -2.27551 
1.63636 -4.8735 -4.59722 -3.77545 -3.00868 -2.77647 -2.56048 -2.36368 
1.65657 -4.96232 -4.68599 -3.86402 -3.09708 -2.86482 -2.64877 -2.45193 
1.67677 -5.0512 -4.77482 -3.95266 -3.18555 -2.95324 -2.73715 -2.54028 
1.69697 -5.14013 -4.86369 -4.04137 -3.2741 -3.04174 -2.82562 -2.62873 
1.71717 -5.2291 -4.9526 -4.13014 -3.36272 -3.13032 -2.91418 -2.71727 
1.73737 -5.31812 -5.04156 -4.21896 -3.45141 -3.21898 -3.00282 -2.80589 
1.75758 -5.40716 -5.13056 -4.30782 -3.54017 -3.30772 -3.09152 -2.89458 
1.77778 -5.49624 -5.2196 -4.39674 -3.62899 -3.39651 -3.1803 -2.98334 
1.79798 -5.58534 -5.30867 -4.48571 -3.71786 -3.48536 -3.26912 -3.07214 
1.81818 -5.67448 -5.39778 -4.57472 -3.80679 -3.57426 -3.35799 -3.161 
1.83838 -5.76365 -5.48692 -4.66376 -3.89575 -3.66319 -3.44692 -3.24991 
1.85859 -5.85284 -5.57608 -4.75285 -3.98475 -3.75218 -3.53589 -3.33887 
1.87879 -5.94206 -5.66527 -4.84195 -4.07379 -3.8412 -3.6249 -3.42788 
1.89899 -6.03129 -5.75448 -4.93109 -4.16287 -3.93027 -3.71395 -3.51692 
1.91919 -6.12055 -5.84371 -5.02026 -4.25198 -4.01936 -3.80304 -3.60601 
1.93939 -6.20982 -5.93296 -5.10945 -4.34112 -4.10849 -3.89216 -3.69512 
1.9596 -6.29911 -6.02223 -5.19866 -4.43029 -4.19765 -3.98131 -3.78427 
1.9798 -6.38841 -6.11152 -5.2879 -4.51948 -4.28683 -4.07048 -3.87343 
2 -6.47772 -6.20082 -5.37715 -4.6087 -4.37604 -4.15968 -3.96262 
