REAL_FUNCTION
Average pressure on walls for different area of container
x1: 250000
x2: 4e+06
NumPoints: 100
250000 262.007
287879 249.32
325758 236.634
363636 223.948
401515 211.262
439394 198.575
477273 185.889
515152 178.906
553030 174.808
590909 170.711
628788 166.614
666667 162.516
704545 158.419
742424 154.322
780303 150.225
818182 146.127
856061 142.03
893939 137.933
931818 133.835
969697 129.738
1.00758e+06 126.148
1.04545e+06 124.588
1.08333e+06 123.028
1.12121e+06 121.468
1.15909e+06 119.908
1.19697e+06 118.348
1.23485e+06 116.787
1.27273e+06 115.227
1.31061e+06 113.667
1.34848e+06 112.107
1.38636e+06 110.547
1.42424e+06 108.987
1.46212e+06 107.427
1.5e+06 105.867
1.53788e+06 104.307
1.57576e+06 102.747
1.61364e+06 101.187
1.65152e+06 99.6265
1.68939e+06 98.0664
1.72727e+06 97.0096
1.76515e+06 95.9609
1.80303e+06 94.9122
1.84091e+06 93.8636
1.87879e+06 92.8149
1.91667e+06 91.7662
1.95455e+06 90.7176
1.99242e+06 89.6689
2.0303e+06 88.6202
2.06818e+06 87.5716
2.10606e+06 86.5229
2.14394e+06 85.4742
2.18182e+06 84.4256
2.2197e+06 83.3769
2.25758e+06 82.4518
2.29545e+06 82.0212
2.33333e+06 81.5906
2.37121e+06 81.16
2.40909e+06 80.7294
2.44697e+06 80.2988
2.48485e+06 79.8682
2.52273e+06 79.4376
2.56061e+06 79.007
2.59848e+06 78.5764
2.63636e+06 78.1457
2.67424e+06 77.7151
2.71212e+06 77.2845
2.75e+06 76.8539
2.78788e+06 76.4233
2.82576e+06 75.9927
2.86364e+06 75.5621
2.90152e+06 75.1315
2.93939e+06 74.7009
2.97727e+06 74.2703
3.01515e+06 73.8397
3.05303e+06 73.409
3.09091e+06 72.9784
3.12879e+06 72.5478
3.16667e+06 72.1172
3.20455e+06 71.6866
3.24242e+06 71.256
3.2803e+06 70.8254
3.31818e+06 70.3948
3.35606e+06 69.9642
3.39394e+06 69.5336
3.43182e+06 69.1029
3.4697e+06 68.6723
3.50758e+06 68.2417
3.54545e+06 67.8111
3.58333e+06 67.3805
3.62121e+06 66.9499
3.65909e+06 66.5193
3.69697e+06 66.0887
3.73485e+06 65.6581
3.77273e+06 65.2275
3.81061e+06 64.7969
3.84848e+06 64.3662
3.88636e+06 63.9356
3.92424e+06 63.505
3.96212e+06 63.0744
4e+06 62.6438
