REAL_FUNCTION
Square root of average pressure on walls for different speed of balls
x1: 1
x2: 15
NumPoints: 100
1 1.61097
1.14141 1.83492
1.28283 2.05886
1.42424 2.2828
1.56566 2.50675
1.70707 2.73069
1.84848 2.95464
1.9899 3.17858
2.13131 3.40377
2.27273 3.62905
2.41414 3.85433
2.55556 4.07961
2.69697 4.3049
2.83838 4.53018
2.9798 4.75546
3.12121 4.98074
3.26263 5.20603
3.40404 5.43131
3.54545 5.65659
3.68687 5.88188
3.82828 6.10716
3.9697 6.33244
4.11111 6.55772
4.25253 6.78301
4.39394 7.00829
4.53535 7.23357
4.67677 7.45885
4.81818 7.68414
4.9596 7.90942
5.10101 8.13353
5.24242 8.35717
5.38384 8.58081
5.52525 8.80445
5.66667 9.02809
5.80808 9.25173
5.94949 9.47537
6.09091 9.699
6.23232 9.92264
6.37374 10.1463
6.51515 10.3699
6.65657 10.5936
6.79798 10.8172
6.93939 11.0408
7.08081 11.2645
7.22222 11.4881
7.36364 11.7118
7.50505 11.9354
7.64646 12.159
7.78788 12.3827
7.92929 12.6063
8.07071 12.8273
8.21212 13.0455
8.35354 13.2637
8.49495 13.482
8.63636 13.7002
8.77778 13.9185
8.91919 14.1367
9.06061 14.3549
9.20202 14.5732
9.34343 14.7914
9.48485 15.0097
9.62626 15.2279
9.76768 15.4461
9.90909 15.6644
10.0505 15.887
10.1919 16.1176
10.3333 16.3481
10.4747 16.5786
10.6162 16.8092
10.7576 17.0397
10.899 17.2702
11.0404 17.5008
11.1818 17.7313
11.3232 17.9618
11.4646 18.1924
11.6061 18.4229
11.7475 18.6534
11.8889 18.884
12.0303 19.1126
12.1717 19.3343
12.3131 19.5559
12.4545 19.7775
12.596 19.9992
12.7374 20.2208
12.8788 20.4425
13.0202 20.6641
13.1616 20.8858
13.303 21.1074
13.4444 21.3291
13.5859 21.5507
13.7273 21.7724
13.8687 21.994
14.0101 22.2156
14.1515 22.4373
14.2929 22.6589
14.4343 22.8806
14.5758 23.1022
14.7172 23.3239
14.8586 23.5455
15 23.7672
