REAL_FUNCTION
Average pressure on walls for different number of balls
x1: 500
x2: 2000
NumPoints: 100
500 260.886
515.152 254.952
530.303 249.017
545.455 243.082
560.606 237.148
575.758 231.213
590.909 225.279
606.061 219.344
621.212 213.409
636.364 207.475
651.515 201.54
666.667 195.606
681.818 189.671
696.97 183.736
712.121 180.266
727.273 177.412
742.424 174.558
757.576 171.704
772.727 168.849
787.879 165.995
803.03 163.141
818.182 160.287
833.333 157.433
848.485 154.578
863.636 151.724
878.788 148.87
893.939 146.016
909.091 143.162
924.242 140.308
939.394 137.453
954.545 134.599
969.697 131.745
984.848 128.891
1000 126.037
1015.15 124.597
1030.3 123.156
1045.45 121.716
1060.61 120.276
1075.76 118.836
1090.91 117.396
1106.06 115.956
1121.21 114.515
1136.36 113.075
1151.52 111.635
1166.67 110.195
1181.82 108.755
1196.97 107.315
1212.12 105.874
1227.27 104.434
1242.42 102.994
1257.58 101.554
1272.73 100.114
1287.88 98.6736
1303.03 97.315
1318.18 96.2826
1333.33 95.2502
1348.48 94.2178
1363.64 93.1854
1378.79 92.153
1393.94 91.1206
1409.09 90.0882
1424.24 89.0558
1439.39 88.0234
1454.55 86.991
1469.7 85.9586
1484.85 84.9262
1500 83.8938
1515.15 83.25
1530.3 82.6061
1545.45 81.9623
1560.61 81.3184
1575.76 80.6746
1590.91 80.0308
1606.06 79.3869
1621.21 78.7431
1636.36 78.0992
1651.52 77.4554
1666.67 76.8115
1681.82 76.1677
1696.97 75.5238
1712.12 74.88
1727.27 74.2361
1742.42 73.5923
1757.58 72.9484
1772.73 72.3046
1787.88 71.6607
1803.03 71.0169
1818.18 70.373
1833.33 69.7292
1848.48 69.0853
1863.64 68.4415
1878.79 67.7976
1893.94 67.1538
1909.09 66.51
1924.24 65.8661
1939.39 65.2223
1954.55 64.5784
1969.7 63.9346
1984.85 63.2907
2000 62.6469
