REAL_FUNCTION
Damped Forced Harmonic Oscilator - angle in time
x1: 0
x2: 30
NumPoints: 500
0 0.5
0.0601202 0.499729
0.12024 0.49892
0.180361 0.497574
0.240481 0.495695
0.300601 0.493285
0.360721 0.490347
0.420842 0.486881
0.480962 0.482892
0.541082 0.478379
0.601202 0.473346
0.661323 0.467793
0.721443 0.461722
0.781563 0.455134
0.841683 0.448031
0.901804 0.440415
0.961924 0.432287
1.02204 0.423649
1.08216 0.414502
1.14228 0.40485
1.2024 0.394695
1.26253 0.384038
1.32265 0.372885
1.38277 0.361238
1.44289 0.349102
1.50301 0.336481
1.56313 0.323381
1.62325 0.309808
1.68337 0.295768
1.74349 0.281269
1.80361 0.26632
1.86373 0.25093
1.92385 0.235108
1.98397 0.218865
2.04409 0.202215
2.10421 0.18517
2.16433 0.167743
2.22445 0.149951
2.28457 0.131809
2.34469 0.113336
2.40481 0.0945485
2.46493 0.075468
2.52505 0.0561148
2.58517 0.0365112
2.64529 0.0166806
2.70541 -0.00335264
2.76553 -0.0235627
2.82565 -0.0439228
2.88577 -0.0644049
2.94589 -0.08498
3.00601 -0.105618
3.06613 -0.126287
3.12625 -0.146956
3.18637 -0.167592
3.24649 -0.188159
3.30661 -0.208624
3.36673 -0.22895
3.42685 -0.249102
3.48697 -0.269043
3.54709 -0.288733
3.60721 -0.308137
3.66733 -0.327215
3.72745 -0.345928
3.78758 -0.364238
3.8477 -0.382105
3.90782 -0.39949
3.96794 -0.416355
4.02806 -0.43266
4.08818 -0.448366
4.1483 -0.463437
4.20842 -0.477833
4.26854 -0.491518
4.32866 -0.504455
4.38878 -0.51661
4.4489 -0.527947
4.50902 -0.538434
4.56914 -0.548037
4.62926 -0.556726
4.68938 -0.564472
4.7495 -0.571246
4.80962 -0.577022
4.86974 -0.581775
4.92986 -0.585483
4.98998 -0.588124
5.0501 -0.589679
5.11022 -0.590133
5.17034 -0.589469
5.23046 -0.587676
5.29058 -0.584744
5.3507 -0.580664
5.41082 -0.575433
5.47094 -0.569046
5.53106 -0.561505
5.59118 -0.552812
5.6513 -0.542972
5.71142 -0.531992
5.77154 -0.519885
5.83166 -0.506662
5.89178 -0.492341
5.9519 -0.476939
6.01202 -0.46048
6.07214 -0.442987
6.13226 -0.424487
6.19238 -0.40501
6.25251 -0.384588
6.31263 -0.363257
6.37275 -0.341053
6.43287 -0.318018
6.49299 -0.294193
6.55311 -0.269622
6.61323 -0.244354
6.67335 -0.218437
6.73347 -0.191922
6.79359 -0.164862
6.85371 -0.137312
6.91383 -0.10933
6.97395 -0.0809721
7.03407 -0.0522992
7.09419 -0.0233721
7.15431 0.00574706
7.21443 0.0349951
7.27455 0.0643079
7.33467 0.0936208
7.39479 0.122868
7.45491 0.151985
7.51503 0.180904
7.57515 0.20956
7.63527 0.237887
7.69539 0.265819
7.75551 0.293291
7.81563 0.320238
7.87575 0.346597
7.93587 0.372304
7.99599 0.397298
8.05611 0.421518
8.11623 0.444906
8.17635 0.467403
8.23647 0.488955
8.29659 0.509507
8.35671 0.529008
8.41683 0.547408
8.47695 0.564661
8.53707 0.580722
8.59719 0.59555
8.65731 0.609104
8.71743 0.62135
8.77756 0.632253
8.83768 0.641784
8.8978 0.649916
8.95792 0.656626
9.01804 0.661892
9.07816 0.665699
9.13828 0.668033
9.1984 0.668884
9.25852 0.668247
9.31864 0.666118
9.37876 0.662499
9.43888 0.657395
9.499 0.650814
9.55912 0.642768
9.61924 0.633274
9.67936 0.62235
9.73948 0.610019
9.7996 0.596308
9.85972 0.581248
9.91984 0.564871
9.97996 0.547215
10.0401 0.528318
10.1002 0.508226
10.1603 0.486983
10.2204 0.464639
10.2806 0.441247
10.3407 0.41686
10.4008 0.391537
10.4609 0.365337
10.521 0.338321
10.5812 0.310555
10.6413 0.282105
10.7014 0.253037
10.7615 0.223423
10.8216 0.193332
10.8818 0.162837
10.9419 0.132011
11.002 0.100928
11.0621 0.0696639
11.1222 0.038293
11.1824 0.00689125
11.2425 -0.0244658
11.3026 -0.0557024
11.3627 -0.0867434
11.4228 -0.117514
11.483 -0.14794
11.5431 -0.177948
11.6032 -0.207467
11.6633 -0.236425
11.7234 -0.264753
11.7836 -0.292383
11.8437 -0.31925
11.9038 -0.34529
11.9639 -0.37044
12.024 -0.394642
12.0842 -0.417839
12.1443 -0.439976
12.2044 -0.461003
12.2645 -0.480869
12.3246 -0.499531
12.3848 -0.516945
12.4449 -0.533073
12.505 -0.547879
12.5651 -0.56133
12.6253 -0.573399
12.6854 -0.584059
12.7455 -0.593289
12.8056 -0.601073
12.8657 -0.607395
12.9259 -0.612246
12.986 -0.61562
13.0461 -0.617513
13.1062 -0.617928
13.1663 -0.616869
13.2265 -0.614346
13.2866 -0.610371
13.3467 -0.604961
13.4068 -0.598135
13.4669 -0.589917
13.5271 -0.580335
13.5872 -0.56942
13.6473 -0.557204
13.7074 -0.543726
13.7675 -0.529026
13.8277 -0.513146
13.8878 -0.496135
13.9479 -0.47804
14.008 -0.458913
14.0681 -0.438808
14.1283 -0.417781
14.1884 -0.395892
14.2485 -0.373201
14.3086 -0.349769
14.3687 -0.325662
14.4289 -0.300944
14.489 -0.275681
14.5491 -0.249943
14.6092 -0.223796
14.6693 -0.197311
14.7295 -0.170557
14.7896 -0.143605
14.8497 -0.116524
14.9098 -0.0893852
14.9699 -0.0622574
15.0301 -0.0352105
15.0902 -0.00831299
15.1503 0.0183672
15.2104 0.0447633
15.2705 0.0708098
15.3307 0.0964423
15.3908 0.121598
15.4509 0.146217
15.511 0.170239
15.5711 0.193607
15.6313 0.216267
15.6914 0.238166
15.7515 0.259254
15.8116 0.279483
15.8717 0.29881
15.9319 0.317191
15.992 0.334587
16.0521 0.350964
16.1122 0.366286
16.1723 0.380526
16.2325 0.393655
16.2926 0.405652
16.3527 0.416494
16.4128 0.426167
16.4729 0.434656
16.5331 0.441951
16.5932 0.448047
16.6533 0.452939
16.7134 0.456628
16.7735 0.459117
16.8337 0.460413
16.8938 0.460526
16.9539 0.459469
17.014 0.457259
17.0741 0.453915
17.1343 0.449459
17.1944 0.443917
17.2545 0.437317
17.3146 0.429689
17.3747 0.421067
17.4349 0.411487
17.495 0.400986
17.5551 0.389606
17.6152 0.377388
17.6754 0.364377
17.7355 0.350619
17.7956 0.336161
17.8557 0.321054
17.9158 0.305346
17.976 0.289091
18.0361 0.27234
18.0962 0.255147
18.1563 0.237566
18.2164 0.219651
18.2766 0.201458
18.3367 0.183041
18.3968 0.164456
18.4569 0.145756
18.517 0.126997
18.5772 0.108233
18.6373 0.0895158
18.6974 0.0708988
18.7575 0.0524332
18.8176 0.0341693
18.8778 0.0161562
18.9379 -0.00155869
18.998 -0.0189291
19.0581 -0.0359108
19.1182 -0.052461
19.1784 -0.068539
19.2385 -0.0841062
19.2986 -0.0991258
19.3587 -0.113564
19.4188 -0.127387
19.479 -0.140567
19.5391 -0.153075
19.5992 -0.164888
19.6593 -0.175981
19.7194 -0.186337
19.7796 -0.195937
19.8397 -0.204766
19.8998 -0.212814
19.9599 -0.22007
20.02 -0.226529
20.0802 -0.232186
20.1403 -0.237039
20.2004 -0.241091
20.2605 -0.244344
20.3206 -0.246806
20.3808 -0.248484
20.4409 -0.249391
20.501 -0.24954
20.5611 -0.248947
20.6212 -0.24763
20.6814 -0.245608
20.7415 -0.242904
20.8016 -0.239543
20.8617 -0.23555
20.9218 -0.230952
20.982 -0.22578
21.0421 -0.220063
21.1022 -0.213833
21.1623 -0.207125
21.2224 -0.199971
21.2826 -0.192408
21.3427 -0.184471
21.4028 -0.176197
21.4629 -0.167624
21.523 -0.15879
21.5832 -0.149732
21.6433 -0.140488
21.7034 -0.131098
21.7635 -0.121598
21.8236 -0.112028
21.8838 -0.102423
21.9439 -0.0928212
22.004 -0.0832589
22.0641 -0.0737714
22.1242 -0.0643932
22.1844 -0.0551579
22.2445 -0.046098
22.3046 -0.0372447
22.3647 -0.0286278
22.4248 -0.0202759
22.485 -0.0122159
22.5451 -0.00447323
22.6052 0.00292851
22.6653 0.00996733
22.7255 0.0166231
22.7856 0.0228775
22.8457 0.0287142
22.9058 0.0341188
22.9659 0.0390789
23.0261 0.043584
23.0862 0.0476258
23.1463 0.0511981
23.2064 0.0542964
23.2665 0.0569188
23.3267 0.0590649
23.3868 0.0607367
23.4469 0.061938
23.507 0.0626747
23.5671 0.0629545
23.6273 0.0627872
23.6874 0.0621842
23.7475 0.0611587
23.8076 0.0597257
23.8677 0.0579018
23.9279 0.0557052
23.988 0.0531555
24.0481 0.0502737
24.1082 0.0470821
24.1683 0.0436042
24.2285 0.0398647
24.2886 0.035889
24.3487 0.0317037
24.4088 0.027336
24.4689 0.0228137
24.5291 0.0181654
24.5892 0.0134199
24.6493 0.00860631
24.7094 0.00375398
24.7695 -0.00110767
24.8297 -0.00594929
24.8898 -0.0107417
24.9499 -0.0154561
25.01 -0.0200639
25.0701 -0.0245372
25.1303 -0.0288488
25.1904 -0.032972
25.2505 -0.0368812
25.3106 -0.0405517
25.3707 -0.0439597
25.4309 -0.0470829
25.491 -0.0498999
25.5511 -0.0523908
25.6112 -0.0545372
25.6713 -0.056322
25.7315 -0.0577299
25.7916 -0.058747
25.8517 -0.0593613
25.9118 -0.0595624
25.9719 -0.0593418
26.0321 -0.0586927
26.0922 -0.0576103
26.1523 -0.0560916
26.2124 -0.0541357
26.2725 -0.0517433
26.3327 -0.0489172
26.3928 -0.0456622
26.4529 -0.0419848
26.513 -0.0378937
26.5731 -0.0333991
26.6333 -0.0285134
26.6934 -0.0232505
26.7535 -0.0176262
26.8136 -0.0116579
26.8737 -0.00536494
26.9339 0.00123214
26.994 0.00811111
27.0541 0.0152483
27.1142 0.0226188
27.1743 0.0301963
27.2345 0.0379534
27.2946 0.0458616
27.3547 0.0538915
27.4148 0.0620128
27.4749 0.0701944
27.5351 0.0784045
27.5952 0.0866109
27.6553 0.0947811
27.7154 0.102882
27.7756 0.110881
27.8357 0.118744
27.8958 0.126438
27.9559 0.133931
28.016 0.14119
28.0762 0.148183
28.1363 0.154878
28.1964 0.161245
28.2565 0.167253
28.3166 0.172874
28.3768 0.178079
28.4369 0.182841
28.497 0.187135
28.5571 0.190936
28.6172 0.194221
28.6774 0.19697
28.7375 0.199162
28.7976 0.20078
28.8577 0.201807
28.9178 0.20223
28.978 0.202035
29.0381 0.201213
29.0982 0.199754
29.1583 0.197654
29.2184 0.194908
29.2786 0.191514
29.3387 0.187473
29.3988 0.182786
29.4589 0.17746
29.519 0.1715
29.5792 0.164916
29.6393 0.157721
29.6994 0.149926
29.7595 0.141548
29.8196 0.132606
29.8798 0.123118
29.9399 0.113108
30 0.102598
