REAL_FUNCTION
Damped Harmonic Oscilator - angle in time
x1: 0
x2: 30
NumPoints: 500
0 0.5
0.0601202 0.499555
0.12024 0.49825
0.180361 0.496128
0.240481 0.493229
0.300601 0.489597
0.360721 0.485271
0.420842 0.480293
0.480962 0.474701
0.541082 0.468534
0.601202 0.46183
0.661323 0.454626
0.721443 0.446958
0.781563 0.438862
0.841683 0.430372
0.901804 0.421521
0.961924 0.412343
1.02204 0.402867
1.08216 0.393126
1.14228 0.383149
1.2024 0.372965
1.26253 0.3626
1.32265 0.352083
1.38277 0.341439
1.44289 0.330691
1.50301 0.319866
1.56313 0.308984
1.62325 0.298068
1.68337 0.287139
1.74349 0.276216
1.80361 0.265319
1.86373 0.254466
1.92385 0.243674
1.98397 0.232958
2.04409 0.222334
2.10421 0.211818
2.16433 0.201421
2.22445 0.191157
2.28457 0.181038
2.34469 0.171075
2.40481 0.161277
2.46493 0.151656
2.52505 0.142218
2.58517 0.132973
2.64529 0.123928
2.70541 0.115088
2.76553 0.106461
2.82565 0.0980504
2.88577 0.0898622
2.94589 0.0819
3.00601 0.0741672
3.06613 0.0666666
3.12625 0.0594006
3.18637 0.0523711
3.24649 0.0455792
3.30661 0.0390259
3.36673 0.0327114
3.42685 0.0266358
3.48697 0.0207985
3.54709 0.0151985
3.60721 0.00983476
3.66733 0.0047055
3.72745 -0.000191192
3.78758 -0.00485761
3.8477 -0.00929634
3.90782 -0.0135102
3.96794 -0.0175024
4.02806 -0.0212763
4.08818 -0.0248353
4.1483 -0.0281835
4.20842 -0.0313247
4.26854 -0.0342631
4.32866 -0.0370032
4.38878 -0.0395492
4.4489 -0.041906
4.50902 -0.0440781
4.56914 -0.0460705
4.62926 -0.047888
4.68938 -0.0495357
4.7495 -0.0510187
4.80962 -0.052342
4.86974 -0.0535108
4.92986 -0.0545304
4.98998 -0.0554058
5.0501 -0.0561424
5.11022 -0.0567454
5.17034 -0.0572199
5.23046 -0.0575712
5.29058 -0.0578045
5.3507 -0.0579248
5.41082 -0.0579373
5.47094 -0.057847
5.53106 -0.0576589
5.59118 -0.0573778
5.6513 -0.0570088
5.71142 -0.0565565
5.77154 -0.0560257
5.83166 -0.0554209
5.89178 -0.0547468
5.9519 -0.0540078
6.01202 -0.0532082
6.07214 -0.0523522
6.13226 -0.0514441
6.19238 -0.0504879
6.25251 -0.0494875
6.31263 -0.0484468
6.37275 -0.0473695
6.43287 -0.0462592
6.49299 -0.0451194
6.55311 -0.0439536
6.61323 -0.0427649
6.67335 -0.0415567
6.73347 -0.0403318
6.79359 -0.0390933
6.85371 -0.037844
6.91383 -0.0365866
6.97395 -0.0353237
7.03407 -0.0340578
7.09419 -0.0327913
7.15431 -0.0315264
7.21443 -0.0302652
7.27455 -0.0290099
7.33467 -0.0277623
7.39479 -0.0265244
7.45491 -0.0252978
7.51503 -0.0240841
7.57515 -0.022885
7.63527 -0.0217018
7.69539 -0.0205359
7.75551 -0.0193885
7.81563 -0.0182607
7.87575 -0.0171537
7.93587 -0.0160685
7.99599 -0.0150058
8.05611 -0.0139666
8.11623 -0.0129515
8.17635 -0.0119613
8.23647 -0.0109964
8.29659 -0.0100575
8.35671 -0.00914486
8.41683 -0.00825898
8.47695 -0.00740013
8.53707 -0.00656856
8.59719 -0.00576444
8.65731 -0.00498792
8.71743 -0.00423906
8.77756 -0.00351788
8.83768 -0.00282437
8.8978 -0.00215844
8.95792 -0.00151997
9.01804 -0.000908797
9.07816 -0.000324724
9.13828 0.000232496
9.1984 0.00076314
9.25852 0.00126752
9.31864 0.00174598
9.37876 0.00219889
9.43888 0.00262665
9.499 0.0030297
9.55912 0.00340847
9.61924 0.00376344
9.67936 0.00409511
9.73948 0.00440397
9.7996 0.00469056
9.85972 0.00495542
9.91984 0.0051991
9.97996 0.00542217
10.0401 0.00562519
10.1002 0.00580876
10.1603 0.00597346
10.2204 0.00611989
10.2806 0.00624864
10.3407 0.00636033
10.4008 0.00645555
10.4609 0.00653491
10.521 0.00659901
10.5812 0.00664847
10.6413 0.00668387
10.7014 0.00670581
10.7615 0.0067149
10.8216 0.00671171
10.8818 0.00669684
10.9419 0.00667084
11.002 0.0066343
11.0621 0.00658777
11.1222 0.0065318
11.1824 0.00646694
11.2425 0.00639372
11.3026 0.00631265
11.3627 0.00622425
11.4228 0.00612903
11.483 0.00602746
11.5431 0.00592003
11.6032 0.0058072
11.6633 0.00568942
11.7234 0.00556714
11.7836 0.00544077
11.8437 0.00531075
11.9038 0.00517745
11.9639 0.00504129
12.024 0.00490262
12.0842 0.00476182
12.1443 0.00461923
12.2044 0.00447518
12.2645 0.00433
12.3246 0.004184
12.3848 0.00403748
12.4449 0.00389071
12.505 0.00374398
12.5651 0.00359752
12.6253 0.0034516
12.6854 0.00330644
12.7455 0.00316226
12.8056 0.00301928
12.8657 0.00287768
12.9259 0.00273766
12.986 0.00259938
13.0461 0.00246301
13.1062 0.00232869
13.1663 0.00219658
13.2265 0.00206679
13.2866 0.00193945
13.3467 0.00181467
13.4068 0.00169255
13.4669 0.00157318
13.5271 0.00145664
13.5872 0.001343
13.6473 0.00123232
13.7074 0.00112467
13.7675 0.00102009
13.8277 0.000918626
13.8878 0.000820302
13.9479 0.000725148
14.008 0.000633183
14.0681 0.000544419
14.1283 0.000458863
14.1884 0.000376515
14.2485 0.00029737
14.3086 0.000221416
14.3687 0.000148639
14.4289 7.90164e-05
14.489 1.25241e-05
14.5491 -5.08679e-05
14.6092 -0.000111193
14.6693 -0.00016849
14.7295 -0.000222799
14.7896 -0.000274165
14.8497 -0.000322634
14.9098 -0.000368259
14.9699 -0.000411092
15.0301 -0.000451187
15.0902 -0.000488605
15.1503 -0.000523403
15.2104 -0.000555643
15.2705 -0.00058539
15.3307 -0.000612707
15.3908 -0.00063766
15.4509 -0.000660317
15.511 -0.000680744
15.5711 -0.000699012
15.6313 -0.000715189
15.6914 -0.000729344
15.7515 -0.000741548
15.8116 -0.00075187
15.8717 -0.000760381
15.9319 -0.000767152
15.992 -0.000772251
16.0521 -0.000775748
16.1122 -0.000777712
16.1723 -0.000778212
16.2325 -0.000777316
16.2926 -0.00077509
16.3527 -0.000771602
16.4128 -0.000766916
16.4729 -0.000761097
16.5331 -0.000754208
16.5932 -0.000746313
16.6533 -0.000737472
16.7134 -0.000727745
16.7735 -0.00071719
16.8337 -0.000705866
16.8938 -0.000693829
16.9539 -0.000681133
17.014 -0.000667831
17.0741 -0.000653976
17.1343 -0.000639617
17.1944 -0.000624805
17.2545 -0.000609585
17.3146 -0.000594005
17.3747 -0.000578109
17.4349 -0.000561939
17.495 -0.000545537
17.5551 -0.000528943
17.6152 -0.000512195
17.6754 -0.00049533
17.7355 -0.000478383
17.7956 -0.000461388
17.8557 -0.000444377
17.9158 -0.000427381
17.976 -0.000410428
18.0361 -0.000393548
18.0962 -0.000376766
18.1563 -0.000360108
18.2164 -0.000343596
18.2766 -0.000327254
18.3367 -0.000311102
18.3968 -0.000295159
18.4569 -0.000279444
18.517 -0.000263975
18.5772 -0.000248766
18.6373 -0.000233832
18.6974 -0.000219187
18.7575 -0.000204843
18.8176 -0.000190811
18.8778 -0.000177102
18.9379 -0.000163723
18.998 -0.000150685
19.0581 -0.000137992
19.1182 -0.000125652
19.1784 -0.00011367
19.2385 -0.00010205
19.2986 -9.0796e-05
19.3587 -7.991e-05
19.4188 -6.93942e-05
19.479 -5.92498e-05
19.5391 -4.94772e-05
19.5992 -4.00762e-05
19.6593 -3.1046e-05
19.7194 -2.2385e-05
19.7796 -1.40913e-05
19.8397 -6.16209e-06
19.8998 1.4056e-06
19.9599 8.61545e-06
20.02 1.54715e-05
20.0802 2.19784e-05
20.1403 2.81409e-05
20.2004 3.39644e-05
20.2605 3.94545e-05
20.3206 4.46173e-05
20.3808 4.94588e-05
20.4409 5.39858e-05
20.501 5.82049e-05
20.5611 6.21233e-05
20.6212 6.5748e-05
20.6814 6.90866e-05
20.7415 7.21465e-05
20.8016 7.49354e-05
20.8617 7.74612e-05
20.9218 7.97317e-05
20.982 8.17549e-05
21.0421 8.35389e-05
21.1022 8.50917e-05
21.1623 8.64215e-05
21.2224 8.75364e-05
21.2826 8.84445e-05
21.3427 8.9154e-05
21.4028 8.96728e-05
21.4629 9.00091e-05
21.523 9.01708e-05
21.5832 9.01658e-05
21.6433 9.0002e-05
21.7034 8.96871e-05
21.7635 8.92287e-05
21.8236 8.86345e-05
21.8838 8.79118e-05
21.9439 8.7068e-05
22.004 8.61101e-05
22.0641 8.50454e-05
22.1242 8.38806e-05
22.1844 8.26225e-05
22.2445 8.12777e-05
22.3046 7.98527e-05
22.3647 7.83537e-05
22.4248 7.67869e-05
22.485 7.51582e-05
22.5451 7.34734e-05
22.6052 7.1738e-05
22.6653 6.99577e-05
22.7255 6.81374e-05
22.7856 6.62825e-05
22.8457 6.43977e-05
22.9058 6.24878e-05
22.9659 6.05574e-05
23.0261 5.86108e-05
23.0862 5.66522e-05
23.1463 5.46856e-05
23.2064 5.27149e-05
23.2665 5.07437e-05
23.3267 4.87756e-05
23.3868 4.68138e-05
23.4469 4.48616e-05
23.507 4.29219e-05
23.5671 4.09976e-05
23.6273 3.90913e-05
23.6874 3.72055e-05
23.7475 3.53427e-05
23.8076 3.3505e-05
23.8677 3.16944e-05
23.9279 2.9913e-05
23.988 2.81625e-05
24.0481 2.64444e-05
24.1082 2.47604e-05
24.1683 2.31118e-05
24.2285 2.14999e-05
24.2886 1.99257e-05
24.3487 1.83902e-05
24.4088 1.68945e-05
24.4689 1.54391e-05
24.5291 1.40249e-05
24.5892 1.26523e-05
24.6493 1.13219e-05
24.7094 1.00339e-05
24.7695 8.78876e-06
24.8297 7.58656e-06
24.8898 6.42743e-06
24.9499 5.31139e-06
25.01 4.23839e-06
25.0701 3.2083e-06
25.1303 2.22092e-06
25.1904 1.27598e-06
25.2505 3.73171e-07
25.3106 -4.87906e-07
25.3707 -1.30769e-06
25.4309 -2.08667e-06
25.491 -2.82539e-06
25.5511 -3.52443e-06
25.6112 -4.18444e-06
25.6713 -4.80607e-06
25.7315 -5.39002e-06
25.7916 -5.93705e-06
25.8517 -6.44792e-06
25.9118 -6.92342e-06
25.9719 -7.36438e-06
26.0321 -7.77164e-06
26.0922 -8.14607e-06
26.1523 -8.48854e-06
26.2124 -8.79996e-06
26.2725 -9.08123e-06
26.3327 -9.33327e-06
26.3928 -9.557e-06
26.4529 -9.75338e-06
26.513 -9.92332e-06
26.5731 -1.00678e-05
26.6333 -1.01877e-05
26.6934 -1.0284e-05
26.7535 -1.03576e-05
26.8136 -1.04096e-05
26.8737 -1.04407e-05
26.9339 -1.04519e-05
26.994 -1.04442e-05
27.0541 -1.04184e-05
27.1142 -1.03754e-05
27.1743 -1.03161e-05
27.2345 -1.02415e-05
27.2946 -1.01522e-05
27.3547 -1.00493e-05
27.4148 -9.93344e-06
27.4749 -9.8055e-06
27.5351 -9.66628e-06
27.5952 -9.51654e-06
27.6553 -9.35705e-06
27.7154 -9.18853e-06
27.7756 -9.01172e-06
27.8357 -8.82732e-06
27.8958 -8.636e-06
27.9559 -8.43843e-06
28.016 -8.23524e-06
28.0762 -8.02708e-06
28.1363 -7.81452e-06
28.1964 -7.59816e-06
28.2565 -7.37856e-06
28.3166 -7.15625e-06
28.3768 -6.93175e-06
28.4369 -6.70557e-06
28.497 -6.47818e-06
28.5571 -6.25004e-06
28.6172 -6.02158e-06
28.6774 -5.79323e-06
28.7375 -5.56538e-06
28.7976 -5.33842e-06
28.8577 -5.11269e-06
28.9178 -4.88854e-06
28.978 -4.66629e-06
29.0381 -4.44625e-06
29.0982 -4.2287e-06
29.1583 -4.0139e-06
29.2184 -3.80211e-06
29.2786 -3.59355e-06
29.3387 -3.38845e-06
29.3988 -3.18701e-06
29.4589 -2.98939e-06
29.519 -2.79579e-06
29.5792 -2.60634e-06
29.6393 -2.42119e-06
29.6994 -2.24047e-06
29.7595 -2.06428e-06
29.8196 -1.89272e-06
29.8798 -1.72587e-06
29.9399 -1.56382e-06
30 -1.40662e-06
