REAL_FUNCTION
Damped Forced Harmonic Oscilator - angle in time
x1: 0
x2: 30
NumPoints: 200
0 0.264663
0.150754 0.272176
0.301508 0.278737
0.452261 0.284216
0.603015 0.288457
0.753769 0.291274
0.904523 0.292464
1.05528 0.291809
1.20603 0.289086
1.35678 0.284075
1.50754 0.276562
1.65829 0.266357
1.80905 0.253292
1.9598 0.237238
2.11055 0.218104
2.26131 0.195853
2.41206 0.170499
2.56281 0.142119
2.71357 0.110851
2.86432 0.0769001
3.01508 0.0405371
3.16583 0.00209754
3.31658 -0.03802
3.46734 -0.0793584
3.61809 -0.121408
3.76884 -0.163612
3.9196 -0.205377
4.07035 -0.246083
4.22111 -0.28509
4.37186 -0.321754
4.52261 -0.355437
4.67337 -0.38552
4.82412 -0.411414
4.97487 -0.432575
5.12563 -0.448515
5.27638 -0.45881
5.42714 -0.463116
5.57789 -0.461174
5.72864 -0.452819
5.8794 -0.437987
6.03015 -0.416718
6.1809 -0.389159
6.33166 -0.355565
6.48241 -0.316298
6.63317 -0.271822
6.78392 -0.222701
6.93467 -0.169584
7.08543 -0.113206
7.23618 -0.0543679
7.38693 0.00606981
7.53769 0.0672043
7.68844 0.128104
7.8392 0.187825
7.98995 0.245425
8.1407 0.299984
8.29146 0.350616
8.44221 0.396488
8.59296 0.436834
8.74372 0.470969
8.89447 0.498302
9.04523 0.518349
9.19598 0.530741
9.34673 0.535229
9.49749 0.531696
9.64824 0.520155
9.79899 0.500751
9.94975 0.473761
10.1005 0.439587
10.2513 0.398755
10.402 0.351902
10.5528 0.299766
10.7035 0.243176
10.8543 0.183037
11.005 0.120315
11.1558 0.0560177
11.3065 -0.00881947
11.4573 -0.0731528
11.608 -0.135948
11.7588 -0.1962
11.9095 -0.252947
12.0603 -0.30529
12.2111 -0.352408
12.3618 -0.393569
12.5126 -0.42815
12.6633 -0.455639
12.8141 -0.475649
12.9648 -0.487922
13.1156 -0.492333
13.2663 -0.488894
13.4171 -0.47775
13.5678 -0.459177
13.7186 -0.433574
13.8693 -0.40146
14.0201 -0.363459
14.1709 -0.320289
14.3216 -0.272752
14.4724 -0.221712
14.6231 -0.168086
14.7739 -0.112823
14.9246 -0.056887
15.0754 -0.00123999
15.2261 0.0531754
15.3769 0.105453
15.5276 0.154739
15.6784 0.200248
15.8291 0.241274
15.9799 0.277204
16.1307 0.307529
16.2814 0.331849
16.4322 0.349881
16.5829 0.361462
16.7337 0.36655
16.8844 0.365221
17.0352 0.357672
17.1859 0.344205
17.3367 0.325229
17.4874 0.301245
17.6382 0.272836
17.7889 0.240656
17.9397 0.205414
18.0905 0.167858
18.2412 0.128765
18.392 0.0889201
18.5427 0.0491024
18.6935 0.010071
18.8442 -0.0274505
18.995 -0.062788
19.1457 -0.0953286
19.2965 -0.124532
19.4472 -0.149941
19.598 -0.171187
19.7487 -0.187996
19.8995 -0.200194
20.0503 -0.207708
20.201 -0.210564
20.3518 -0.208884
20.5025 -0.202886
20.6533 -0.192871
20.804 -0.17922
20.9548 -0.162381
21.1055 -0.14286
21.2563 -0.121208
21.407 -0.0980082
21.5578 -0.0738639
21.7085 -0.0493829
21.8593 -0.0251652
22.0101 -0.00178955
22.1608 0.020199
22.3116 0.0403009
22.4623 0.0580725
22.6131 0.0731354
22.7638 0.0851839
22.9146 0.0939912
23.0653 0.0994133
23.2161 0.101391
23.3668 0.0999526
23.5176 0.0952078
23.6683 0.0873485
23.8191 0.0766418
23.9698 0.0634236
24.1206 0.0480899
24.2714 0.0310873
24.4221 0.0129025
24.5729 -0.00594973
24.7236 -0.0249384
24.8744 -0.043529
25.0251 -0.0611961
25.1759 -0.0774358
25.3266 -0.0917773
25.4774 -0.103795
25.6281 -0.113116
25.7789 -0.119433
25.9296 -0.122509
26.0804 -0.122184
26.2312 -0.118379
26.3819 -0.111097
26.5327 -0.100429
26.6834 -0.0865455
26.8342 -0.0696974
26.9849 -0.0502105
27.1357 -0.0284786
27.2864 -0.00495503
27.4372 0.0198565
27.5879 0.0454129
27.7387 0.0711436
27.8894 0.0964625
28.0402 0.120781
28.191 0.143521
28.3417 0.164129
28.4925 0.182085
28.6432 0.196919
28.794 0.208218
28.9447 0.21564
29.0955 0.218916
29.2462 0.217863
29.397 0.212386
29.5477 0.202483
29.6985 0.188243
29.8492 0.16985
30 0.147577
