REAL_FUNCTION
polynomial interpolation 4th order
x1: 0
x2: 10
NumPoints: 100
0 0
0.10101 -0.30594
0.20202 -0.490577
0.30303 -0.565248
0.40404 -0.54129
0.505051 -0.430039
0.606061 -0.242832
0.707071 0.00899379
0.808081 0.314102
0.909091 0.661157
1.0101 1.03882
1.11111 1.43576
1.21212 1.84063
1.31313 2.2421
1.41414 2.62883
1.51515 2.98949
1.61616 3.31274
1.71717 3.58724
1.81818 3.80165
1.91919 3.94465
2.0202 3.96449
2.12121 3.73216
2.22222 3.40924
2.32323 2.99675
2.42424 2.49574
2.52525 1.90723
2.62626 1.23224
2.72727 0.471826
2.82828 -0.373
2.92929 -1.3012
3.0303 -2.43285
3.13131 -3.91981
3.23232 -5.45489
3.33333 -7.01235
3.43434 -8.5664
3.53535 -10.0913
3.63636 -11.5612
3.73737 -12.9505
3.83838 -14.2333
3.93939 -15.3838
4.0404 -16.2016
4.14141 -16.5847
4.24242 -16.7958
4.34343 -16.8359
4.44444 -16.706
4.54545 -16.4072
4.64646 -15.9405
4.74747 -15.307
4.84848 -14.5077
4.94949 -13.5435
5.05051 -12.1319
5.15152 -10.2911
5.25253 -8.34082
5.35354 -6.317
5.45455 -4.25545
5.55556 -2.19204
5.65657 -0.162651
5.75758 1.79687
5.85859 3.65064
5.9596 5.36281
6.06061 6.36715
6.16162 6.83643
6.26263 7.14341
6.36364 7.30654
6.46465 7.34426
6.56566 7.27503
6.66667 7.11728
6.76768 6.88948
6.86869 6.61006
6.9697 6.29748
7.07071 6.0851
7.17172 5.91882
7.27273 5.75755
7.37374 5.60964
7.47475 5.48343
7.57576 5.38728
7.67677 5.32952
7.77778 5.31852
7.87879 5.36261
7.9798 5.47014
8.08081 6.06158
8.18182 6.81142
8.28283 7.59261
8.38384 8.38176
8.48485 9.15547
8.58586 9.89035
8.68687 10.563
8.78788 11.15
8.88889 11.628
8.9899 11.9736
9.09091 12.1634
9.19192 12.174
9.29293 11.982
9.39394 11.564
9.49495 10.8966
9.59596 9.95641
9.69697 8.72006
9.79798 7.16414
9.89899 5.26525
10 3
