REAL_FUNCTION
polynomial interpolation 3rd order
x1: 0
x2: 10
NumPoints: 100
0 0
0.10101 0.010203
0.20202 0.0408122
0.30303 0.0918274
0.40404 0.163249
0.505051 0.255076
0.606061 0.367309
0.707071 0.499949
0.808081 0.652995
0.909091 0.826446
1.0101 1.0753
1.11111 1.77778
1.21212 2.38843
1.31313 2.90725
1.41414 3.33425
1.51515 3.66942
1.61616 3.91276
1.71717 4.06428
1.81818 4.12397
1.91919 4.09183
2.0202 3.95796
2.12121 3.69881
2.22222 3.35802
2.32323 2.93562
2.42424 2.43159
2.52525 1.84593
2.62626 1.17866
2.72727 0.429752
2.82828 -0.400775
2.92929 -1.31293
3.0303 -2.67401
3.13131 -4.80798
3.23232 -6.76849
3.33333 -8.55556
3.43434 -10.1692
3.53535 -11.6093
3.63636 -12.876
3.73737 -13.9693
3.83838 -14.8891
3.93939 -15.6354
4.0404 -16.189
4.14141 -16.5471
4.24242 -16.742
4.34343 -16.7736
4.44444 -16.642
4.54545 -16.3471
4.64646 -15.889
4.74747 -15.2676
4.84848 -14.483
4.94949 -13.5351
5.05051 -11.5896
5.15152 -8.91276
5.25253 -6.42771
5.35354 -4.13448
5.45455 -2.03306
5.55556 -0.123457
5.65657 1.59433
5.75758 3.12029
5.85859 4.45444
5.9596 5.59678
6.06061 6.03774
6.16162 6.0933
6.26263 6.13967
6.36364 6.17686
6.46465 6.20487
6.56566 6.22369
6.66667 6.23333
6.76768 6.23379
6.86869 6.22507
6.9697 6.20716
7.07071 5.91396
7.17172 5.56777
7.27273 5.29504
7.37374 5.09578
7.47475 4.96997
7.57576 4.91763
7.67677 4.93875
7.77778 5.03333
7.87879 5.20138
7.9798 5.44288
8.08081 6.60091
8.18182 7.83471
8.28283 8.91037
8.38384 9.82787
8.48485 10.5872
8.58586 11.1885
8.68687 11.6315
8.78788 11.9164
8.88889 12.0432
8.9899 12.0118
9.09091 11.8223
9.19192 11.4746
9.29293 10.9688
9.39394 10.3049
9.49495 9.48276
9.59596 8.5025
9.69697 7.3641
9.79798 6.06754
9.89899 4.61285
10 3
