REAL_FUNCTION
Lorentz system - component 1
x1: 0
x2: 50
NumPoints: 500
0 2
0.1002 3.2714
0.200401 10.0433
0.300601 19.1065
0.400802 9.23328
0.501002 -1.68058
0.601202 -5.91617
0.701403 -7.72377
0.801603 -9.19727
0.901804 -9.7524
1.002 -8.89732
1.1022 -7.61235
1.2024 -7.10035
1.30261 -7.73732
1.40281 -9.04011
1.50301 -9.82719
1.60321 -9.21231
1.70341 -7.77516
1.80361 -6.99229
1.90381 -7.44634
2.00401 -8.7854
2.10421 -9.89569
2.20441 -9.49367
2.30461 -8.02295
2.40481 -6.97968
2.50501 -7.18674
2.60521 -8.46833
2.70541 -9.7872
2.80561 -9.78815
2.90581 -8.33344
3.00601 -6.99376
3.10621 -6.92351
3.20641 -8.07785
3.30661 -9.68186
3.40681 -10.0669
3.50701 -8.68781
3.60721 -7.11605
3.70741 -6.70634
3.80762 -7.6955
3.90782 -9.39904
4.00802 -10.2179
4.10822 -9.14547
4.20842 -7.33207
4.30862 -6.53885
4.40882 -7.2681
4.50902 -9.00009
4.60922 -10.3229
4.70942 -9.64914
4.80962 -7.61642
4.90982 -6.43314
5.01002 -6.82448
5.11022 -8.50695
5.21042 -10.2875
5.31062 -10.0826
5.41082 -8.09035
5.51102 -6.47562
5.61122 -6.44105
5.71142 -7.93927
5.81162 -9.99946
5.91182 -10.4735
6.01202 -8.71534
6.11222 -6.64693
6.21242 -6.11198
6.31263 -7.31291
6.41283 -9.48698
6.51303 -10.7899
6.61323 -9.45732
6.71343 -6.97461
6.81363 -5.87834
6.91383 -6.61097
7.01403 -8.78184
7.11423 -10.8496
7.21443 -10.1852
7.31463 -7.60762
7.41483 -5.83834
7.51503 -6.00493
7.61523 -7.92105
7.71543 -10.3975
7.81563 -10.9081
7.91583 -8.54363
8.01603 -6.02245
8.11623 -5.48193
8.21643 -6.88556
8.31663 -9.56976
8.41683 -11.4477
8.51703 -9.70951
8.61723 -6.54827
8.71743 -5.16484
8.81764 -5.86471
8.91784 -8.33637
9.01804 -11.2157
9.11824 -10.9431
9.21844 -7.71291
9.31864 -5.22767
9.41884 -5.00174
9.51904 -6.84558
9.61924 -10.1148
9.71944 -11.7911
9.81964 -9.48931
9.91984 -5.90425
10.02 -4.44003
10.1202 -5.32111
10.2204 -8.1114
10.3206 -11.5348
10.4208 -11.6313
10.521 -7.51577
10.6212 -4.4884
10.7214 -4.09192
10.8216 -5.73574
10.9218 -9.35023
11.022 -12.6542
11.1222 -10.5039
11.2224 -5.94565
11.3226 -3.56931
11.4228 -3.71748
11.523 -5.9396
11.6232 -10.2702
11.7234 -12.9217
11.8236 -9.99461
11.9238 -4.83876
12.024 -2.65601
12.1242 -2.91689
12.2244 -5.04922
12.3246 -9.40959
12.4248 -13.8886
12.5251 -11.0515
12.6253 -4.59781
12.7255 -1.74043
12.8257 -1.28096
12.9259 -2.01249
13.0261 -4.19493
13.1263 -9.41061
13.2265 -15.0541
13.3267 -11.1798
13.4269 -3.57145
13.5271 0.326142
13.6273 1.70311
13.7275 3.31295
13.8277 6.94322
13.9279 12.7425
14.0281 13.5096
14.1283 7.20993
14.2285 1.75907
14.3287 0.0787771
14.4289 -0.39955
14.5291 -0.902596
14.6293 -2.11582
14.7295 -5.40488
14.8297 -12.148
14.9299 -16.5068
15.0301 -7.15117
15.1303 0.164892
15.2305 2.91692
15.3307 5.09195
15.4309 8.72976
15.5311 12.4978
15.6313 11.1765
15.7315 6.5151
15.8317 3.50655
15.9319 3.26364
16.0321 5.03543
16.1323 9.10508
16.2325 12.9987
16.3327 11.2933
16.4329 5.74142
16.5331 2.57803
16.6333 2.2475
16.7335 3.5933
16.8337 7.14083
16.9339 12.4488
17.0341 13.6446
17.1343 7.03226
17.2345 2.06863
17.3347 0.634046
17.4349 0.487611
17.5351 0.863527
17.6353 1.96241
17.7355 4.88745
17.8357 11.9443
17.9359 16.0956
18.0361 8.27169
18.1363 0.289816
18.2365 -2.91857
18.3367 -5.05492
18.4369 -8.60843
18.5371 -12.2079
18.6373 -11.411
18.7375 -6.74169
18.8377 -3.66022
18.9379 -3.36902
19.0381 -5.13868
19.1383 -9.01372
19.2385 -12.9553
19.3387 -11.3757
19.4389 -5.64477
19.5391 -2.74022
19.6393 -2.48795
19.7395 -3.91567
19.8397 -7.59199
19.9399 -13.0946
20.0401 -12.6792
20.1403 -6.5871
20.2405 -2.12753
20.3407 -0.889101
20.4409 -1.04305
20.5411 -2.05843
20.6413 -4.84465
20.7415 -11.0711
20.8417 -15.3184
20.9419 -9.77815
21.0421 -1.56201
21.1423 1.53487
21.2425 3.18513
21.3427 5.98253
21.4429 10.6922
21.5431 13.8084
21.6433 9.31643
21.7435 3.73163
21.8437 1.74551
21.9439 1.78414
22.0441 3.13958
22.1443 6.55436
22.2445 12.8533
22.3447 14.0911
22.4449 6.93759
22.5451 1.47724
22.6453 -0.468177
22.7455 -1.32018
22.8457 -2.72516
22.9459 -6.23453
23.0461 -12.7894
23.1463 -14.3077
23.2465 -7.48134
23.3467 -0.941267
23.4469 1.26806
23.5471 2.63482
23.6473 5.27185
23.7475 10.3105
23.8477 14.3012
23.9479 10.1509
24.0481 3.44877
24.1483 0.807647
24.2485 0.22624
24.3487 0.198101
24.4489 0.39676
24.5491 0.96514
24.6493 2.52798
24.7495 6.86262
24.8497 15.6607
24.9499 14.3156
25.0501 3.68274
25.1503 -2.48029
25.2505 -5.00459
25.3507 -7.70721
25.4509 -10.8379
25.5511 -11.3557
25.6513 -8.39667
25.7515 -5.35696
25.8517 -4.68462
25.9519 -6.16891
26.0521 -9.33433
26.1523 -11.9003
26.2525 -10.4257
26.3527 -6.35563
26.4529 -4.33013
26.5531 -4.68948
26.6533 -7.04077
26.7535 -10.9033
26.8537 -12.2568
26.9539 -8.68376
27.0541 -4.93137
27.1543 -3.6832
27.2545 -4.74016
27.3547 -7.92325
27.4549 -11.9806
27.5551 -11.9665
27.6553 -7.4202
27.7555 -3.73411
27.8557 -3.02416
27.9559 -4.37686
28.0561 -7.8568
28.1563 -12.4577
28.2565 -12.6473
28.3567 -6.70186
28.4569 -2.84854
28.5571 -2.01249
28.6573 -2.83631
28.7575 -5.43865
28.8577 -10.767
28.9579 -14.6028
29.0581 -9.31904
29.1583 -3.16888
29.2585 -0.607272
29.3587 -0.0220703
29.4589 0.133734
29.5591 0.314288
29.6593 0.772223
29.7595 2.07112
29.8597 6.0513
29.9599 14.0972
30.0601 15.6348
30.1603 5.39011
30.2605 -2.14685
30.3607 -4.81722
30.4609 -7.32985
30.5611 -10.3664
30.6613 -11.5
30.7615 -8.83172
30.8617 -5.73566
30.9619 -4.86096
31.0621 -6.06291
31.1623 -9.02381
31.2625 -11.7923
31.3627 -10.5018
31.4629 -6.84064
31.5631 -4.65898
31.6633 -4.8518
31.7635 -7.09562
31.8637 -10.7179
31.9639 -11.9625
32.0641 -8.90404
32.1643 -5.21884
32.2645 -4.00214
32.3647 -5.09574
32.4649 -8.23655
32.5651 -11.8792
32.6653 -11.6738
32.7655 -7.22597
32.8657 -3.96098
32.9659 -3.51836
33.0661 -5.14468
33.1663 -8.79524
33.2665 -12.9415
33.3667 -11.4056
33.4669 -5.88873
33.5671 -3.03353
33.6673 -2.76109
33.7675 -4.31634
33.8677 -8.18584
33.9679 -13.1988
34.0681 -12.0835
34.1683 -6.21666
34.2685 -2.25245
34.3687 -1.35134
34.4689 -1.91786
34.5691 -3.93174
34.6693 -8.69413
34.7695 -14.2127
34.8697 -12.5562
34.9699 -4.20815
35.0701 -0.163379
35.1703 1.21443
35.2705 2.49559
35.3707 5.18599
35.4709 10.7231
35.5711 15.164
35.6713 9.33183
35.7715 2.6578
35.8717 -0.0506364
35.9719 -1.00734
36.0721 -2.07649
36.1723 -4.59765
36.2725 -10.4271
36.3727 -14.9999
36.4729 -10.3912
36.5731 -2.58262
36.6733 0.817725
36.7735 2.20728
36.8737 4.28112
36.9739 8.67906
37.0741 13.5711
37.1743 12.2669
37.2745 5.13684
37.3747 1.38437
37.4749 0.458917
37.5752 0.444263
37.6754 0.864856
37.7756 2.04955
37.8758 5.22648
37.976 12.3819
38.0762 16.4517
38.1764 7.1391
38.2766 -0.297725
38.3768 -3.30848
38.477 -5.56901
38.5772 -9.22891
38.6774 -12.3302
38.7776 -10.6851
38.8778 -6.26902
38.978 -3.75535
39.0782 -3.84918
39.1784 -6.06518
39.2786 -10.1593
39.3788 -12.9133
39.479 -9.97486
39.5792 -4.92254
39.6794 -2.88294
39.7796 -3.23089
39.8798 -5.47509
39.98 -9.88779
40.0802 -13.9269
40.1804 -10.1542
40.2806 -4.49621
40.3808 -1.94805
40.481 -1.76723
40.5812 -2.99452
40.6814 -6.29004
40.7816 -12.3853
40.8818 -14.0412
40.982 -7.89032
41.0822 -1.86439
41.1824 0.225071
41.2826 0.980036
41.3828 2.04772
41.483 4.73912
41.5832 10.6456
41.6834 15.263
41.7836 10.0769
41.8838 1.92291
41.984 -1.1976
42.0842 -2.74121
42.1844 -5.21526
42.2846 -9.80855
42.3848 -14.1177
42.485 -10.4388
42.5852 -4.14417
42.6854 -1.5421
42.7856 -1.1579
42.8858 -1.86562
42.986 -3.94886
43.0862 -9.03473
43.1864 -15.1248
43.2866 -11.5942
43.3868 -3.70596
43.487 0.464084
43.5872 1.9899
43.6874 3.79498
43.7876 7.72298
43.8878 13.1369
43.988 12.7883
44.0882 6.47157
44.1884 1.78069
44.2886 0.53283
44.3888 0.453453
44.489 0.850368
44.5892 1.99625
44.6894 5.13307
44.7896 11.8504
44.8898 16.7996
44.99 7.49812
45.0902 -0.139423
45.1904 -3.03992
45.2906 -5.24852
45.3908 -8.83791
45.491 -12.3756
45.5912 -11.0537
45.6914 -6.54299
45.7916 -3.70057
45.8918 -3.55469
45.992 -5.50931
46.0922 -9.58603
46.1924 -12.8828
46.2926 -10.7801
46.3928 -5.33665
46.493 -2.76417
46.5932 -2.76469
46.6934 -4.5567
46.7936 -8.51802
46.8938 -13.6709
46.994 -11.866
47.0942 -5.41499
47.1944 -1.96062
47.2946 -1.20801
47.3948 -1.75692
47.495 -3.59018
47.5952 -8.21924
47.6954 -14.5361
47.7956 -12.6051
47.8958 -4.80458
47.996 -0.0188236
48.0962 1.58507
48.1964 3.07938
48.2966 6.35853
48.3968 11.9265
48.497 13.9421
48.5972 8.18393
48.6974 2.27256
48.7976 0.354173
48.8978 -0.103635
48.998 -0.341817
49.0982 -0.807694
49.1984 -2.0292
49.2986 -5.32148
49.3988 -13.0065
49.499 -16.5955
49.5992 -6.33359
49.6994 1.03717
49.7996 3.99509
49.8998 6.38338
50 9.80716
