REAL_FUNCTION
Lorentz system - component 3
x1: 0
x2: 50
NumPoints: 500
0 1
0.1002 1.63382
0.200401 9.0523
0.300601 40.9603
0.400802 40.2622
0.501002 29.8653
0.601202 25.5088
0.701403 24.8444
0.801603 26.5361
0.901804 28.847
1.002 29.1474
1.1022 27.3234
1.2024 25.2055
1.30261 24.4821
1.40281 25.9475
1.50301 28.4886
1.60321 29.4519
1.70341 27.8129
1.80361 25.4433
1.90381 24.2534
2.00401 25.3375
2.10421 28.152
2.20441 29.6537
2.30461 28.3312
2.40481 25.8207
2.50501 24.1833
2.60521 24.7976
2.70541 27.5223
2.80561 29.7049
2.90581 28.9256
3.00601 26.2764
3.10621 24.2022
3.20641 24.1889
3.30661 26.8167
3.40681 29.7
3.50701 29.4486
3.60721 26.865
3.70741 24.3558
3.80762 23.77
3.90782 26.0419
4.00802 29.2935
4.10822 29.9822
4.20842 27.5693
4.30862 24.6697
4.40882 23.4352
4.50902 25.0758
4.60922 28.7079
4.70942 30.4908
4.80962 28.3391
4.90982 25.1469
5.01002 23.2212
5.11022 24.0709
5.21042 27.912
5.31062 30.5961
5.41082 29.2117
5.51102 25.849
5.61122 23.2675
5.71142 23.2765
5.81162 26.7365
5.91182 30.3853
6.01202 30.1237
6.11222 26.746
6.21242 23.5538
6.31263 22.6582
6.41283 25.2667
6.51303 29.8133
6.61323 31.0245
6.71343 27.8269
6.81363 24.123
6.91383 22.1849
7.01403 23.6914
7.11423 28.7183
7.21443 31.4627
7.31463 29.1508
7.41483 25.054
7.51503 22.1669
7.61523 22.4389
7.71543 26.8407
7.81563 31.3515
7.91583 30.6676
8.01603 26.3337
8.11623 22.5993
8.21643 21.3769
8.31663 24.3865
8.41683 30.5165
8.51703 32.0699
8.61723 28.0106
8.71743 23.5643
8.81764 20.9222
8.91784 22.0087
9.01804 28.1647
9.11824 32.5931
9.21844 30.2106
9.31864 25.1925
9.41884 21.2817
9.51904 20.275
9.61924 24.6314
9.71944 31.4347
9.81964 32.504
9.91984 27.6197
10.02 22.5486
10.1202 19.6189
10.2204 20.7593
10.3206 27.615
10.4208 33.9185
10.521 30.8389
10.6212 24.9459
10.7214 20.438
10.8216 18.3993
10.9218 21.5856
11.022 31.1625
11.1222 34.194
11.2224 29.0241
11.3226 22.9515
11.4228 18.6423
11.523 17.1647
11.6232 22.5747
11.7234 32.3687
11.8236 34.6732
11.9238 27.9833
12.024 21.6864
12.1242 17.2432
12.2244 15.3039
12.3246 19.4828
12.4248 31.9854
12.5251 36.7078
12.6253 28.9701
12.7255 22.1617
12.8257 17.0749
12.9259 13.3906
13.0261 11.6049
13.1263 16.2889
13.2265 33.4753
13.3267 37.9296
13.4269 29.777
13.5271 22.0767
13.6273 17.1175
13.7275 13.9103
13.8277 14.6547
13.9279 25.8709
14.0281 36.8188
14.1283 33.7501
14.2285 24.9603
14.3287 19
14.4289 14.5573
14.5291 11.1877
14.6293 8.82225
14.7295 9.22411
14.8297 19.6779
14.9299 41.0294
15.0301 35.8183
15.1303 26.3341
15.2305 20.8266
15.3307 18.0972
15.4309 20.4007
15.5311 29.8016
15.6313 34.4627
15.7315 30.2096
15.8317 23.6722
15.9319 18.9137
16.0321 16.5268
16.1323 19.9587
16.2325 30.4645
16.3327 35.6408
16.4329 29.9356
16.5331 22.9162
16.6333 17.8981
16.7335 14.6748
16.8337 15.6865
16.9339 25.6056
17.0341 37.493
17.1343 33.0313
17.2345 24.8271
17.3347 18.9711
17.4349 14.5387
17.5351 11.1898
17.6353 8.85825
17.7355 8.57862
17.8357 18.6309
17.9359 39.1673
18.0361 37.2101
18.1363 27.1363
18.2365 21.1495
18.3367 18.3248
18.4369 20.5476
18.5371 29.0588
18.6373 34.5305
18.7375 30.4404
18.8377 23.9466
18.9379 19.173
19.0381 16.8657
19.1383 20.0915
19.2385 30.1906
19.3387 35.9241
19.4389 29.6171
19.5391 22.9658
19.6393 18.0538
19.7395 15.0693
19.8397 16.2795
19.9399 27.905
20.0401 36.56
20.1403 32.2077
20.2405 24.2804
20.3407 18.5346
20.4409 14.2645
20.5411 11.1726
20.6413 10.2963
20.7415 19.1009
20.8417 35.4961
20.9419 38.2727
21.0421 27.5743
21.1423 21.0816
21.2425 16.9556
21.3427 16.0335
21.4429 22.3046
21.5431 34.4828
21.6433 34.9308
21.7435 27.077
21.8437 20.8237
21.9439 16.1882
22.0441 13.1934
22.1443 13.5764
22.2445 24.6987
22.3447 38.2592
22.4449 33.6694
22.5451 25.1984
22.6453 19.1192
22.7455 14.7668
22.8457 11.8042
22.9459 12.1219
23.0461 24.2014
23.1463 37.3688
23.2465 35.2231
23.3467 25.5046
23.4469 19.5454
23.5471 15.4892
23.6473 14.1397
23.7475 20.2839
23.8477 33.8152
23.9479 36.6535
24.0481 27.8921
24.1483 21.1705
24.2485 16.2032
24.3487 12.4066
24.4489 9.50953
24.5491 7.35039
24.6493 6.11765
24.7495 8.26458
24.8497 27.6543
24.9499 42.3157
25.0501 33.2412
25.1503 24.7728
25.2505 21.0638
25.3507 21.2851
25.4509 26.8155
25.5511 32.2822
25.6513 31.2821
25.7515 26.0405
25.8517 21.6369
25.9519 19.7947
26.0521 22.8511
26.1523 30.1457
26.2525 33.4888
26.3527 28.8058
26.4529 23.3979
26.5531 19.7314
26.6533 19.286
26.7535 25.2043
26.8537 33.3172
26.9539 32.4209
27.0541 26.5844
27.1543 21.2457
27.2545 18.0787
27.3547 19.2674
27.4549 27.6689
27.5551 34.4805
27.6553 31.6153
27.7555 24.7806
27.8557 19.5996
27.9559 16.5403
28.0561 18.0916
28.1563 27.3519
28.2565 36.5476
28.3567 31.4881
28.4569 24.308
28.5571 18.8858
28.6573 15.1124
28.7575 13.9533
28.8577 20.5286
28.9579 35.7271
29.0581 35.5465
29.1583 27.5112
29.2585 20.7324
29.3587 15.8619
29.4589 12.1447
29.5591 9.301
29.6593 7.13782
29.7595 5.61976
29.8597 7.13234
29.9599 23.7502
30.0601 41.3964
30.1603 35.449
30.2605 25.7004
30.3607 21.7245
30.4609 21.335
30.5611 25.8333
30.6613 31.8801
30.7615 31.5969
30.8617 26.6841
30.9619 22.3047
31.0621 20.1863
31.1623 22.4932
31.2625 29.8165
31.3627 33.0326
31.4629 29.2889
31.5631 23.9795
31.6633 20.2552
31.7635 19.7857
31.8637 25.375
31.9639 32.538
32.0641 32.3798
32.1643 26.7623
32.2645 21.6055
32.3647 18.6653
32.4649 20.232
32.5651 28.0839
32.6653 34.296
32.7655 30.9594
32.8657 24.5324
32.9659 19.7068
33.0661 17.3229
33.1663 19.9075
33.2665 30.1081
33.3667 35.7052
33.4669 29.7427
33.5671 23.2576
33.6673 18.3805
33.7675 15.5771
33.8677 17.5491
33.9679 29.2778
34.0681 36.1608
34.1683 31.337
34.2685 23.7085
34.3687 18.2066
34.4689 14.1773
34.5691 11.9586
34.6693 15.9926
34.7695 29.8489
34.8697 39.4242
34.9699 30.3892
35.0701 22.8128
35.1703 17.5739
35.2705 13.9388
35.3707 12.9178
35.4709 19.4845
35.5711 36.4256
35.6713 36.1564
35.7715 27.5256
35.8717 20.7817
35.9719 15.9809
36.0721 12.5345
36.1723 11.1292
36.2725 18.0721
36.3727 34.5264
36.4729 37.9528
36.5731 28.4762
36.6733 21.3752
36.7735 16.7375
36.8737 14.2223
36.9739 17.6839
37.0741 29.5579
37.1743 37.9423
37.2745 30.461
37.3747 22.9864
37.4749 17.5865
37.5752 13.4766
37.6754 10.3666
37.7756 8.22748
37.8758 8.56425
37.976 19.1358
38.0762 41.2876
38.1764 36.0302
38.2766 26.6091
38.3768 21.0372
38.477 18.7159
38.5772 21.797
38.6774 30.4408
38.7776 34.0424
38.8778 29.3819
38.978 23.2786
39.0782 18.9483
39.1784 17.6178
39.2786 22.6881
39.3788 32.3234
39.479 34.5856
39.5792 27.8821
39.6794 21.7813
39.7796 17.4941
39.8798 15.9332
39.98 20.4736
40.0802 33.4531
40.1804 35.4352
40.2806 28.3688
40.3808 21.6736
40.481 16.8057
40.5812 13.545
40.6814 13.5095
40.7816 24.0889
40.8818 36.781
40.982 34.8235
41.0822 25.7762
41.1824 19.5361
41.2826 15.0229
41.3828 11.7511
41.483 10.713
41.5832 18.5582
41.6834 34.7854
41.7836 38.2832
41.8838 27.8504
41.984 21.2434
42.0842 16.87
42.1844 15.1981
42.2846 19.964
42.3848 33.2001
42.485 36.2714
42.5852 28.328
42.6854 21.6664
42.7856 16.6749
42.8858 13.0384
42.986 11.1735
43.0862 15.3063
43.1864 32.8612
43.2866 38.3421
43.3868 30.2743
43.487 22.4144
43.5872 17.4582
43.6874 14.4559
43.7876 16.1332
43.8878 27.9302
43.988 36.8348
44.0882 32.383
44.1884 24.09
44.2886 18.393
44.3888 14.0942
44.489 10.8242
44.5892 8.51721
44.6894 8.73047
44.7896 18.5927
44.8898 40.9379
44.99 36.3389
45.0902 26.681
45.1904 21.1337
45.2906 18.4739
45.3908 20.8891
45.491 29.8966
45.5912 34.2971
45.6914 30.0032
45.7916 23.6674
45.8918 19.0616
45.992 17.0828
46.0922 21.3094
46.1924 31.077
46.2926 35.338
46.3928 28.9175
46.493 22.4353
46.5932 17.7617
46.6934 15.3122
46.7936 17.8231
46.8938 30.338
46.994 36.9916
47.0942 30.2783
47.1944 23.089
47.2946 17.7272
47.3948 13.8092
47.495 11.5079
47.5952 14.3987
47.6954 30.2451
47.7956 38.5661
47.8958 31.676
47.996 23.2353
48.0962 17.9426
48.1964 14.4319
48.2966 14.4253
48.3968 23.8221
48.497 36.1042
48.5972 34.7847
48.6974 25.873
48.7976 19.6894
48.8978 15.0729
48.998 11.5451
49.0982 8.8836
49.1984 7.13313
49.2986 7.68412
49.3988 19.8902
49.499 42.5512
49.5992 35.61
49.6994 26.3404
49.7996 21.3172
49.8998 19.8051
50 23.4966
