REAL_FUNCTION
Derivation
x1: -10
x2: 10
NumPoints: 501
-10 -63.317
-9.96 -63.4085
-9.92 -63.3779
-9.88 -63.2276
-9.84 -62.9601
-9.8 -62.5781
-9.76 -62.0845
-9.72 -61.4824
-9.68 -60.7752
-9.64 -59.9661
-9.6 -59.0589
-9.56 -58.0571
-9.52 -56.9647
-9.48 -55.7856
-9.44 -54.5238
-9.4 -53.1837
-9.36 -51.7693
-9.32 -50.2852
-9.28 -48.7356
-9.24 -47.1252
-9.2 -45.4583
-9.16 -43.7397
-9.12 -41.9738
-9.08 -40.1653
-9.04 -38.3189
-9 -36.4391
-8.96 -34.5306
-8.92 -32.5979
-8.88 -30.6457
-8.84 -28.6785
-8.8 -26.7007
-8.76 -24.7167
-8.72 -22.7311
-8.68 -20.7479
-8.64 -18.7714
-8.6 -16.8058
-8.56 -14.8551
-8.52 -12.9231
-8.48 -11.0136
-8.44 -9.13041
-8.4 -7.27702
-8.36 -5.45686
-8.32 -3.67322
-8.28 -1.92926
-8.24 -0.227984
-8.2 1.42775
-8.16 3.03524
-8.12 4.59195
-8.08 6.09549
-8.04 7.54363
-8 8.93433
-7.96 10.2657
-7.92 11.536
-7.88 12.7437
-7.84 13.8875
-7.8 14.9661
-7.76 15.9785
-7.72 16.9239
-7.68 17.8015
-7.64 18.6109
-7.6 19.3518
-7.56 20.0238
-7.52 20.6271
-7.48 21.1618
-7.44 21.6282
-7.4 22.0267
-7.36 22.358
-7.32 22.6229
-7.28 22.8223
-7.24 22.9572
-7.2 23.0289
-7.16 23.0386
-7.12 22.9878
-7.08 22.8781
-7.04 22.7113
-7 22.489
-6.96 22.2132
-6.92 21.8859
-6.88 21.5092
-6.84 21.0853
-6.8 20.6165
-6.76 20.105
-6.72 19.5533
-6.68 18.9639
-6.64 18.3392
-6.6 17.6818
-6.56 16.9943
-6.52 16.2793
-6.48 15.5395
-6.44 14.7776
-6.4 13.9962
-6.36 13.198
-6.32 12.3857
-6.28 11.5619
-6.24 10.7294
-6.2 9.89076
-6.16 9.04858
-6.12 8.20544
-6.08 7.36387
-6.04 6.52636
-6 5.69534
-5.96 4.87319
-5.92 4.06222
-5.88 3.26468
-5.84 2.48273
-5.8 1.71849
-5.76 0.97396
-5.72 0.25107
-5.68 -0.448338
-5.64 -1.12252
-5.6 -1.76982
-5.56 -2.38869
-5.52 -2.97769
-5.48 -3.53547
-5.44 -4.06079
-5.4 -4.55252
-5.36 -5.00966
-5.32 -5.4313
-5.28 -5.81663
-5.24 -6.165
-5.2 -6.47584
-5.16 -6.74869
-5.12 -6.98322
-5.08 -7.17922
-5.04 -7.33658
-5 -7.45531
-4.96 -7.53553
-4.92 -7.57746
-4.88 -7.58144
-4.84 -7.54792
-4.8 -7.47744
-4.76 -7.37065
-4.72 -7.2283
-4.68 -7.05124
-4.64 -6.8404
-4.6 -6.5968
-4.56 -6.32156
-4.52 -6.01588
-4.48 -5.68102
-4.44 -5.31833
-4.4 -4.92924
-4.36 -4.51521
-4.32 -4.07779
-4.28 -3.61859
-4.24 -3.13925
-4.2 -2.64146
-4.16 -2.12698
-4.12 -1.59757
-4.08 -1.05504
-4.04 -0.501226
-4 0.0620194
-3.96 0.632824
-3.92 1.20931
-3.88 1.78958
-3.84 2.37175
-3.8 2.95394
-3.76 3.53427
-3.72 4.11088
-3.68 4.68193
-3.64 5.24561
-3.6 5.80013
-3.56 6.34373
-3.52 6.8747
-3.48 7.39137
-3.44 7.89211
-3.4 8.37535
-3.36 8.83957
-3.32 9.28332
-3.28 9.7052
-3.24 10.1039
-3.2 10.4781
-3.16 10.8267
-3.12 11.1485
-3.08 11.4425
-3.04 11.7078
-3 11.9434
-2.96 12.1487
-2.92 12.3229
-2.88 12.4654
-2.84 12.5756
-2.8 12.6533
-2.76 12.6979
-2.72 12.7093
-2.68 12.6874
-2.64 12.6321
-2.6 12.5433
-2.56 12.4213
-2.52 12.2663
-2.48 12.0785
-2.44 11.8585
-2.4 11.6066
-2.36 11.3235
-2.32 11.0097
-2.28 10.6662
-2.24 10.2936
-2.2 9.89301
-2.16 9.46527
-2.12 9.01148
-2.08 8.53278
-2.04 8.03036
-2 7.50549
-1.96 6.95949
-1.92 6.39374
-1.88 5.80968
-1.84 5.2088
-1.8 4.59261
-1.76 3.9627
-1.72 3.32067
-1.68 2.66817
-1.64 2.00686
-1.6 1.33845
-1.56 0.664644
-1.52 -0.0128262
-1.48 -0.692219
-1.44 -1.37179
-1.4 -2.04979
-1.36 -2.72447
-1.32 -3.3941
-1.28 -4.05696
-1.24 -4.71134
-1.2 -5.35555
-1.16 -5.98793
-1.12 -6.60686
-1.08 -7.21074
-1.04 -7.79803
-1 -8.3672
-0.96 -8.91679
-0.92 -9.4454
-0.88 -9.95166
-0.84 -10.4343
-0.8 -10.892
-0.76 -11.3237
-0.72 -11.7281
-0.68 -12.1044
-0.64 -12.4516
-0.6 -12.7687
-0.56 -13.0549
-0.52 -13.3096
-0.48 -13.532
-0.44 -13.7217
-0.4 -13.8781
-0.36 -14.0009
-0.32 -14.0897
-0.28 -14.1444
-0.24 -14.1649
-0.2 -14.151
-0.16 -14.103
-0.12 -14.0208
-0.08 -13.9048
-0.04 -13.7552
0 -13.5726
0.04 -13.3573
0.08 -13.1099
0.12 -12.8312
0.16 -12.5219
0.2 -12.1827
0.24 -11.8146
0.28 -11.4185
0.32 -10.9955
0.36 -10.5466
0.4 -10.073
0.44 -9.57589
0.48 -9.05655
0.52 -8.51627
0.56 -7.95638
0.6 -7.37825
0.64 -6.78327
0.68 -6.17285
0.72 -5.5484
0.76 -4.91133
0.8 -4.26304
0.84 -3.60489
0.88 -2.93821
0.92 -2.26425
0.96 -1.58421
1 -0.899141
1.04 -0.20999
1.08 0.482486
1.12 1.17775
1.16 1.87553
1.2 2.57592
1.24 3.27945
1.28 3.98722
1.32 4.70104
1.36 5.42369
1.4 6.15917
1.44 6.91307
1.48 7.6932
1.52 8.51022
1.56 9.37875
1.6 10.3187
1.64 11.357
1.68 12.5296
1.72 13.8821
1.76 15.4648
1.8 17.3052
1.84 19.2934
1.88 20.7345
1.92 18.6742
1.96 5.69595
2 -1.91616e-36
2.04 -5.01991
2.08 -13.8865
2.12 -12.3962
2.16 -8.72925
2.2 -5.41539
2.24 -2.82008
2.28 -0.859428
2.32 0.606654
2.36 1.69635
2.4 2.49791
2.44 3.07524
2.48 3.47461
2.52 3.72984
2.56 3.86604
2.6 3.90218
2.64 3.85288
2.68 3.72962
2.72 3.54162
2.76 3.29641
2.8 3.00031
2.84 2.65871
2.88 2.27631
2.92 1.8573
2.96 1.40547
3 0.924314
3.04 0.417103
3.08 -0.11307
3.12 -0.66324
3.16 -1.23054
3.2 -1.81218
3.24 -2.40544
3.28 -3.00762
3.32 -3.61607
3.36 -4.22819
3.4 -4.84136
3.44 -5.45301
3.48 -6.0606
3.52 -6.66159
3.56 -7.25349
3.6 -7.83379
3.64 -8.40007
3.68 -8.94988
3.72 -9.48085
3.76 -9.99062
3.8 -10.4769
3.84 -10.9374
3.88 -11.37
3.92 -11.7725
3.96 -12.1428
4 -12.479
4.04 -12.779
4.08 -13.041
4.12 -13.2633
4.16 -13.4441
4.2 -13.5819
4.24 -13.6752
4.28 -13.7225
4.32 -13.7227
4.36 -13.6744
4.4 -13.5768
4.44 -13.4287
4.48 -13.2295
4.52 -12.9784
4.56 -12.6749
4.6 -12.3186
4.64 -11.9091
4.68 -11.4464
4.72 -10.9304
4.76 -10.3612
4.8 -9.7392
4.84 -9.06475
4.88 -8.33844
4.92 -7.561
4.96 -6.73328
5 -5.85631
5.04 -4.93124
5.08 -3.95938
5.12 -2.94219
5.16 -1.88126
5.2 -0.778327
5.24 0.364732
5.28 1.5459
5.32 2.76304
5.36 4.01387
5.4 5.29597
5.44 6.60683
5.48 7.94379
5.52 9.30409
5.56 10.6849
5.6 12.0831
5.64 13.4958
5.68 14.9197
5.72 16.3516
5.76 17.7881
5.8 19.2259
5.84 20.6615
5.88 22.0912
5.92 23.5116
5.96 24.919
6 26.3096
6.04 27.6799
6.08 29.026
6.12 30.3442
6.16 31.6309
6.2 32.8821
6.24 34.0943
6.28 35.2636
6.32 36.3864
6.36 37.4591
6.4 38.4781
6.44 39.4397
6.48 40.3406
6.52 41.1774
6.56 41.9466
6.6 42.6451
6.64 43.2697
6.68 43.8175
6.72 44.2854
6.76 44.6708
6.8 44.9709
6.84 45.1833
6.88 45.3056
6.92 45.3355
6.96 45.2711
7 45.1104
7.04 44.8518
7.08 44.4937
7.12 44.0348
7.16 43.4739
7.2 42.8102
7.24 42.043
7.28 41.1715
7.32 40.1957
7.36 39.1153
7.4 37.9306
7.44 36.6418
7.48 35.2496
7.52 33.7547
7.56 32.1582
7.6 30.4615
7.64 28.6659
7.68 26.7732
7.72 24.7855
7.76 22.7048
7.8 20.5337
7.84 18.2748
7.88 15.9311
7.92 13.5055
7.96 11.0016
8 8.42273
8.04 5.77278
8.08 3.05572
8.12 0.275727
8.16 -2.56282
8.2 -5.45534
8.24 -8.39707
8.28 -11.3831
8.32 -14.4083
8.36 -17.4673
8.4 -20.5548
8.44 -23.6653
8.48 -26.7928
8.52 -29.9318
8.56 -33.0761
8.6 -36.2197
8.64 -39.3565
8.68 -42.4803
8.72 -45.5846
8.76 -48.6632
8.8 -51.7096
8.84 -54.7173
8.88 -57.6798
8.92 -60.5908
8.96 -63.4435
9 -66.2316
9.04 -68.9487
9.08 -71.5881
9.12 -74.1437
9.16 -76.6091
9.2 -78.978
9.24 -81.2443
9.28 -83.4021
9.32 -85.4453
9.36 -87.3683
9.4 -89.1653
9.44 -90.831
9.48 -92.3599
9.52 -93.7471
9.56 -94.9875
9.6 -96.0765
9.64 -97.0096
9.68 -97.7825
9.72 -98.3912
9.76 -98.832
9.8 -99.1014
9.84 -99.1961
9.88 -99.1132
9.92 -98.8501
9.96 -98.4045
10 -97.7743
