REAL_FUNCTION
Pendulum - angle in time
x1: 0
x2: 10
NumPoints: 200
0 0.523599
0.0502513 0.517754
0.100503 0.499163
0.150754 0.468711
0.201005 0.427285
0.251256 0.375627
0.301508 0.314914
0.351759 0.246516
0.40201 0.17212
0.452261 0.09348
0.502513 0.0125345
0.552764 -0.0686597
0.603015 -0.1482
0.653266 -0.224188
0.703518 -0.294582
0.753769 -0.357886
0.80402 -0.412418
0.854271 -0.457129
0.904523 -0.490843
0.954774 -0.512997
1.00503 -0.522916
1.05528 -0.520615
1.10553 -0.505904
1.15578 -0.479254
1.20603 -0.441204
1.25628 -0.39255
1.30653 -0.334517
1.35678 -0.268278
1.40704 -0.195583
1.45729 -0.11801
1.50754 -0.0375784
1.55779 0.0437358
1.60804 0.124007
1.65829 0.201309
1.70854 0.273598
1.75879 0.339272
1.80905 0.396617
1.8593 0.444509
1.90955 0.481662
1.9598 0.507478
2.01005 0.52116
2.0603 0.522672
2.11055 0.511723
2.1608 0.488712
2.21106 0.454094
2.26131 0.408582
2.31156 0.353334
2.36181 0.289427
2.41206 0.218581
2.46231 0.142283
2.51256 0.0625448
2.56281 -0.0187641
2.61307 -0.0996075
2.66332 -0.177995
2.71357 -0.251998
2.76382 -0.319878
2.81407 -0.379912
2.86432 -0.430868
2.91457 -0.471396
2.96482 -0.500791
3.01508 -0.518179
3.06533 -0.523506
3.11558 -0.51609
3.16583 -0.496761
3.21608 -0.46592
3.26633 -0.423641
3.31658 -0.371339
3.36683 -0.309909
3.41709 -0.241059
3.46734 -0.166216
3.51759 -0.0873627
3.56784 -0.00630751
3.61809 0.0748769
3.66834 0.154226
3.71859 0.229671
3.76884 0.299455
3.8191 0.362178
3.86935 0.416215
3.9196 0.460032
3.96985 0.492995
4.0201 0.514155
4.07035 0.523235
4.1206 0.5199
4.17085 0.504288
4.22111 0.476759
4.27136 0.437816
4.32161 0.388487
4.37186 0.329675
4.42211 0.262979
4.47236 0.189764
4.52261 0.111971
4.57286 0.0313663
4.62312 -0.0499666
4.67337 -0.13002
4.72362 -0.206971
4.77387 -0.278906
4.82412 -0.343915
4.87437 -0.400644
4.92462 -0.447712
4.97487 -0.484061
5.02513 -0.508934
5.07538 -0.521737
5.12563 -0.522253
5.17588 -0.510371
5.22613 -0.486493
5.27638 -0.450956
5.32663 -0.40473
5.37688 -0.348686
5.42714 -0.284274
5.47739 -0.212869
5.52764 -0.136309
5.57789 -0.0563408
5.62814 0.024966
5.67839 0.10562
5.72864 0.183756
5.77889 0.25744
5.82915 0.324717
5.8794 0.384159
5.92965 0.434321
5.9799 0.47406
6.03015 0.50255
6.0804 0.519097
6.13065 0.523422
6.1809 0.515335
6.23116 0.495133
6.28141 0.46308
6.33166 0.420049
6.38191 0.366901
6.43216 0.304909
6.48241 0.235489
6.53266 0.160319
6.58291 0.0811879
6.63317 0.000114201
6.68342 -0.080968
6.73367 -0.16012
6.78392 -0.235364
6.83417 -0.304775
6.88442 -0.366788
6.93467 -0.419953
6.98492 -0.462977
7.03518 -0.495048
7.08543 -0.515272
7.13568 -0.523412
7.18593 -0.519132
7.23618 -0.502642
7.28643 -0.474152
7.33668 -0.434421
7.38693 -0.384271
7.43719 -0.32485
7.48744 -0.257562
7.53769 -0.183969
7.58794 -0.105862
7.63819 -0.0251533
7.68844 0.0561962
7.73869 0.136121
7.78894 0.212725
7.8392 0.283889
7.88945 0.348329
7.9397 0.404569
7.98995 0.45081
8.0402 0.486414
8.09045 0.510313
8.1407 0.522249
8.19095 0.521759
8.24121 0.509018
8.29146 0.484147
8.34171 0.447808
8.39196 0.400759
8.44221 0.344045
8.49246 0.279037
8.54271 0.207186
8.59296 0.130282
8.64322 0.0501606
8.69347 -0.0312075
8.74372 -0.111774
8.79397 -0.189621
8.84422 -0.262597
8.89447 -0.329344
8.94472 -0.388319
8.99497 -0.437672
9.04523 -0.476694
9.09548 -0.504207
9.14573 -0.519913
9.19598 -0.523212
9.24623 -0.514254
9.29648 -0.493042
9.34673 -0.460184
9.39698 -0.416323
9.44724 -0.362455
9.49749 -0.299856
9.54774 -0.229924
9.59799 -0.154392
9.64824 -0.0750515
9.69849 0.00614604
9.74874 0.0871146
9.79899 0.165985
9.84925 0.240884
9.8995 0.309797
9.94975 0.371228
10 0.423648
