REAL_FUNCTION
Spherical pendulum - theta in time
x1: 0
x2: 20
NumPoints: 1000
0 1.5708
0.02002 1.67085
0.04004 1.76648
0.0600601 1.85721
0.0800801 1.94255
0.1001 2.02195
0.12012 2.09478
0.14014 2.1603
0.16016 2.21765
0.18018 2.26587
0.2002 2.30393
0.22022 2.33085
0.24024 2.3458
0.26026 2.34829
0.28028 2.33822
0.3003 2.31595
0.32032 2.28218
0.34034 2.23785
0.36036 2.18399
0.38038 2.12158
0.4004 2.05155
0.42042 1.97466
0.44044 1.8916
0.46046 1.80294
0.48048 1.70919
0.500501 1.61082
0.520521 1.50833
0.540541 1.40224
0.560561 1.29317
0.580581 1.1819
0.600601 1.06944
0.620621 0.957171
0.640641 0.847076
0.660661 0.742115
0.680681 0.646764
0.700701 0.567686
0.720721 0.51396
0.740741 0.494863
0.760761 0.514597
0.780781 0.568818
0.800801 0.648241
0.820821 0.743802
0.840841 0.848867
0.860861 0.95901
0.880881 1.0713
0.900901 1.18376
0.920921 1.295
0.940941 1.40403
0.960961 1.51006
0.980981 1.61249
1.001 1.71078
1.02102 1.80445
1.04104 1.89302
1.06106 1.97599
1.08108 2.05276
1.1011 2.12268
1.12112 2.18495
1.14114 2.23867
1.16116 2.28283
1.18118 2.31642
1.2012 2.33849
1.22122 2.34835
1.24124 2.34566
1.26126 2.3305
1.28128 2.30339
1.3013 2.26515
1.32132 2.21677
1.34134 2.15928
1.36136 2.09363
1.38138 2.02068
1.4014 1.94118
1.42142 1.85575
1.44144 1.76493
1.46146 1.66923
1.48148 1.5691
1.5015 1.46506
1.52152 1.35767
1.54154 1.24759
1.56156 1.13568
1.58158 1.0231
1.6016 0.911449
1.62162 0.80304
1.64164 0.701393
1.66166 0.61177
1.68168 0.541925
1.7017 0.501489
1.72172 0.498361
1.74174 0.533217
1.76176 0.599023
1.78178 0.686056
1.8018 0.786205
1.82182 0.893799
1.84184 1.00511
1.86186 1.11766
1.88188 1.22976
1.9019 1.3402
1.92192 1.44808
1.94194 1.55269
1.96196 1.65348
1.98198 1.74992
2.002 1.84156
2.02202 1.92789
2.04204 2.00838
2.06206 2.08242
2.08208 2.14929
2.1021 2.20815
2.12212 2.25806
2.14214 2.29799
2.16216 2.32695
2.18218 2.34406
2.2022 2.34877
2.22222 2.3409
2.24224 2.32074
2.26226 2.28895
2.28228 2.24641
2.3023 2.19415
2.32232 2.13319
2.34234 2.06444
2.36236 1.98871
2.38238 1.9067
2.4024 1.81899
2.42242 1.7261
2.44244 1.62852
2.46246 1.52672
2.48248 1.42123
2.5025 1.31263
2.52252 1.20168
2.54254 1.08934
2.56256 0.976915
2.58258 0.866264
2.6026 0.760125
2.62262 0.66265
2.64264 0.580101
2.66266 0.521163
2.68268 0.495436
2.7027 0.508373
2.72272 0.557119
2.74274 0.632799
2.76276 0.726077
2.78278 0.829831
2.8028 0.939322
2.82282 1.0514
2.84284 1.16394
2.86286 1.27548
2.88288 1.38496
2.9029 1.49157
2.92292 1.59467
2.94294 1.69373
2.96296 1.78826
2.98298 1.87777
3.003 1.96176
3.02302 2.03967
3.04304 2.11086
3.06306 2.17454
3.08308 2.22984
3.1031 2.27577
3.12312 2.3113
3.14314 2.33546
3.16316 2.34752
3.18318 2.34705
3.2032 2.33407
3.22322 2.30902
3.24324 2.27268
3.26326 2.22601
3.28328 2.17006
3.3033 2.10578
3.32332 2.03407
3.34334 1.95568
3.36336 1.87125
3.38338 1.78135
3.4034 1.68647
3.42342 1.58709
3.44344 1.48371
3.46346 1.37686
3.48348 1.2672
3.5035 1.15554
3.52352 1.04298
3.54354 0.93102
3.56356 0.821817
3.58358 0.718648
3.6036 0.626427
3.62362 0.552411
3.64364 0.506088
3.66366 0.496046
3.68368 0.524533
3.7037 0.585579
3.72372 0.669529
3.74374 0.767829
3.76376 0.874427
3.78378 0.985292
3.8038 1.09777
3.82382 1.21004
3.84384 1.32085
3.86386 1.42923
3.88388 1.53447
3.9039 1.63597
3.92392 1.73322
3.94394 1.82574
3.96396 1.91304
3.98398 1.99461
4.004 2.06984
4.02402 2.13803
4.04404 2.19838
4.06406 2.24994
4.08408 2.29171
4.1041 2.32267
4.12412 2.34193
4.14414 2.34885
4.16416 2.3432
4.18418 2.32518
4.2042 2.29537
4.22422 2.25466
4.24424 2.20405
4.26426 2.14455
4.28428 2.07712
4.3043 2.00257
4.32432 1.92162
4.34434 1.83488
4.36436 1.74287
4.38438 1.64608
4.4044 1.54499
4.42442 1.44011
4.44444 1.33201
4.46446 1.22142
4.48448 1.10924
4.5045 0.996713
4.52452 0.885586
4.54454 0.778386
4.56456 0.679005
4.58458 0.593246
4.6046 0.529417
4.62462 0.497234
4.64464 0.50329
4.66466 0.546258
4.68468 0.617907
4.7047 0.708654
4.72472 0.810972
4.74474 0.91972
4.76476 1.03151
4.78478 1.14409
4.8048 1.2559
4.82482 1.3658
4.84484 1.47297
4.86486 1.57674
4.88488 1.67654
4.9049 1.7719
4.92492 1.86234
4.94494 1.94734
4.96496 2.02638
4.98498 2.0988
5.00501 2.16387
5.02503 2.22072
5.04505 2.26838
5.06507 2.30582
5.08509 2.33206
5.10511 2.34629
5.12513 2.34805
5.14515 2.33726
5.16517 2.31429
5.18519 2.27988
5.20521 2.23497
5.22523 2.18058
5.24525 2.1177
5.26527 2.04725
5.28529 1.96999
5.30531 1.88658
5.32533 1.79761
5.34535 1.70358
5.36537 1.60496
5.38539 1.50224
5.40541 1.39596
5.42543 1.28674
5.44545 1.17537
5.46547 1.06287
5.48549 0.950676
5.50551 0.840803
5.52553 0.736259
5.54555 0.641631
5.56557 0.563765
5.58559 0.51183
5.60561 0.494964
5.62563 0.516874
5.64565 0.572845
5.66567 0.653444
5.68569 0.749712
5.70571 0.855184
5.72573 0.965521
5.74575 1.07786
5.76577 1.19028
5.78579 1.30142
5.80581 1.41029
5.82583 1.51613
5.84585 1.61833
5.86587 1.71637
5.88589 1.80975
5.90591 1.89801
5.92593 1.98064
5.94595 2.05703
5.96597 2.12653
5.98599 2.18832
6.00601 2.24151
6.02603 2.28509
6.04605 2.31803
6.06607 2.33941
6.08609 2.34854
6.10611 2.34511
6.12613 2.32924
6.14615 2.30146
6.16617 2.2626
6.18619 2.21366
6.20621 2.15567
6.22623 2.08957
6.24625 2.01623
6.26627 1.93636
6.28629 1.8506
6.30631 1.75949
6.32633 1.66351
6.34635 1.56314
6.36637 1.45889
6.38639 1.35132
6.40641 1.24111
6.42643 1.12913
6.44645 1.01655
6.46647 0.905021
6.48649 0.796888
6.50651 0.69577
6.52653 0.607075
6.54655 0.538667
6.56657 0.500245
6.58659 0.499368
6.60661 0.536299
6.62663 0.603599
6.64665 0.691602
6.66667 0.792308
6.68669 0.9002
6.70671 1.01165
6.72673 1.12422
6.74675 1.23625
6.76677 1.34656
6.78679 1.45427
6.80681 1.55867
6.82683 1.65922
6.84685 1.7554
6.86687 1.84674
6.88689 1.93274
6.90691 2.01287
6.92693 2.08652
6.94695 2.15295
6.96697 2.21132
6.98699 2.26067
7.00701 2.29999
7.02703 2.32827
7.04705 2.34467
7.06707 2.34865
7.08709 2.34006
7.10711 2.31921
7.12713 2.28675
7.14715 2.24362
7.16717 2.19083
7.18719 2.12939
7.20721 2.06021
7.22723 1.9841
7.24725 1.90174
7.26727 1.81371
7.28729 1.72054
7.30731 1.6227
7.32733 1.52067
7.34735 1.41498
7.36737 1.30623
7.38739 1.19516
7.40741 1.08278
7.42743 0.9704
7.44745 0.859932
7.46747 0.754168
7.48749 0.657361
7.50751 0.575924
7.52753 0.518685
7.54755 0.495104
7.56757 0.510293
7.58759 0.560881
7.60761 0.637838
7.62763 0.731878
7.64765 0.836094
7.66767 0.945813
7.68769 1.05796
7.70771 1.17048
7.72773 1.28192
7.74775 1.39126
7.76777 1.49768
7.78779 1.60056
7.80781 1.69937
7.82783 1.79361
7.84785 1.88281
7.86787 1.96647
7.88789 2.04401
7.90791 2.11478
7.92793 2.178
7.94795 2.23278
7.96797 2.27813
7.98799 2.31302
8.00801 2.3365
8.02803 2.34783
8.04805 2.34663
8.06807 2.33293
8.08809 2.3072
8.10811 2.27023
8.12813 2.223
8.14815 2.16653
8.16817 2.1018
8.18819 2.02968
8.20821 1.95092
8.22823 1.86616
8.24825 1.77596
8.26827 1.6808
8.28829 1.58118
8.30831 1.47757
8.32833 1.37054
8.34835 1.26074
8.36837 1.149
8.38839 1.03642
8.40841 0.924561
8.42843 0.815605
8.44845 0.712915
8.46847 0.621535
8.48849 0.548857
8.50851 0.504441
8.52853 0.496664
8.54855 0.527293
8.56857 0.589938
8.58859 0.67493
8.60861 0.773865
8.62863 0.880793
8.64865 0.99182
8.66867 1.10433
8.68869 1.21655
8.70871 1.32724
8.72873 1.43546
8.74875 1.54049
8.76877 1.64176
8.78879 1.73874
8.80881 1.83097
8.82883 1.91795
8.84885 1.99917
8.86887 2.07401
8.88889 2.14177
8.90891 2.20163
8.92893 2.25265
8.94895 2.29382
8.96897 2.32412
8.98899 2.34267
9.00901 2.34887
9.02903 2.34249
9.04905 2.32376
9.06907 2.29329
9.08909 2.25197
9.10911 2.20082
9.12913 2.14083
9.14915 2.07296
9.16917 1.99802
9.18919 1.91672
9.20921 1.82966
9.22923 1.73736
9.24925 1.64031
9.26927 1.53898
9.28929 1.4339
9.30931 1.32564
9.32933 1.21492
9.34935 1.10268
9.36937 0.990183
9.38939 0.879204
9.40941 0.772355
9.42943 0.673566
9.44945 0.588833
9.46947 0.526587
9.48949 0.496497
9.50951 0.504825
9.52953 0.549743
9.54955 0.622752
9.56957 0.714364
9.58959 0.817171
9.60961 0.926169
9.62963 1.03807
9.64965 1.15064
9.66967 1.26236
9.68969 1.37213
9.70971 1.47911
9.72973 1.58266
9.74975 1.68223
9.76977 1.77731
9.78979 1.86744
9.80981 1.95211
9.82983 2.03078
9.84985 2.1028
9.86987 2.16742
9.88989 2.22376
9.90991 2.27085
9.92993 2.30766
9.94995 2.33322
9.96997 2.34674
9.98999 2.34776
10.01 2.33624
10.03 2.31259
10.0501 2.27754
10.0701 2.23205
10.0901 2.17714
10.1101 2.1138
10.1301 2.04293
10.1502 1.96529
10.1702 1.88155
10.1902 1.79227
10.2102 1.69795
10.2302 1.59908
10.2503 1.49615
10.2703 1.38968
10.2903 1.28031
10.3103 1.16884
10.3303 1.05631
10.3504 0.94419
10.3704 0.834513
10.3904 0.730408
10.4104 0.636565
10.4304 0.55993
10.4505 0.509811
10.4705 0.495169
10.4905 0.519292
10.5105 0.576963
10.5305 0.658698
10.5506 0.755653
10.5706 0.861507
10.5906 0.972028
10.6106 1.08442
10.6306 1.1968
10.6507 1.30783
10.6707 1.41655
10.6907 1.52219
10.7107 1.62416
10.7307 1.72194
10.7508 1.81504
10.7708 1.90299
10.7908 1.98526
10.8108 2.06128
10.8308 2.13035
10.8509 2.19167
10.8709 2.24432
10.8909 2.28731
10.9109 2.3196
10.9309 2.34028
10.951 2.34868
10.971 2.34453
10.991 2.32794
11.011 2.29949
11.031 2.26002
11.0511 2.21053
11.0711 2.15203
11.0911 2.08549
11.1111 2.01175
11.1311 1.93152
11.1512 1.84544
11.1712 1.75403
11.1912 1.65778
11.2112 1.55718
11.2312 1.45271
11.2513 1.34497
11.2713 1.23462
11.2913 1.12257
11.3113 1.01001
11.3313 0.8986
11.3514 0.790775
11.3714 0.69021
11.3914 0.602441
11.4114 0.535514
11.4314 0.499096
11.4515 0.500541
11.4715 0.539478
11.4915 0.608251
11.5115 0.697178
11.5315 0.798447
11.5516 0.906626
11.5716 1.01819
11.5916 1.13077
11.6116 1.24273
11.6316 1.35291
11.6517 1.46044
11.6717 1.56464
11.6917 1.66495
11.7117 1.76086
11.7317 1.85189
11.7518 1.93757
11.7718 2.01735
11.7918 2.09059
11.8118 2.15658
11.8318 2.21445
11.8519 2.26325
11.8719 2.30195
11.8919 2.32956
11.9119 2.34525
11.9319 2.3485
11.952 2.33918
11.972 2.31762
11.992 2.28452
12.012 2.2408
12.032 2.18748
12.0521 2.12556
12.0721 2.05596
12.0921 1.97947
12.1121 1.89676
12.1321 1.80843
12.1522 1.71497
12.1722 1.61687
12.1922 1.51461
12.2122 1.40872
12.2322 1.29981
12.2523 1.18865
12.2723 1.07622
12.2923 0.963892
12.3123 0.853608
12.3323 0.748237
12.3524 0.652127
12.3724 0.571828
12.3924 0.516307
12.4124 0.494915
12.4324 0.512345
12.4525 0.564739
12.4725 0.642919
12.4925 0.73773
12.5125 0.842372
12.5325 0.952295
12.5526 1.06452
12.5726 1.17701
12.5926 1.28836
12.6126 1.39754
12.6326 1.50377
12.6527 1.60643
12.6727 1.70499
12.6927 1.79895
12.7127 1.88784
12.7327 1.97116
12.7528 2.04833
12.7728 2.11868
12.7928 2.18143
12.8128 2.23569
12.8328 2.28046
12.8529 2.31471
12.8729 2.3375
12.8929 2.34811
12.9129 2.34618
12.9329 2.33176
12.953 2.30535
12.973 2.26775
12.993 2.21996
13.013 2.16298
13.033 2.0978
13.0531 2.02527
13.0731 1.94614
13.0931 1.86105
13.1131 1.77055
13.1331 1.67512
13.1532 1.57525
13.1732 1.47143
13.1932 1.36422
13.2132 1.25427
13.2332 1.14245
13.2533 1.02987
13.2733 0.91811
13.2933 0.809416
13.3133 0.707221
13.3333 0.616703
13.3534 0.545399
13.3734 0.502922
13.3934 0.497424
13.4134 0.530153
13.4334 0.594367
13.4535 0.680377
13.4735 0.779925
13.4935 0.887179
13.5135 0.998351
13.5335 1.11088
13.5536 1.22305
13.5736 1.33361
13.5936 1.44167
13.6136 1.5465
13.6336 1.64753
13.6537 1.74425
13.6737 1.83618
13.6937 1.92285
13.7137 2.0037
13.7337 2.07815
13.7538 2.14548
13.7738 2.20485
13.7938 2.25533
13.8138 2.29589
13.8338 2.32553
13.8539 2.34338
13.8739 2.34884
13.8939 2.34173
13.9139 2.3223
13.9339 2.29117
13.954 2.24925
13.974 2.19756
13.994 2.13709
14.014 2.06878
14.034 1.99346
14.0541 1.9118
14.0741 1.82442
14.0941 1.73183
14.1141 1.63452
14.1341 1.53296
14.1542 1.42767
14.1742 1.31925
14.1942 1.20841
14.2142 1.09612
14.2342 0.983657
14.2543 0.872835
14.2743 0.766329
14.2943 0.668182
14.3143 0.584497
14.3343 0.523875
14.3544 0.495899
14.3744 0.506514
14.3944 0.553316
14.4144 0.62766
14.4344 0.720097
14.4545 0.823381
14.4745 0.932634
14.4945 1.04462
14.5145 1.15718
14.5345 1.26881
14.5546 1.37844
14.5746 1.48525
14.5946 1.58858
14.6146 1.68789
14.6346 1.7827
14.6547 1.87253
14.6747 1.95687
14.6947 2.03517
14.7147 2.10678
14.7347 2.17094
14.7548 2.22677
14.7748 2.27328
14.7948 2.30947
14.8148 2.33435
14.8348 2.34714
14.8549 2.34743
14.8749 2.3352
14.8949 2.31086
14.9149 2.27517
14.9349 2.2291
14.955 2.17367
14.975 2.10987
14.995 2.03858
15.015 1.96058
15.035 1.8765
15.0551 1.78691
15.0751 1.69232
15.0951 1.5932
15.1151 1.49004
15.1351 1.38338
15.1552 1.27386
15.1752 1.1623
15.1952 1.04976
15.2152 0.937711
15.2352 0.828266
15.2553 0.724606
15.2753 0.631546
15.2953 0.556188
15.3153 0.507901
15.3353 0.495541
15.3554 0.521814
15.3754 0.581159
15.3954 0.66399
15.4154 0.761634
15.4354 0.867854
15.4555 0.978548
15.4755 1.09098
15.4955 1.20331
15.5155 1.31424
15.5355 1.42279
15.5556 1.52823
15.5756 1.62997
15.5956 1.72749
15.6156 1.82031
15.6356 1.90794
15.6557 1.98987
15.6757 2.06549
15.6957 2.13414
15.7157 2.19498
15.7357 2.2471
15.7558 2.28949
15.7758 2.32113
15.7958 2.34111
15.8158 2.34879
15.8358 2.3439
15.8559 2.3266
15.8759 2.29749
15.8959 2.2574
15.9159 2.20736
15.9359 2.14837
15.956 2.08139
15.976 2.00725
15.996 1.92667
16.016 1.84026
16.036 1.74855
16.0561 1.65204
16.0761 1.55119
16.0961 1.44652
16.1161 1.3386
16.1361 1.22814
16.1562 1.11602
16.1762 1.00347
16.1962 0.892195
16.2162 0.784675
16.2362 0.684684
16.2563 0.597882
16.2763 0.53247
16.2963 0.498123
16.3163 0.501825
16.3363 0.542756
16.3564 0.612958
16.3764 0.702804
16.3964 0.804582
16.4164 0.913054
16.4364 1.02474
16.4565 1.13732
16.4765 1.24921
16.4965 1.35925
16.5165 1.46661
16.5365 1.57059
16.5566 1.67066
16.5766 1.76629
16.5966 1.85704
16.6166 1.94239
16.6366 2.0218
16.6567 2.09464
16.6767 2.16018
16.6967 2.21755
16.7167 2.26579
16.7367 2.30387
16.7568 2.33081
16.7768 2.34579
16.7968 2.3483
16.8168 2.33825
16.8368 2.316
16.8569 2.28226
16.8769 2.23795
16.8969 2.1841
16.9169 2.12171
16.9369 2.05169
16.957 1.97482
16.977 1.89177
16.997 1.80312
17.017 1.70938
17.037 1.61102
17.0571 1.50854
17.0771 1.40246
17.0971 1.29339
17.1171 1.18212
17.1371 1.06966
17.1572 0.957391
17.1772 0.847292
17.1972 0.742317
17.2172 0.646938
17.2372 0.567821
17.2573 0.514032
17.2773 0.494865
17.2973 0.514521
17.3173 0.568683
17.3373 0.648064
17.3574 0.743603
17.3774 0.848652
17.3974 0.958788
17.4174 1.07108
17.4374 1.18353
17.4575 1.29478
17.4775 1.40381
17.4975 1.50985
17.5175 1.61229
17.5375 1.71059
17.5576 1.80427
17.5776 1.89285
17.5976 1.97583
17.6176 2.05262
17.6376 2.12255
17.6577 2.18483
17.6777 2.23857
17.6977 2.28275
17.7177 2.31636
17.7377 2.33846
17.7578 2.34834
17.7778 2.34567
17.7978 2.33054
17.8178 2.30346
17.8378 2.26524
17.8579 2.21688
17.8779 2.1594
17.8979 2.09376
17.9179 2.02084
17.9379 1.94135
17.958 1.85592
17.978 1.76512
17.998 1.66942
18.018 1.56931
18.038 1.46527
18.0581 1.35788
18.0781 1.24781
18.0981 1.1359
18.1181 1.02332
18.1381 0.911668
18.1582 0.80325
18.1782 0.701586
18.1982 0.611931
18.2182 0.542038
18.2382 0.501533
18.2583 0.498328
18.2783 0.533114
18.2983 0.598869
18.3183 0.685868
18.3383 0.785997
18.3584 0.893579
18.3784 1.00489
18.3984 1.11744
18.4184 1.22954
18.4384 1.33998
18.4585 1.44786
18.4785 1.55249
18.4985 1.65328
18.5185 1.74974
18.5385 1.84138
18.5586 1.92772
18.5786 2.00822
18.5986 2.08228
18.6186 2.14916
18.6386 2.20805
18.6587 2.25797
18.6787 2.29792
18.6987 2.3269
18.7187 2.34404
18.7387 2.34877
18.7588 2.34093
18.7788 2.3208
18.7988 2.28902
18.8188 2.2465
18.8388 2.19426
18.8589 2.13332
18.8789 2.06458
18.8989 1.98887
18.9189 1.90687
18.9389 1.81917
18.959 1.72629
18.979 1.62872
18.999 1.52693
19.019 1.42144
19.039 1.31285
19.0591 1.2019
19.0791 1.08956
19.0991 0.977138
19.1191 0.86648
19.1391 0.760328
19.1592 0.662832
19.1792 0.580246
19.1992 0.52125
19.2192 0.49545
19.2392 0.508309
19.2593 0.556992
19.2793 0.632628
19.2993 0.725878
19.3193 0.829617
19.3393 0.9391
19.3594 1.05118
19.3794 1.16372
19.3994 1.27526
19.4194 1.38474
19.4394 1.49136
19.4595 1.59447
19.4795 1.69354
19.4995 1.78807
19.5195 1.87759
19.5395 1.9616
19.5596 2.03952
19.5796 2.11072
19.5996 2.17442
19.6196 2.22974
19.6396 2.27568
19.6597 2.31123
19.6797 2.33543
19.6997 2.3475
19.7197 2.34706
19.7397 2.3341
19.7598 2.30908
19.7798 2.27276
19.7998 2.22612
19.8198 2.17018
19.8398 2.10592
19.8599 2.03422
19.8799 1.95584
19.8999 1.87143
19.9199 1.78154
19.9399 1.68667
19.96 1.5873
19.98 1.48392
20 1.37708
