PARTICLE_SIMULATION_DATA_3D
NumBalls: 5
Ball_1 Black 10
Ball_2 Red 20
Ball_3 Green 15
Ball_4 Blue 25
Ball_5 Yellow 10
NumSteps: 5
Step 0 0.0
0 100.45 50.298 10
1 23 500 20
2 89 350 25
3 10 267 35
4 592 164 -10
Step 1 0.1
0 110 55 20
1 50 480 20
2 95 360 25
3 20 280 -10
4 600 170 -10
Step 2 0.2
0 120 60 15
1 60 460 28
2 100 370 30
3 30 290 -5
4 610 175 -5
Step 3 0.3
0 130 65 18
1 70 440 15
2 105 380 20
3 40 300 -5
4 620 180 -8
Step 4 0.4
0 140 70 15
1 80 420 28
2 110 390 30
3 50 310 -10
4 630 185 -10