PARTICLE_SIMULATION_DATA_3D
NumBalls: 11
Ball_1 Black 10
Ball_2 Red 3
Ball_3 Red 3
Ball_4 Red 3
Ball_5 Red 3
Ball_6 Red 3
Ball_7 Red 3
Ball_8 Red 3
Ball_9 Red 3
Ball_10 Red 3
Ball_11 Red 3
NumSteps: 201
Step 0 0.1
0 0 0 0
1 3.99501 -33.0681 7.1278
2 94.7903 124.3 -142.509
3 62.2437 142.344 -82.9254
4 62.6887 133.498 82.037
5 68.5968 -102.011 -80.702
6 96.7579 93.7505 -41.336
7 -52.5357 76.3446 122.497
8 144.924 116.133 22.3203
9 -72.1991 35.2397 65.0412
10 -146.255 51.9858 107.604
Step 1 0.1
0 -0.000346779 -0.00200656 0.00196597
1 5.0719 -30.4248 7.85436
2 94.2558 123.779 -142.668
3 60.8035 142.126 -82.7501
4 62.9515 132.193 82.1962
5 68.9272 -102.554 -79.4383
6 95.3595 92.6201 -41.1419
7 -52.2227 76.1296 123.565
8 143.846 117.336 22.2227
9 -71.3017 34.0756 64.7419
10 -146.63 51.1324 106.641
Step 2 0.1
0 -0.000829735 -0.00644675 0.00617377
1 5.6762 -24.9491 7.8509
2 93.6905 123.217 -142.78
3 59.3306 141.827 -82.5291
4 63.1735 130.803 82.3026
5 69.192 -102.999 -78.099
6 93.8542 91.3873 -40.9019
7 -51.8677 75.8508 124.53
8 142.699 118.485 22.1144
9 -70.2028 32.8177 64.263
10 -146.935 50.2563 105.63
Step 3 0.1
0 -0.000913447 -0.0147486 0.0133163
1 5.39069 -15.5653 6.61961
2 93.0945 122.617 -142.845
3 57.8253 141.447 -82.2618
4 63.3539 129.327 82.3552
5 69.3905 -103.345 -76.6848
6 92.2393 90.0492 -40.6144
7 -51.4714 75.5091 125.392
8 141.485 119.579 21.9956
9 -68.8967 31.4651 63.5976
10 -147.17 49.3575 104.571
Step 4 0.1
0 0.00205222 -0.0328381 0.0265257
1 2.20478 2.18301 1.83641
2 92.4678 121.976 -142.861
3 56.2878 140.984 -81.9475
4 63.4917 127.766 82.353
5 69.5222 -103.591 -75.1965
6 90.5115 88.6024 -40.2774
7 -51.0344 75.1053 126.151
8 140.204 120.618 21.8661
9 -67.3762 30.0168 62.7372
10 -147.334 48.4362 103.463
Step 5 0.1
0 0.191063 0.138435 0.194678
1 -141.355 -121.276 -118.283
2 91.8101 121.295 -142.829
3 54.7186 140.438 -81.5856
4 63.5859 126.118 82.2948
5 69.586 -103.735 -73.6347
6 88.6675 87.0432 -39.889
7 -50.557 74.64 126.806
8 138.856 121.6 21.7261
9 -65.6323 28.471 61.6716
10 -147.426 47.4926 102.306
Step 6 0.1
0 0.379127 0.311036 0.364225
1 -284.875 -244.701 -238.369
2 91.1216 120.574 -142.748
3 53.1179 139.806 -81.1751
4 63.6355 124.382 82.1792
5 69.5814 -103.777 -72
6 86.7029 85.367 -39.4461
7 -50.0396 74.114 127.358
8 137.441 122.524 21.5756
9 -63.6535 26.8261 60.389
10 -147.446 46.527 101.101
Step 7 0.1
0 0.56622 0.485018 0.535269
1 -428.385 -368.117 -358.447
2 90.4021 119.813 -142.618
3 51.4861 139.087 -80.715
4 63.6391 122.557 82.0047
5 69.5076 -103.714 -70.293
6 84.613 83.5689 -38.9457
7 -49.4822 73.5276 127.805
8 135.96 123.39 21.4147
9 -61.4251 25.0798 58.875
10 -147.392 45.5395 99.848
Step 8 0.1
0 0.752274 0.66041 0.707901
1 -571.89 -491.53 -478.522
2 89.6516 119.011 -142.438
3 49.8235 138.28 -80.2041
4 63.5953 120.641 81.7694
5 69.3637 -103.545 -68.5138
6 82.3921 81.6427 -38.3839
7 -48.8848 72.8812 128.148
8 134.412 124.196 21.2435
9 -58.9291 23.2293 57.1113
10 -147.264 44.5304 98.5463
Step 9 0.1
0 0.937191 0.837245 0.882231
1 -715.394 -614.94 -598.594
2 88.8698 118.169 -142.207
3 48.1303 137.384 -79.6413
4 63.5026 118.633 81.4716
5 69.1487 -103.267 -66.6628
6 80.0339 79.5818 -37.7566
7 -48.2474 72.1752 128.386
8 132.796 124.942 21.0619
9 -56.143 21.2709 55.0756
10 -147.059 43.5 97.1962
Step 10 0.1
0 1.12085 1.01556 1.0584
1 -858.895 -738.349 -718.665
2 88.0568 117.285 -141.924
3 46.4068 136.395 -79.0251
4 63.3594 116.53 81.1092
5 68.8613 -102.879 -64.7401
6 77.5311 77.3785 -37.0588
7 -47.5699 71.4097 128.517
8 131.114 125.625 20.8702
9 -53.0383 19.2001 52.7393
10 -146.778 42.4483 95.7976
Step 11 0.1
0 1.30308 1.19539 1.23657
1 -1002.4 -861.757 -838.735
2 87.2124 116.36 -141.589
3 44.6534 135.312 -78.3542
4 63.1637 114.332 80.6798
5 68.5002 -102.377 -62.7456
6 74.8752 75.0236 -36.2847
7 -46.8521 70.5849 128.54
8 129.365 126.245 20.6682
9 -49.5779 17.0117 50.0655
10 -146.418 41.3757 94.3503
Step 12 0.1
0 1.48367 1.37679 1.41699
1 -1145.9 -985.165 -958.804
2 86.3363 115.394 -141.201
3 42.8704 134.134 -77.6269
4 62.9136 112.034 80.1811
5 68.0638 -101.758 -60.6793
6 72.0563 72.5067 -35.4276
7 -46.0938 69.7008 128.455
8 127.548 126.799 20.456
9 -45.7131 14.6991 47.0053
10 -145.979 40.2824 92.8544
Step 13 0.1
0 1.66232 1.55983 1.59999
1 -1289.39 -1108.57 -1078.87
2 85.4283 114.385 -140.76
3 41.0581 132.856 -76.8417
4 62.6068 109.636 79.6102
5 67.5504 -101.02 -58.5411
6 69.0628 69.8152 -34.4793
7 -45.2947 68.7574 128.258
8 125.663 127.288 20.2338
9 -41.3764 12.2548 43.4908
10 -145.458 39.1685 91.3094
Step 14 0.1
0 1.83857 1.74456 1.78602
1 -1432.89 -1231.98 -1198.94
2 84.4884 113.334 -140.263
3 39.2167 131.477 -75.9967
4 62.2408 107.134 78.964
5 66.9579 -100.159 -56.3306
6 65.8808 66.9343 -33.4301
7 -44.4545 67.7545 127.95
8 123.71 127.708 20.0014
9 -36.4708 9.6706 39.4241
10 -144.854 38.0342 89.7153
Step 15 0.1
0 2.01173 1.93106 1.97582
1 -1576.39 -1355.38 -1319.01
2 83.5162 112.24 -139.71
3 37.3467 129.994 -75.0898
4 61.813 104.524 78.2394
5 66.2841 -99.1695 -54.0475
6 62.4935 63.8459 -32.2681
7 -43.5727 66.6919 127.526
8 121.689 128.058 19.7589
9 -30.8467 6.93915 34.6528
10 -144.165 36.8799 88.0717
Step 16 0.1
0 2.1806 2.11936 2.17065
1 -1719.89 -1478.79 -1439.08
2 82.5114 111.102 -139.1
3 35.4483 128.403 -74.1189
4 61.3201 101.805 77.4324
5 65.5266 -98.0481 -51.6913
6 58.8804 60.5278 -30.9781
7 -42.6489 65.5693 126.986
8 119.599 128.336 19.5064
9 -24.2489 4.06063 28.9143
10 -143.389 35.7056 86.3784
Step 17 0.1
0 2.34276 2.30932 2.37307
1 -1863.39 -1602.2 -1559.14
2 81.4738 109.921 -138.433
3 33.5221 126.702 -73.0817
4 60.7588 98.9709 76.5389
5 64.6825 -96.7894 -49.2612
6 55.016 56.9522 -29.541
7 -41.6824 64.3862 126.327
8 117.439 128.54 19.2437
9 -16.1653 1.07424 21.6734
10 -142.525 34.5116 84.635
Step 18 0.1
0 2.49146 2.49954 2.59037
1 -2006.88 -1725.6 -1679.21
2 80.4031 108.695 -137.706
3 31.5684 124.885 -71.9755
4 60.1253 96.0187 75.5542
5 63.7485 -95.3876 -46.7567
6 50.8674 53.0832 -27.9316
7 -40.6727 63.1421 125.545
8 115.209 128.669 18.9711
9 -5.18669 -1.71777 11.4145
10 -141.569 33.2981 82.8411
Step 19 0.1
0 2.583 2.65933 2.87433
1 -2150.38 -1849.01 -1799.28
2 79.2989 107.424 -136.918
3 29.5878 122.95 -70.7974
4 59.4152 92.9433 74.473
5 62.7211 -93.836 -44.1769
6 46.3916 48.8732 -26.1154
7 -39.6191 61.8364 124.637
8 112.909 128.719 18.6883
9 17.7746 2.07285 -12.6146
10 -140.52 32.0653 80.9962
Step 20 0.1
0 2.69665 2.81967 3.13665
1 -2293.88 -1972.41 -1919.35
2 78.1609 106.108 -136.068
3 27.5808 120.891 -69.5444
4 58.6235 89.7394 73.2894
5 61.5962 -92.1271 -41.5206
6 41.5298 44.2557 -24.0439
7 -38.5206 60.4682 123.6
8 110.538 128.689 18.3955
9 36.2786 6.03733 -32.0983
10 -139.374 30.8135 79.0999
Step 21 0.1
0 2.81525 2.98192 3.39478
1 -2437.38 -2095.82 -2039.41
2 76.9886 104.745 -135.155
3 25.5482 118.704 -68.2129
4 57.7447 86.4009 71.9965
5 60.3694 -90.2525 -38.7872
6 36.1998 39.1319 -21.6473
7 -37.3765 59.0365 122.43
8 108.095 128.575 18.0925
9 53.9152 9.92181 -50.6705
10 -138.129 29.5429 77.1516
Step 22 0.1
0 2.93656 3.14614 3.65109
1 -2580.87 -2219.22 -2159.48
2 75.7818 103.335 -134.177
3 23.4909 116.382 -66.7995
4 56.7722 82.9212 70.5868
5 59.0355 -88.2027 -35.9754
6 30.2777 33.36 -18.8085
7 -36.1858 57.5402 121.121
8 105.579 128.375 17.7794
9 71.1832 13.7584 -68.8521
10 -136.781 28.2538 75.1508
Step 23 0.1
0 3.06011 3.31261 3.90616
1 -2724.37 -2342.63 -2279.55
2 74.54 101.876 -133.132
3 21.41 113.921 -65.2999
4 55.6983 79.2924 69.0513
5 57.5888 -85.9672 -33.0841
6 23.5432 26.6883 -15.3026
7 -34.9471 55.9778 119.668
8 102.99 128.087 17.4559
9 88.2464 17.5644 -86.8161
10 -135.327 26.9463 73.0967
Step 24 0.1
0 3.18616 3.48204 4.15969
1 -2867.87 -2466.03 -2399.61
2 73.2631 100.368 -132.018
3 19.3066 111.312 -63.7096
4 54.5141 75.5056 67.3798
5 56.0224 -83.5337 -30.1117
6 15.55 18.5794 -10.6157
7 -33.6594 54.3478 118.066
8 100.328 127.706 17.1222
9 105.179 21.3499 -104.641
10 -133.762 25.6207 70.9886
Step 25 0.1
0 3.31627 3.65667 4.40942
1 -3011.36 -2589.44 -2519.68
2 71.951 98.8097 -130.833
3 17.1819 108.549 -62.0233
4 53.2088 71.5504 65.5598
5 54.328 -80.8879 -27.0565
6 5.02814 7.38288 -2.90599
7 -32.321 52.6485 116.308
8 97.5899 127.229 16.7783
9 122.019 25.1209 -122.369
10 -132.084 24.2773 68.8259
Step 26 0.1
0 3.45876 3.85812 4.60896
1 -3154.86 -2712.84 -2639.75
2 70.6035 97.1997 -129.577
3 15.0373 105.624 -60.2348
4 51.7695 67.4144 63.5766
5 52.4959 -78.0127 -23.9164
6 -14.2003 -22.7656 42.013
7 -30.9304 50.8777 114.385
8 94.7764 126.654 16.4242
9 138.792 28.8809 -140.025
10 -130.286 22.9165 66.6077
Step 27 0.1
0 3.60111 4.05967 4.81042
1 -3298.35 -2836.24 -2759.81
2 69.2201 95.5378 -128.247
3 12.8745 102.527 -58.3371
4 50.1804 63.0831 61.4121
5 50.5147 -74.8875 -20.6895
6 -32.9835 -52.2412 85.9898
7 -29.4856 49.0331 112.289
8 91.886 125.975 16.0601
9 155.513 32.6324 -157.626
10 -128.364 21.5387 64.333
Step 28 0.1
0 3.74379 4.26204 5.01294
1 -3441.85 -2959.65 -2879.88
2 67.7999 93.8233 -126.84
3 10.6958 99.2463 -56.3222
4 48.4221 58.5393 59.0438
5 48.3707 -71.4877 -17.374
6 -51.6725 -81.5702 129.758
7 -27.9845 47.1123 110.011
8 88.9175 125.189 15.6858
9 172.193 36.3769 -175.183
10 -126.312 20.1442 62.0012
Step 29 0.1
0 3.88687 4.46537 5.21649
1 -3585.35 -3083.05 -2999.95
2 66.342 92.0552 -125.354
3 8.50396 95.7689 -54.1806
4 46.47 53.7619 56.4431
5 46.0472 -67.7823 -13.9683
6 -70.3216 -110.836 173.436
7 -26.4249 45.1125 107.539
8 85.8696 124.29 15.3014
9 188.838 40.1153 -192.705
10 -124.125 18.7337 59.6111
Step 30 0.1
0 4.03042 4.66973 5.42116
1 -3728.84 -3206.46 -3120.01
2 64.8455 90.2325 -123.787
3 6.30262 92.0795 -51.9012
4 44.2915 48.7247 53.5725
5 43.5234 -63.7329 -10.4713
6 -88.9485 -140.068 217.065
7 -24.8038 43.0308 104.859
8 82.7408 123.273 14.907
9 205.456 43.8487 -210.196
10 -121.795 17.3079 57.1617
Step 31 0.1
0 4.17451 4.87515 5.6271
1 -3872.34 -3329.86 -3240.08
2 63.3093 88.3538 -122.135
3 4.09647 88.1602 -49.4711
4 41.8434 43.3946 50.3819
5 40.7728 -59.2898 -6.88277
6 -107.562 -169.277 260.661
7 -23.118 40.8634 101.957
8 79.5295 122.132 14.5026
9 222.05 47.5777 -227.663
10 -119.316 15.8676 54.6519
Step 32 0.1
0 4.31926 5.08167 5.83451
1 -4015.84 -3453.27 -3360.14
2 61.7325 86.4178 -120.394
3 1.89169 83.9895 -46.8745
4 39.0643 37.7285 46.8011
5 37.7607 -54.3875 -3.20456
6 -126.165 -198.471 304.236
7 -21.3637 38.6064 98.8135
8 76.2342 120.861 14.0881
9 238.625 51.3029 -245.108
10 -116.678 14.4138 52.0804
Step 33 0.1
0 4.46483 5.28932 6.04369
1 -4159.33 -3576.67 -3480.21
2 60.114 84.4227 -118.561
3 -0.303459 79.5415 -44.0925
4 35.8633 31.6682 42.7262
5 34.4405 -48.9364 0.557348
6 -144.761 -227.654 347.794
7 -19.5366 36.2548 95.4066
8 72.853 119.452 13.6637
9 255.182 55.0248 -262.534
10 -113.872 12.9477 49.4459
Step 34 0.1
0 4.61153 5.49809 6.25505
1 -4302.83 -3700.07 -3600.28
2 58.4527 82.367 -116.632
3 -2.47769 74.7845 -41.1014
4 32.0945 25.1332 37.9916
5 30.7462 -42.8075 4.38831
6 -163.352 -256.829 391.34
7 -17.6315 33.803 91.7096
8 69.384 117.897 13.2294
9 271.724 58.7438 -279.945
10 -110.888 11.4706 46.7471
Step 35 0.1
0 4.75989 5.70794 6.46931
1 -4446.32 -3823.48 -3720.34
2 56.7473 80.2485 -114.601
3 -4.61523 69.6789 -37.8717
4 27.4951 18.0068 32.3017
5 26.5789 -35.8032 8.2539
6 -181.939 -285.998 434.877
7 -15.6421 31.2446 87.6893
8 65.8252 116.187 12.7852
9 288.252 62.4603 -297.341
10 -107.714 9.98418 43.9826
Step 36 0.1
0 4.91107 5.9187 6.68789
1 -4589.82 -3946.88 -3840.41
2 54.9965 78.0654 -112.465
3 -6.69328 64.1744 -34.3647
4 21.4958 10.1245 25.0251
5 21.7776 -27.591 12.069
6 -200.522 -315.16 478.406
7 -13.5611 28.5717 83.3039
8 62.1745 114.31 12.3314
9 304.769 66.1744 -314.725
10 -104.335 8.4906 41.1511
Step 37 0.1
0 5.06846 6.12947 6.91469
1 -4733.31 -4070.29 -3960.47
2 53.199 75.8151 -110.217
3 -8.67774 58.2047 -30.5291
4 12.3404 1.44096 14.2624
5 16.0458 -17.527 15.5895
6 -219.103 -344.319 521.928
7 -11.3791 25.7752 78.4996
8 58.4297 112.256 11.8681
9 321.276 69.8864 -332.098
10 -100.735 6.99237 38.2511
Step 38 0.1
0 5.25306 6.31991 7.17144
1 -4876.81 -4193.69 -4080.54
2 51.3532 73.4953 -107.852
3 -10.515 51.6802 -26.2937
4 -11.7292 2.36235 -11.5681
5 8.72385 -4.02879 17.8571
6 -237.681 -373.474 565.445
7 -9.08448 22.8441 73.2041
8 54.5883 110.011 11.3958
9 337.773 73.5965 -349.46
10 -96.8969 5.49271 35.2814
Step 39 0.1
0 5.43646 6.49596 7.44114
1 -5020.31 -4317.09 -4200.61
2 49.4575 71.1032 -105.362
3 -12.1154 44.4744 -21.5552
4 -32.759 3.9936 -34.0417
5 -1.52342 18.184 11.13
6 -256.257 -402.625 608.957
7 -6.66212 19.7653 67.3173
8 50.6481 107.559 10.9147
9 354.261 77.3049 -366.813
10 -92.7976 3.9957 32.2409
Step 40 0.1
0 5.60369 6.6973 7.71988
1 -5163.8 -4440.5 -4320.67
2 47.5099 68.6356 -102.739
3 -13.3164 36.401 -16.1539
4 -53.1494 5.66947 -55.8195
5 -4.31586 27.8756 0.452835
6 -274.832 -431.774 652.465
7 -4.09153 16.5238 60.6917
8 46.6065 104.881 10.4257
9 370.742 81.0118 -384.158
10 -88.4117 2.50665 29.1286
Step 41 0.1
0 5.76441 6.90982 7.99954
1 -5307.3 -4563.9 -4440.74
2 45.5086 66.0892 -99.9753
3 -13.7751 27.1645 -9.81079
4 -73.2658 7.35138 -77.3004
5 -5.08705 33.2449 -8.74434
6 -293.405 -460.921 695.97
7 -1.34425 13.1032 53.0942
8 42.4615 101.957 9.92954
9 387.215 84.7173 -401.496
10 -83.7085 1.03248 25.9445
Step 42 0.1
0 5.91931 7.1305 8.28218
1 -5450.79 -4687.31 -4560.8
2 43.4514 63.4604 -97.0602
3 -12.608 16.3097 -2.01329
4 -93.2298 9.03305 -98.6166
5 -4.98675 36.401 -16.5493
6 -311.976 -490.065 739.471
7 1.62028 9.49362 44.11
8 38.2108 98.7605 9.42744
9 403.683 88.4214 -418.826
10 -78.6507 -0.417638 22.6895
Step 43 0.1
0 6.06451 7.35855 8.57204
1 -5594.29 -4810.71 -4680.87
2 41.3358 60.7449 -93.9823
3 -6.92675 3.22594 8.29285
4 -113.096 10.7132 -119.828
5 -4.37288 38.1691 -23.1751
6 -330.547 -519.208 782.97
7 4.85621 5.73533 32.849
8 33.8529 95.2613 8.92098
9 420.144 92.1243 -436.15
10 -73.1915 -1.83127 19.3663
Step 44 0.1
0 6.18469 7.58007 8.889
1 -5737.78 -4934.11 -4800.94
2 39.1594 57.9381 -90.7281
3 14.1366 -4.96302 18.9487
4 -132.895 12.3916 -140.966
5 -3.42469 38.9501 -28.7824
6 -349.116 -548.349 826.467
7 8.33943 2.31457 16.5434
8 29.3873 91.4221 8.41235
9 436.599 95.8262 -453.468
10 -67.2722 -3.19113 15.9805
Step 45 0.1
0 6.35405 7.68583 9.36901
1 -5881.28 -5057.52 -4921
2 36.919 55.0347 -87.282
3 30.9488 -6.48405 24.3257
4 -152.645 14.0684 -162.052
5 -2.2433 38.9731 -33.4792
6 -367.684 -577.489 869.961
7 4.39816 17.0696 -26.2234
8 24.8147 87.1971 7.90466
9 453.05 99.5269 -470.781
10 -60.817 -4.47218 12.5428
Step 46 0.1
0 6.52464 7.79504 9.83604
1 -6024.77 -5180.92 -5041.07
2 34.6111 52.0281 -83.6248
3 45.5239 -6.71481 28.3389
4 -172.356 15.7438 -183.096
5 -0.885911 38.3639 -37.3389
6 -386.252 -606.627 913.454
7 0.57191 31.2718 -66.8606
8 20.139 82.5294 7.40228
9 469.496 103.227 -488.089
10 -53.7265 -5.63737 9.07303
Step 47 0.1
0 6.69532 7.9062 10.299
1 -6168.27 -5304.32 -5161.13
2 32.2259 48.9086 -79.7339
3 58.8583 -6.48301 31.7618
4 -192.037 17.418 -204.108
5 0.596058 37.2476 -40.4416
6 -404.819 -635.764 956.945
7 -3.21611 45.3426 -107.051
8 15.3694 77.3479 6.91303
9 485.938 106.926 -505.392
10 -45.8653 -6.6297 5.61085
Step 48 0.1
0 6.86519 8.01906 10.7588
1 -6311.77 -5427.73 -5281.2
2 29.7603 45.6725 -75.5926
3 71.3979 -6.03117 34.8564
4 -211.694 19.0911 -225.094
5 2.16944 35.7027 -42.8056
6 -423.385 -664.9 1000.43
7 -6.98434 59.354 -147.05
8 10.5237 71.5583 6.45008
9 502.375 110.624 -522.69
10 -37.0407 -7.35452 2.23264
Step 49 0.1
0 7.03332 8.13341 11.2153
1 -6455.26 -5551.13 -5401.26
2 27.216 42.3121 -71.1662
3 83.379 -5.45711 37.7414
4 -231.33 20.7633 -246.058
5 3.80945 33.7838 -44.4465
6 -441.951 -694.035 1043.92
7 -10.7429 73.3316 -186.943
8 5.63553 65.032 6.03385
9 518.809 114.321 -539.985
10 -26.9692 -7.64162 -0.905426
Step 50 0.1
0 7.19858 8.24878 11.6678
1 -6598.76 -5674.54 -5521.33
2 24.5891 38.8168 -66.4134
3 94.9426 -4.8083 40.4806
4 -250.949 22.4347 -267.005
5 5.49574 31.5339 -45.3691
6 -460.515 -723.169 1087.41
7 -14.4954 87.2876 -226.771
8 0.769979 57.589 5.69771
9 535.239 118.018 -557.275
10 -15.2275 -7.15251 -3.45045
Step 51 0.1
0 7.35945 8.36398 12.1141
1 -6742.25 -5797.94 -5641.4
2 21.8744 35.1738 -61.2821
3 106.181 -4.11068 43.1121
4 -270.553 24.1054 -287.935
5 7.21102 28.9883 -45.5671
6 -479.08 -752.302 1130.89
7 -18.2439 101.229 -266.554
8 -3.94182 48.9673 5.50041
9 551.665 121.713 -574.562
10 -1.25272 -5.12801 -4.49317
Step 52 0.1
0 7.51567 8.47589 12.5482
1 -6885.75 -5921.34 -5761.46
2 19.0653 31.3671 -55.703
3 117.156 -3.3797 45.6607
4 -290.145 25.7755 -308.853
5 8.94116 26.1784 -45.0238
6 -497.644 -781.435 1174.38
7 -21.9892 115.158 -306.304
8 -8.21564 38.7737 5.55472
9 568.089 125.409 -591.846
10 14.8287 0.199062 -1.47838
Step 53 0.1
0 7.67886 8.58325 12.9622
1 -7029.24 -6044.75 -5881.53
2 16.1518 27.3752 -49.578
3 127.915 -2.62511 48.1433
4 -309.726 27.445 -329.759
5 10.679 23.1389 -43.716
6 -516.207 -810.566 1217.86
7 -25.7323 129.08 -346.028
8 -11.371 26.4288 6.1005
9 584.509 129.103 -609.126
10 27.0536 9.89434 8.92769
Step 54 0.1
0 7.8536 8.69758 13.3672
1 -7172.74 -6168.15 -6001.59
2 13.1097 23.1548 -42.7509
3 138.491 -1.85336 50.572
4 -329.298 29.1141 -350.655
5 12.4477 19.9404 -41.6404
6 -534.77 -839.697 1261.34
7 -29.4735 142.995 -385.733
8 -11.614 11.3594 7.68941
9 600.927 132.797 -626.404
10 31.8252 19.0878 20.8808
Step 55 0.1
0 8.02466 8.818 13.7664
1 -7316.23 -6291.55 -6121.66
2 9.90148 18.2973 -34.9227
3 148.911 -1.06886 52.9559
4 -348.861 30.7827 -371.541
5 14.3028 17.3485 -38.9137
6 -553.333 -868.828 1304.82
7 -33.2133 156.904 -425.421
8 -5.02556 -4.642 11.2657
9 617.342 136.491 -643.678
10 33.0144 26.7296 31.7078
Step 56 0.1
0 8.18968 8.93158 14.1603
1 -7459.73 -6414.96 -6241.72
2 6.75622 13.1831 -25.9962
3 159.196 -0.274749 55.302
4 -368.416 32.4509 -392.42
5 15.8285 14.636 -34.9772
6 -571.895 -897.957 1348.3
7 -36.9518 170.809 -465.096
8 7.35246 -14.6719 15.9472
9 633.754 140.184 -660.95
10 32.5396 33.1786 41.338
Step 57 0.1
0 8.35651 9.03858 14.5485
1 -7603.22 -6538.36 -6361.79
2 3.69974 7.87853 -15.2637
3 169.362 0.526661 57.6156
4 -387.964 34.1188 -413.292
5 17.1276 11.7795 -29.8195
6 -590.457 -927.087 1391.78
7 -40.6893 184.71 -504.761
8 19.9206 -19.3685 20.2212
9 650.164 143.876 -678.22
10 31.1951 38.7607 49.9955
Step 58 0.1
0 8.52533 9.14178 14.9257
1 -7746.72 -6661.76 -6481.86
2 1.16077 2.70199 -1.28967
3 179.423 1.33366 59.9011
4 -407.507 35.7863 -434.157
5 18.1272 8.82927 -23.2105
6 -609.018 -956.215 1435.26
7 -44.4258 198.608 -544.415
8 31.3442 -21.2518 23.9304
9 666.572 147.568 -695.486
10 29.3507 43.6914 57.8758
Step 59 0.1
0 8.68666 9.2336 15.277
1 -7890.21 -6785.17 -6601.92
2 1.88084 0.370626 19.8436
3 189.391 2.14496 62.1619
4 -427.043 37.4535 -455.016
5 18.6463 5.89116 -14.7087
6 -627.579 -985.344 1478.74
7 -48.1616 212.503 -584.062
8 41.6156 -21.6005 27.1827
9 682.978 151.26 -712.751
10 27.2005 48.1135 65.1238
Step 60 0.1
0 8.81208 9.27229 15.6517
1 -8033.71 -6908.57 -6721.99
2 14.2117 13.1542 33.1871
3 199.274 2.95955 64.401
4 -446.575 39.1204 -475.87
5 18.2318 3.26421 -3.3942
6 -646.14 -1014.47 1522.21
7 -51.8967 226.396 -623.702
8 50.9093 -21.0342 30.0817
9 699.381 154.951 -730.013
10 24.8555 52.1249 71.8463
Step 61 0.1
0 8.95245 9.31374 16.0457
1 -8177.2 -7031.98 -6842.05
2 24.0891 24.1713 38.553
3 209.082 3.77668 66.6206
4 -466.102 40.7871 -496.719
5 15.1931 2.31283 13.2361
6 -664.701 -1043.6 1565.69
7 -55.6312 240.286 -663.335
8 59.3897 -19.881 32.7027
9 715.783 158.641 -747.274
10 22.3836 55.7954 78.1226
Step 62 0.1
0 9.1354 9.32009 16.4325
1 -8320.7 -7155.38 -6962.12
2 32.4312 33.6789 41.6345
3 218.821 4.59575 68.8229
4 -485.625 42.4535 -517.563
5 -7.79198 23.7475 38.8559
6 -683.261 -1072.73 1609.17
7 -59.3652 254.175 -702.963
8 67.1868 -18.3306 35.0993
9 732.183 162.332 -764.532
10 19.8295 59.1763 84.013
Step 63 0.1
0 9.3199 9.33232 16.8277
1 -8464.2 -7278.78 -7082.18
2 39.833 42.2056 43.7035
3 228.497 5.4163 71.0094
4 -505.143 44.1197 -538.404
5 -29.1579 43.8103 62.3418
6 -701.821 -1101.85 1652.64
7 -63.0988 268.062 -742.586
8 74.4015 -16.5008 37.3098
9 748.581 166.022 -781.788
10 17.2233 62.3077 89.5646
Step 64 0.1
0 9.50699 9.34761 17.2265
1 -8607.69 -7402.19 -7202.25
2 46.5933 50.0422 45.2105
3 238.115 6.23794 73.1818
4 -524.659 45.7856 -559.24
5 -50.1663 63.5566 85.4097
6 -720.381 -1130.98 1696.12
7 -66.8318 281.948 -782.204
8 81.1119 -14.469 39.3627
9 764.977 169.711 -799.043
10 14.5852 65.2213 94.8163
Step 65 0.1
0 9.69632 9.36508 17.6276
1 -8751.19 -7525.59 -7322.31
2 52.8805 57.3602 46.3625
3 247.679 7.06038 75.3412
4 -544.17 47.4514 -580.073
5 -71.02 83.1646 108.304
6 -738.941 -1160.1 1739.59
7 -70.5645 295.832 -821.819
8 87.3794 -12.2881 41.2795
9 781.371 173.4 -816.296
10 11.9302 67.943 99.8002
Step 66 0.1
0 9.88753 9.38428 18.0304
1 -8894.68 -7648.99 -7442.38
2 58.8 64.2698 47.2715
3 257.195 7.88337 77.4887
4 -563.679 49.117 -600.903
5 -91.7878 102.695 131.102
6 -757.5 -1189.23 1783.07
7 -74.2969 309.715 -861.43
8 93.2533 -9.9959 43.077
9 797.764 177.089 -833.547
10 9.26967 70.4933 104.543
Step 67 0.1
0 10.0803 9.4049 18.4346
1 -9038.18 -7772.4 -7562.45
2 64.4228 70.8463 48.0042
3 266.665 8.70672 79.6252
4 -583.185 50.7824 -621.729
5 -112.501 122.176 153.841
6 -776.06 -1218.36 1826.54
7 -78.0289 323.597 -901.037
8 98.7738 -7.62004 44.7689
9 814.156 180.778 -850.796
10 6.61166 72.8892 109.065
Step 68 0.1
0 10.2745 9.42674 18.8398
1 -9181.67 -7895.8 -7682.51
2 69.7993 77.1441 48.6037
3 276.093 9.53027 81.7517
4 -602.688 52.4476 -642.553
5 -133.176 141.622 176.538
6 -794.619 -1247.48 1870.01
7 -81.7606 337.477 -940.642
8 103.974 -5.1813 46.3662
9 830.546 184.466 -868.044
10 3.96231 75.1446 113.386
Step 69 0.1
0 10.4699 9.44964 19.2461
1 -9325.17 -8019.2 -7802.58
2 74.9669 83.2039 49.0995
3 285.48 10.3539 83.8689
4 -622.188 54.1127 -663.374
5 -153.824 161.044 199.205
6 -813.178 -1276.6 1913.48
7 -85.4921 351.357 -980.244
8 108.882 -2.69564 47.8779
9 846.934 188.154 -885.291
10 1.32624 77.2714 117.521
Step 70 0.1
0 10.6664 9.47348 19.6531
1 -9468.66 -8142.61 -7922.64
2 79.9542 89.0572 49.5124
3 294.831 11.1775 85.9773
4 -641.686 55.7776 -684.192
5 -174.451 180.445 221.849
6 -831.736 -1305.73 1956.96
7 -89.2233 365.236 -1019.84
8 113.52 -0.17552 49.3116
9 863.322 191.842 -902.536
10 -1.29303 79.2797 121.484
Step 71 0.1
0 10.8639 9.49818 20.0609
1 -9612.16 -8266.01 -8042.71
2 84.7838 94.7288 49.8577
3 304.147 12.0009 88.0778
4 -661.182 57.4424 -705.008
5 -195.061 199.832 244.475
6 -850.295 -1334.85 2000.43
7 -92.9543 379.114 -1059.44
8 117.91 2.36914 50.6738
9 879.708 195.529 -919.779
10 -3.89273 81.1783 125.286
Step 72 0.1
0 11.0622 9.52364 20.4693
1 -9755.65 -8389.41 -8162.77
2 89.4736 100.239 50.1471
3 313.431 12.8242 90.1706
4 -680.675 59.1071 -725.822
5 -215.657 219.206 267.086
6 -868.853 -1363.98 2043.9
7 -96.685 392.992 -1099.03
8 122.067 4.93034 51.97
9 896.093 199.217 -937.022
10 -6.47071 82.9748 128.937
Step 73 0.1
0 11.2613 9.54982 20.8783
1 -9899.15 -8512.82 -8282.84
2 94.0385 105.604 50.3895
3 322.684 13.6472 92.2564
4 -700.167 60.7716 -746.634
5 -236.242 238.57 289.686
6 -887.412 -1393.1 2087.37
7 -100.416 406.868 -1138.63
8 126.009 7.50158 53.205
9 912.476 202.904 -954.263
10 -9.02527 84.6758 132.447
Step 74 0.1
0 11.4611 9.57665 21.2879
1 -10042.6 -8636.22 -8402.9
2 98.4908 110.838 50.5921
3 331.908 14.4699 94.3356
4 -719.656 62.436 -767.443
5 -256.818 257.925 312.274
6 -905.97 -1422.22 2130.84
7 -104.146 420.744 -1178.22
8 129.746 10.0775 54.3828
9 928.859 206.59 -971.503
10 -11.5551 86.2874 135.824
Step 75 0.1
0 11.6615 9.60409 21.6979
1 -10186.1 -8759.62 -8522.97
2 102.841 115.953 50.7604
3 341.104 15.2923 96.4085
4 -739.144 64.1003 -788.251
5 -277.386 277.273 334.855
6 -924.528 -1451.35 2174.31
7 -107.876 434.62 -1217.81
8 133.292 12.6535 55.507
9 945.24 210.277 -988.741
10 -14.059 87.8147 139.074
Step 76 0.1
0 11.8626 9.6321 22.1084
1 -10329.6 -8883.03 -8643.03
2 107.097 120.958 50.8992
3 350.275 16.1143 98.4756
4 -758.631 65.7645 -809.057
5 -297.947 296.614 357.428
6 -943.085 -1480.47 2217.78
7 -111.606 448.495 -1257.4
8 136.656 15.226 56.581
9 961.62 213.963 -1005.98
10 -16.5363 89.2624 142.205
Step 77 0.1
0 12.0642 9.66065 22.5193
1 -10473.1 -9006.43 -8763.1
2 111.268 125.862 51.0122
3 359.42 16.9359 100.537
4 -778.115 67.4286 -829.861
5 -318.502 315.95 379.994
6 -961.643 -1509.59 2261.25
7 -115.336 462.369 -1296.98
8 139.848 17.7917 57.6075
9 977.999 217.649 -1023.22
10 -18.9863 90.6347 145.221
Step 78 0.1
0 12.2664 9.6897 22.9306
1 -10616.6 -9129.83 -8883.17
2 115.359 130.673 51.1026
3 368.543 17.7571 102.593
4 -797.598 69.0926 -850.664
5 -339.052 335.281 402.555
6 -980.201 -1538.72 2304.72
7 -119.066 476.243 -1336.57
8 142.876 20.3477 58.5891
9 994.378 221.335 -1040.45
10 -21.4084 91.9355 148.129
Step 79 0.1
0 12.469 9.71922 23.3422
1 -10760.1 -9253.24 -9003.23
2 119.377 135.397 51.1731
3 377.643 18.5779 104.645
4 -817.08 70.7565 -871.465
5 -359.597 354.608 425.111
6 -998.758 -1567.84 2348.19
7 -122.795 490.116 -1376.15
8 145.748 22.8919 59.5279
9 1010.75 225.021 -1057.69
10 -23.8021 93.1682 150.933
Step 80 0.1
0 12.6722 9.7492 23.7542
1 -10903.6 -9376.64 -9123.3
2 123.327 140.041 51.2259
3 386.722 19.3982 106.691
4 -836.56 72.4202 -892.264
5 -380.138 373.931 447.662
6 -1017.32 -1596.96 2391.66
7 -126.525 503.989 -1415.73
8 148.469 25.4221 60.4262
9 1027.13 228.706 -1074.92
10 -26.1673 94.3358 153.637
Step 81 0.1
0 12.8757 9.77961 24.1666
1 -11047.1 -9500.04 -9243.36
2 127.212 144.608 51.2629
3 395.781 20.2181 108.734
4 -856.039 74.084 -913.063
5 -400.675 393.25 470.209
6 -1035.87 -1626.08 2435.13
7 -130.254 517.862 -1455.31
8 151.046 27.9364 61.2856
9 1043.51 232.391 -1092.15
10 -28.5035 95.4413 156.245
Step 82 0.1
0 13.0797 9.81044 24.5792
1 -11190.6 -9623.45 -9363.43
2 131.037 149.105 51.2858
3 404.821 21.0375 110.772
4 -875.516 75.7476 -933.859
5 -421.209 412.566 492.752
6 -1054.43 -1655.2 2478.59
7 -133.983 531.734 -1494.89
8 153.485 30.4334 62.1079
9 1059.88 236.077 -1109.38
10 -30.8106 96.4872 158.761
Step 83 0.1
0 13.284 9.84165 24.9922
1 -11334.1 -9746.85 -9483.49
2 134.806 153.534 51.2961
3 413.843 21.8564 112.805
4 -894.993 77.4111 -954.655
5 -441.74 431.88 515.293
6 -1072.99 -1684.33 2522.06
7 -137.712 545.605 -1534.47
8 155.791 32.9115 62.8946
9 1076.26 239.761 -1126.61
10 -33.0884 97.476 161.188
Step 84 0.1
0 13.4887 9.87325 25.4054
1 -11477.6 -9870.26 -9603.56
2 138.522 157.901 51.2951
3 422.846 22.6749 114.835
4 -914.468 79.0746 -975.449
5 -462.268 451.191 537.83
6 -1091.54 -1713.45 2565.53
7 -141.441 559.477 -1574.05
8 157.968 35.3695 63.6472
9 1092.63 243.446 -1143.84
10 -35.3368 98.4098 163.53
Step 85 0.1
0 13.6938 9.90521 25.8189
1 -11621.1 -9993.66 -9723.62
2 142.187 162.207 51.2837
3 431.833 23.4929 116.862
4 -933.942 80.738 -996.242
5 -482.793 470.499 560.364
6 -1110.1 -1742.57 2609
7 -145.17 573.348 -1613.62
8 160.02 37.8062 64.3667
9 1109 247.131 -1161.07
10 -37.5558 99.2907 165.789
Step 86 0.1
0 13.8992 9.93752 26.2326
1 -11764.6 -10117.1 -9843.69
2 145.805 166.457 51.263
3 440.804 24.3105 118.885
4 -953.415 82.4013 -1017.03
5 -503.316 489.806 582.896
6 -1128.66 -1771.69 2652.47
7 -148.899 587.218 -1653.2
8 161.951 40.2207 65.0546
9 1125.37 250.815 -1178.3
10 -39.7452 100.121 167.968
Step 87 0.1
0 14.1049 9.97017 26.6466
1 -11908.1 -10240.5 -9963.75
2 149.378 170.652 51.2338
3 449.759 25.1276 120.904
4 -972.887 84.0646 -1037.83
5 -523.837 509.11 605.426
6 -1147.21 -1800.81 2695.93
7 -152.628 601.089 -1692.77
8 163.766 42.6119 65.7118
9 1141.74 254.499 -1195.53
10 -41.905 100.901 170.069
Step 88 0.1
0 14.3109 10.0032 27.0609
1 -12051.6 -10363.9 -10083.8
2 152.908 174.797 51.197
3 458.699 25.9442 122.92
4 -992.358 85.7278 -1058.62
5 -544.356 528.413 627.953
6 -1165.77 -1829.93 2739.4
7 -156.356 614.959 -1732.35
8 165.467 44.9789 66.3392
9 1158.11 258.184 -1212.75
10 -44.0351 101.634 172.095
Step 89 0.1
0 14.5172 10.0364 27.4753
1 -12195.1 -10487.3 -10203.9
2 156.397 178.892 51.1531
3 467.625 26.7604 124.934
4 -1011.83 87.3909 -1079.4
5 -564.873 547.714 650.479
6 -1184.33 -1859.05 2782.87
7 -160.085 628.829 -1771.92
8 167.057 47.3209 66.938
9 1174.48 261.867 -1229.98
10 -46.1357 102.321 174.048
Step 90 0.1
0 14.7238 10.0701 27.89
1 -12338.6 -10610.7 -10324
2 159.847 182.941 51.1028
3 476.538 27.5761 126.944
4 -1031.3 89.054 -1100.19
5 -585.388 567.013 673.003
6 -1202.88 -1888.17 2826.33
7 -163.813 642.698 -1811.49
8 168.539 49.6372 67.5088
9 1190.85 265.551 -1247.2
10 -48.2065 102.963 175.929
Step 91 0.1
0 14.9307 10.104 28.3049
1 -12482.1 -10734.1 -10444
2 163.259 186.945 51.0466
3 485.437 28.3913 128.951
4 -1050.77 90.717 -1120.98
5 -605.902 586.311 695.524
6 -1221.44 -1917.29 2869.8
7 -167.542 656.567 -1851.06
8 169.916 51.927 68.0525
9 1207.22 269.235 -1264.43
10 -50.2477 103.561 177.741
Step 92 0.1
0 15.1378 10.1381 28.72
1 -12625.6 -10857.5 -10564.1
2 166.636 190.906 50.985
3 494.323 29.2061 130.956
4 -1070.23 92.3799 -1141.77
5 -626.414 605.607 718.045
6 -1240 -1946.41 2913.27
7 -171.27 670.436 -1890.63
8 171.19 54.1897 68.5698
9 1223.58 272.918 -1281.65
10 -52.2592 104.118 179.485
Step 93 0.1
0 15.3451 10.1726 29.1354
1 -12769 -10980.9 -10684.1
2 169.979 194.826 50.9185
3 503.197 30.0205 132.958
4 -1089.7 94.0428 -1162.55
5 -646.924 624.902 740.564
6 -1258.55 -1975.53 2956.73
7 -174.998 684.305 -1930.2
8 172.363 56.4245 69.0614
9 1239.95 276.602 -1298.88
10 -54.2411 104.633 181.163
Step 94 0.1
0 15.5527 10.2074 29.5509
1 -12912.5 -11104.3 -10804.2
2 173.289 198.707 50.8474
3 512.059 30.8344 134.957
4 -1109.17 95.7056 -1183.33
5 -667.434 644.196 763.081
6 -1277.11 -2004.66 3000.2
7 -178.726 698.174 -1969.77
8 173.438 58.6309 69.5279
9 1256.32 280.285 -1316.1
10 -56.1932 105.108 182.777
Step 95 0.1
0 15.7605 10.2424 29.9666
1 -13056 -11227.7 -10924.3
2 176.567 202.55 50.7722
3 520.909 31.6479 136.954
4 -1128.63 97.3684 -1204.12
5 -687.942 663.488 785.597
6 -1295.66 -2033.78 3043.66
7 -182.455 712.042 -2009.34
8 174.417 60.8081 69.9699
9 1272.68 283.968 -1333.32
10 -58.1157 105.544 184.327
Step 96 0.1
0 15.9686 10.2777 30.3825
1 -13199.5 -11351.1 -11044.3
2 179.815 206.356 50.6931
3 529.748 32.4609 138.949
4 -1148.09 99.0312 -1224.9
5 -708.449 682.78 808.112
6 -1314.22 -2062.9 3087.13
7 -186.183 725.91 -2048.91
8 175.3 62.9557 70.3881
9 1289.05 287.651 -1350.54
10 -60.0085 105.943 185.816
Step 97 0.1
0 16.1768 10.3132 30.7985
1 -13343 -11474.5 -11164.4
2 183.034 210.127 50.6104
3 538.577 33.2736 140.941
4 -1167.56 100.694 -1245.68
5 -728.955 702.071 830.625
6 -1332.78 -2092.02 3130.59
7 -189.911 739.778 -2088.47
8 176.09 65.073 70.7828
9 1305.41 291.334 -1367.76
10 -61.8717 106.304 187.245
Step 98 0.1
0 16.3853 10.349 31.2148
1 -13486.5 -11597.9 -11284.5
2 186.224 213.864 50.5245
3 547.395 34.0858 142.931
4 -1187.02 102.357 -1266.46
5 -749.46 721.36 853.138
6 -1351.33 -2121.13 3174.06
7 -193.639 753.646 -2128.04
8 176.789 67.1594 71.1546
9 1321.77 295.017 -1384.98
10 -63.7052 106.629 188.614
Step 99 0.1
0 16.594 10.3851 31.6312
1 -13630 -11721.3 -11404.5
2 189.388 217.568 50.4355
3 556.203 34.8976 144.919
4 -1206.48 104.019 -1287.25
5 -769.964 740.649 875.649
6 -1369.89 -2150.25 3217.52
7 -197.366 767.513 -2167.61
8 177.398 69.2144 71.504
9 1338.14 298.7 -1402.2
10 -65.509 106.918 189.925
Step 100 0.1
0 16.8028 10.4214 32.0478
1 -13773.5 -11844.7 -11524.6
2 192.525 221.24 50.3438
3 565.002 35.709 146.905
4 -1225.95 105.682 -1308.03
5 -790.467 759.937 898.159
6 -1388.44 -2179.37 3260.99
7 -201.094 781.381 -2207.17
8 177.917 71.2374 71.8313
9 1354.5 302.382 -1419.42
10 -67.283 107.173 191.179
Step 101 0.1
0 17.0119 10.4579 32.4646
1 -13917 -11968.1 -11644.7
2 195.636 224.882 50.2495
3 573.791 36.52 148.889
4 -1245.41 107.344 -1328.8
5 -810.969 779.224 920.669
6 -1407 -2208.49 3304.45
7 -204.822 795.248 -2246.74
8 178.35 73.2278 72.137
9 1370.86 306.064 -1436.64
10 -69.0274 107.394 192.377
Step 102 0.1
0 17.2211 10.4946 32.8815
1 -14060.5 -12091.5 -11764.7
2 198.724 228.494 50.1528
3 582.571 37.3306 150.871
4 -1264.87 109.007 -1349.58
5 -831.47 798.51 943.177
6 -1425.55 -2237.61 3347.92
7 -208.55 809.115 -2286.3
8 178.696 75.185 72.4214
9 1387.22 309.747 -1453.85
10 -70.742 107.581 193.52
Step 103 0.1
0 17.4306 10.5316 33.2986
1 -14204 -12214.9 -11884.8
2 201.787 232.078 50.0539
3 591.342 38.1408 152.852
4 -1284.33 110.669 -1370.36
5 -851.97 817.795 965.685
6 -1444.11 -2266.73 3391.38
7 -212.277 822.982 -2325.87
8 178.956 77.1084 72.6849
9 1403.58 313.429 -1471.07
10 -72.4269 107.736 194.609
Step 104 0.1
0 17.6402 10.5689 33.7158
1 -14347.5 -12338.3 -12004.9
2 204.827 235.633 49.953
3 600.104 38.9507 154.83
4 -1303.79 112.331 -1391.14
5 -872.47 837.08 988.192
6 -1462.66 -2295.85 3434.85
7 -216.005 836.848 -2365.43
8 179.132 78.9975 72.9277
9 1419.95 317.111 -1488.29
10 -74.0819 107.859 195.644
Step 105 0.1
0 17.8499 10.6063 34.1332
1 -14491 -12461.7 -12124.9
2 207.845 239.162 49.8502
3 608.858 39.7602 156.807
4 -1323.24 113.994 -1411.92
5 -892.969 856.364 1010.7
6 -1481.22 -2324.97 3478.31
7 -219.733 850.715 -2404.99
8 179.225 80.8516 73.1504
9 1436.31 320.793 -1505.5
10 -75.7071 107.95 196.627
Step 106 0.1
0 18.0599 10.644 34.5507
1 -14634.5 -12585.1 -12245
2 210.841 242.664 49.7457
3 617.604 40.5693 158.782
4 -1342.7 115.656 -1432.69
5 -913.467 875.648 1033.2
6 -1499.78 -2354.09 3521.78
7 -223.46 864.581 -2444.56
8 179.235 82.6702 73.353
9 1452.66 324.475 -1522.72
10 -77.3023 108.01 197.558
Step 107 0.1
0 18.2699 10.6819 34.9684
1 -14778 -12708.5 -12365.1
2 213.817 246.141 49.6395
3 626.342 41.378 160.755
4 -1362.16 117.318 -1453.47
5 -933.965 894.93 1055.71
6 -1518.33 -2383.21 3565.24
7 -227.188 878.448 -2484.12
8 179.163 84.4525 73.5358
9 1469.02 328.157 -1539.93
10 -78.8676 108.04 198.438
Step 108 0.1
0 18.4802 10.72 35.3862
1 -14921.5 -12831.9 -12485.1
2 216.771 249.593 49.5319
3 635.073 42.1864 162.727
4 -1381.62 118.981 -1474.24
5 -954.462 914.213 1078.21
6 -1536.89 -2412.33 3608.7
7 -230.915 892.314 -2523.68
8 179.011 86.198 73.6992
9 1485.38 331.839 -1557.15
10 -80.4029 108.04 199.268
Step 109 0.1
0 18.6906 10.7583 35.8042
1 -15065 -12955.3 -12605.2
2 219.706 253.021 49.4229
3 643.795 42.9944 164.697
4 -1401.07 120.643 -1495.02
5 -974.958 933.494 1100.71
6 -1555.44 -2441.45 3652.17
7 -234.642 906.18 -2563.24
8 178.777 87.9059 73.8434
9 1501.74 335.52 -1574.36
10 -81.9081 108.01 200.048
Step 110 0.1
0 18.9012 10.7968 36.2223
1 -15208.5 -13078.7 -12725.3
2 222.622 256.425 49.3126
3 652.511 43.8021 166.666
4 -1420.53 122.305 -1515.79
5 -995.454 952.775 1123.22
6 -1574 -2470.57 3695.63
7 -238.37 920.045 -2602.8
8 178.464 89.5756 73.9685
9 1518.1 339.202 -1591.58
10 -83.3832 107.952 200.779
Step 111 0.1
0 19.1119 10.8356 36.6406
1 -15352 -13202.1 -12845.3
2 225.518 259.807 49.2012
3 661.22 44.6094 168.633
4 -1439.99 123.967 -1536.57
5 -1015.95 972.056 1145.72
6 -1592.55 -2499.68 3739.1
7 -242.097 933.911 -2642.36
8 178.071 91.2064 74.0747
9 1534.46 342.883 -1608.79
10 -84.8279 107.865 201.461
Step 112 0.1
0 19.3227 10.8745 37.059
1 -15495.5 -13325.5 -12965.4
2 228.397 263.167 49.0887
3 669.921 45.4164 170.599
4 -1459.44 125.629 -1557.34
5 -1036.44 991.336 1168.22
6 -1611.11 -2528.8 3782.56
7 -245.824 947.777 -2681.93
8 177.599 92.7975 74.1624
9 1550.81 346.565 -1626
10 -86.2423 107.749 202.095
Step 113 0.1
0 19.5338 10.9137 37.4775
1 -15638.9 -13449 -13085.5
2 231.257 266.504 48.9753
3 678.616 46.2231 172.564
4 -1478.9 127.291 -1578.11
5 -1056.94 1010.62 1190.72
6 -1629.66 -2557.92 3826.02
7 -249.552 961.642 -2721.49
8 177.048 94.3481 74.2316
9 1567.17 350.246 -1643.21
10 -87.6263 107.606 202.682
Step 114 0.1
0 19.7449 10.9531 37.8962
1 -15782.4 -13572.4 -13205.5
2 234.1 269.821 48.8609
3 687.305 47.0294 174.527
4 -1498.35 128.953 -1598.88
5 -1077.43 1029.89 1213.22
6 -1648.22 -2587.04 3869.49
7 -253.279 975.508 -2761.05
8 176.419 95.8576 74.2824
9 1583.53 353.927 -1660.43
10 -88.9797 107.436 203.222
Step 115 0.1
0 19.9562 10.9926 38.315
1 -15925.9 -13695.8 -13325.6
2 236.927 273.117 48.7457
3 695.987 47.8354 176.489
4 -1517.81 130.615 -1619.66
5 -1097.92 1049.17 1235.72
6 -1666.77 -2616.16 3912.95
7 -257.006 989.373 -2800.6
8 175.712 97.325 74.3152
9 1599.88 357.608 -1677.64
10 -90.3024 107.238 203.715
Step 116 0.1
0 20.1676 11.0324 38.7339
1 -16069.4 -13819.2 -13445.6
2 239.736 276.393 48.6297
3 704.663 48.6411 178.45
4 -1537.26 132.277 -1640.43
5 -1118.42 1068.45 1258.22
6 -1685.33 -2645.28 3956.41
7 -260.733 1003.24 -2840.16
8 174.927 98.7494 74.3299
9 1616.24 361.289 -1694.85
10 -91.5942 107.013 204.162
Step 117 0.1
0 20.3792 11.0724 39.153
1 -16212.9 -13942.6 -13565.7
2 242.53 279.65 48.5131
3 713.333 49.4465 180.409
4 -1556.71 133.939 -1661.2
5 -1138.91 1087.73 1280.72
6 -1703.88 -2674.39 3999.88
7 -264.46 1017.1 -2879.72
8 174.064 100.13 74.3267
9 1632.59 364.97 -1712.06
10 -92.8552 106.762 204.564
Step 118 0.1
0 20.5908 11.1126 39.5722
1 -16356.4 -14066 -13685.8
2 245.307 282.887 48.3958
3 721.997 50.2516 182.367
4 -1576.16 135.601 -1681.97
5 -1159.4 1107.01 1303.22
6 -1722.44 -2703.51 4043.34
7 -268.188 1030.97 -2919.28
8 173.124 101.466 74.3057
9 1648.95 368.651 -1729.27
10 -94.085 106.485 204.92
Step 119 0.1
0 20.8027 11.153 39.9915
1 -16499.9 -14189.4 -13805.8
2 248.069 286.106 48.278
3 730.655 51.0564 184.324
4 -1595.62 137.263 -1702.74
5 -1179.89 1126.28 1325.72
6 -1740.99 -2732.63 4086.8
7 -271.915 1044.83 -2958.84
8 172.106 102.756 74.2671
9 1665.3 372.332 -1746.48
10 -95.2835 106.182 205.231
Step 120 0.1
0 21.0146 11.1936 40.4109
1 -16643.4 -14312.8 -13925.9
2 250.816 289.306 48.1596
3 739.307 51.8609 186.28
4 -1615.07 138.925 -1723.51
5 -1200.38 1145.56 1348.21
6 -1759.55 -2761.75 4130.26
7 -275.642 1058.7 -2998.4
8 171.011 104 74.2109
9 1681.66 376.013 -1763.69
10 -96.4506 105.854 205.498
Step 121 0.1
0 21.2267 11.2343 40.8305
1 -16786.9 -14436.2 -14046
2 253.549 292.488 48.0408
3 747.954 52.6651 188.234
4 -1634.52 140.587 -1744.28
5 -1220.87 1164.84 1370.71
6 -1778.1 -2790.87 4173.73
7 -279.369 1072.56 -3037.96
8 169.838 105.195 74.1371
9 1698.01 379.694 -1780.9
10 -97.5861 105.5 205.72
Step 122 0.1
0 21.4389 11.2753 41.2502
1 -16930.4 -14559.6 -14166
2 256.267 295.653 47.9215
3 756.596 53.469 190.188
4 -1653.97 142.249 -1765.05
5 -1241.36 1184.11 1393.21
6 -1796.65 -2819.99 4217.19
7 -283.096 1086.43 -3077.51
8 168.587 106.342 74.046
9 1714.36 383.374 -1798.11
10 -98.6898 105.12 205.898
Step 123 0.1
0 21.6512 11.3165 41.67
1 -17073.9 -14683 -14286.1
2 258.971 298.801 47.8019
3 765.233 54.2727 192.141
4 -1673.42 143.911 -1785.82
5 -1261.85 1203.39 1415.7
6 -1815.21 -2849.1 4260.65
7 -286.823 1100.29 -3117.07
8 167.258 107.438 73.9374
9 1730.72 387.055 -1815.32
10 -99.7615 104.716 206.032
Step 124 0.1
0 21.8636 11.3579 42.09
1 -17217.4 -14806.4 -14406.2
2 261.661 301.932 47.682
3 773.864 55.076 194.092
4 -1692.87 145.572 -1806.58
5 -1282.34 1222.66 1438.2
6 -1833.76 -2878.22 4304.12
7 -290.55 1114.16 -3156.63
8 165.852 108.483 73.8116
9 1747.07 390.735 -1832.52
10 -100.801 104.288 206.123
Step 125 0.1
0 22.0762 11.3995 42.5101
1 -17360.9 -14929.8 -14526.2
2 264.337 305.047 47.5617
3 782.49 55.8791 196.043
4 -1712.32 147.234 -1827.35
5 -1302.83 1241.94 1460.7
6 -1852.32 -2907.34 4347.58
7 -294.277 1128.02 -3196.18
8 164.366 109.476 73.6684
9 1763.42 394.416 -1849.73
10 -101.808 103.835 206.171
Step 126 0.1
0 22.2889 11.4413 42.9302
1 -17504.4 -15053.2 -14646.3
2 267 308.145 47.4412
3 791.111 56.6819 197.992
4 -1731.77 148.896 -1848.12
5 -1323.32 1261.21 1483.19
6 -1870.87 -2936.46 4391.04
7 -298.003 1141.88 -3235.74
8 162.802 110.414 73.508
9 1779.77 398.096 -1866.94
10 -102.782 103.357 206.175
Step 127 0.1
0 22.5017 11.4834 43.3506
1 -17647.9 -15176.6 -14766.4
2 269.651 311.228 47.3205
3 799.728 57.4845 199.94
4 -1751.22 150.558 -1868.89
5 -1343.81 1280.49 1505.69
6 -1889.43 -2965.57 4434.5
7 -301.73 1155.75 -3275.3
8 161.159 111.296 73.3304
9 1796.13 401.776 -1884.15
10 -103.724 102.855 206.137
Step 128 0.1
0 22.7146 11.5256 43.771
1 -17791.4 -15300 -14886.4
2 272.288 314.295 47.1997
3 808.34 58.2867 201.888
4 -1770.67 152.219 -1889.65
5 -1364.3 1299.76 1528.18
6 -1907.98 -2994.69 4477.96
7 -305.457 1169.61 -3314.85
8 159.436 112.122 73.1355
9 1812.48 405.456 -1901.35
10 -104.632 102.33 206.056
Step 129 0.1
0 22.9277 11.568 44.1916
1 -17934.9 -15423.4 -15006.5
2 274.913 317.347 47.0786
3 816.947 59.0888 203.835
4 -1790.12 153.881 -1910.42
5 -1384.78 1319.04 1550.67
6 -1926.54 -3023.81 4521.43
7 -309.184 1183.48 -3354.41
8 157.633 112.888 72.9234
9 1828.83 409.137 -1918.56
10 -105.507 101.781 205.932
Step 130 0.1
0 23.1408 11.6106 44.6122
1 -18078.4 -15546.8 -15126.6
2 277.526 320.385 46.9575
3 825.55 59.8905 205.78
4 -1809.57 155.543 -1931.19
5 -1405.27 1338.31 1573.17
6 -1945.09 -3052.93 4564.89
7 -312.911 1197.34 -3393.96
8 155.749 113.594 72.6941
9 1845.18 412.817 -1935.77
10 -106.348 101.208 205.766
Step 131 0.1
0 23.3541 11.6535 45.033
1 -18221.9 -15670.2 -15246.6
2 280.127 323.408 46.8362
3 834.148 60.6921 207.725
4 -1829.02 157.204 -1951.95
5 -1425.76 1357.58 1595.66
6 -1963.64 -3082.04 4608.35
7 -316.637 1211.2 -3433.52
8 153.783 114.237 72.4475
9 1861.53 416.497 -1952.97
10 -107.155 100.612 205.557
Step 132 0.1
0 23.5675 11.6965 45.454
1 -18365.3 -15793.6 -15366.7
2 282.717 326.416 46.7149
3 842.742 61.4933 209.669
4 -1848.47 158.866 -1972.72
5 -1446.25 1376.86 1618.15
6 -1982.2 -3111.16 4651.81
7 -320.364 1225.07 -3473.07
8 151.736 114.816 72.1837
9 1877.88 420.177 -1970.18
10 -107.927 99.9918 205.306
Step 133 0.1
0 23.781 11.7398 45.875
1 -18508.8 -15917 -15486.8
2 285.294 329.41 46.5936
3 851.332 62.2944 211.612
4 -1867.92 160.528 -1993.49
5 -1466.73 1396.13 1640.65
6 -2000.75 -3140.28 4695.27
7 -324.091 1238.93 -3512.63
8 149.605 115.328 71.9025
9 1894.23 423.857 -1987.38
10 -108.665 99.3489 205.014
Step 134 0.1
0 23.9947 11.7833 46.2961
1 -18652.3 -16040.4 -15606.8
2 287.861 332.391 46.4722
3 859.918 63.0952 213.554
4 -1887.36 162.189 -2014.25
5 -1487.22 1415.4 1663.14
6 -2019.31 -3169.4 4738.74
7 -327.818 1252.79 -3552.18
8 147.39 115.771 71.604
9 1910.58 427.536 -2004.59
10 -109.368 98.6829 204.679
Step 135 0.1
0 24.2084 11.827 46.7174
1 -18795.8 -16163.8 -15726.9
2 290.416 335.358 46.3509
3 868.499 63.8957 215.496
4 -1906.81 163.851 -2035.02
5 -1507.71 1434.67 1685.63
6 -2037.86 -3198.51 4782.2
7 -331.544 1266.66 -3591.74
8 145.091 116.142 71.2882
9 1926.93 431.216 -2021.79
10 -110.035 97.9939 204.302
Step 136 0.1
0 24.4223 11.871 47.1388
1 -18939.3 -16287.2 -15847
2 292.96 338.312 46.2296
3 877.077 64.6961 217.437
4 -1926.26 165.512 -2055.78
5 -1528.19 1453.95 1708.12
6 -2056.42 -3227.63 4825.66
7 -335.271 1280.52 -3631.29
8 142.705 116.44 70.9548
9 1943.28 434.896 -2039
10 -110.667 97.282 203.883
Step 137 0.1
0 24.6363 11.9152 47.5603
1 -19082.8 -16410.6 -15967
2 295.494 341.253 46.1083
3 885.65 65.4962 219.376
4 -1945.71 167.174 -2076.54
5 -1548.68 1473.22 1730.62
6 -2074.97 -3256.75 4869.12
7 -338.998 1294.38 -3670.85
8 140.232 116.66 70.6039
9 1959.63 438.576 -2056.2
10 -111.262 96.5472 203.422
Step 138 0.1
0 24.8504 11.9596 47.982
1 -19226.3 -16534 -16087.1
2 298.017 344.181 45.9871
3 894.22 66.2961 221.316
4 -1965.15 168.835 -2097.31
5 -1569.16 1492.49 1753.11
6 -2093.52 -3285.87 4912.58
7 -342.724 1308.25 -3710.4
8 137.671 116.801 70.2354
9 1975.98 442.255 -2073.41
10 -111.821 95.7898 202.919
Step 139 0.1
0 25.0646 12.0042 48.4037
1 -19369.8 -16657.4 -16207.1
2 300.53 347.097 45.866
3 902.786 67.0957 223.254
4 -1984.6 170.497 -2118.07
5 -1589.65 1511.76 1775.6
6 -2112.08 -3314.98 4956.04
7 -346.451 1322.11 -3749.95
8 135.02 116.858 69.8492
9 1992.33 445.935 -2090.61
10 -112.342 95.0096 202.375
Step 140 0.1
0 25.279 12.0491 48.8256
1 -19513.3 -16780.8 -16327.2
2 303.032 350 45.745
3 911.349 67.8951 225.191
4 -2004.05 172.158 -2138.84
5 -1610.13 1531.03 1798.09
6 -2130.63 -3344.1 4999.5
7 -350.178 1335.97 -3789.51
8 132.278 116.828 69.4452
9 2008.68 449.615 -2107.81
10 -112.826 94.2069 201.788
Step 141 0.1
0 25.4934 12.0943 49.2476
1 -19656.8 -16904.2 -16447.3
2 305.525 352.891 45.6241
3 919.908 68.6944 227.128
4 -2023.49 173.82 -2159.6
5 -1630.62 1550.3 1820.58
6 -2149.19 -3373.22 5042.97
7 -353.904 1349.84 -3829.06
8 129.443 116.707 69.0234
9 2025.03 453.294 -2125.02
10 -113.272 93.3816 201.159
Step 142 0.1
0 25.708 12.1397 49.6697
1 -19800.3 -17027.6 -16567.3
2 308.008 355.769 45.5034
3 928.463 69.4934 229.065
4 -2042.94 175.481 -2180.36
5 -1651.1 1569.57 1843.07
6 -2167.74 -3402.33 5086.43
7 -357.631 1363.7 -3868.62
8 126.513 116.491 68.5836
9 2041.37 456.973 -2142.22
10 -113.68 92.5338 200.488
Step 143 0.1
0 25.9227 12.1854 50.092
1 -19943.8 -17151 -16687.4
2 310.481 358.637 45.3828
3 937.015 70.2922 231
4 -2062.38 177.143 -2201.13
5 -1671.59 1588.84 1865.56
6 -2186.29 -3431.45 5129.89
7 -361.357 1377.56 -3908.17
8 123.486 116.175 68.1257
9 2057.72 460.653 -2159.42
10 -114.048 91.6636 199.775
Step 144 0.1
0 26.1376 12.2313 50.5143
1 -20087.3 -17274.5 -16807.5
2 312.944 361.492 45.2624
3 945.563 71.0908 232.935
4 -2081.83 178.804 -2221.89
5 -1692.07 1608.11 1888.05
6 -2204.85 -3460.57 5173.35
7 -365.084 1391.43 -3947.72
8 120.361 115.755 67.6496
9 2074.07 464.332 -2176.63
10 -114.377 90.7709 199.019
Step 145 0.1
0 26.3525 12.2776 50.9368
1 -20230.8 -17397.9 -16927.5
2 315.398 364.336 45.1422
3 954.108 71.8891 234.869
4 -2101.27 180.465 -2242.65
5 -1712.56 1627.38 1910.54
6 -2223.4 -3489.69 5216.81
7 -368.81 1405.29 -3987.27
8 117.136 115.223 67.1552
9 2090.42 468.012 -2193.83
10 -114.666 89.8559 198.221
Step 146 0.1
0 26.5676 12.3241 51.3594
1 -20374.3 -17521.3 -17047.6
2 317.843 367.169 45.0221
3 962.65 72.6873 236.802
4 -2120.72 182.127 -2263.41
5 -1733.04 1646.65 1933.03
6 -2241.96 -3518.8 5260.27
7 -372.537 1419.15 -4026.83
8 113.807 114.575 66.6424
9 2106.76 471.691 -2211.03
10 -114.913 88.9184 197.381
Step 147 0.1
0 26.7829 12.3709 51.7822
1 -20517.8 -17644.7 -17167.7
2 320.279 369.991 44.9023
3 971.188 73.4853 238.735
4 -2140.16 183.788 -2284.18
5 -1753.52 1665.92 1955.52
6 -2260.51 -3547.92 5303.73
7 -376.263 1433.02 -4066.38
8 110.372 113.802 66.1111
9 2123.11 475.37 -2228.23
10 -115.119 87.9586 196.497
Step 148 0.1
0 26.9982 12.4181 52.205
1 -20661.3 -17768.1 -17287.7
2 322.706 372.802 44.7827
3 979.723 74.2831 240.667
4 -2159.61 185.45 -2304.94
5 -1774.01 1685.19 1978.01
6 -2279.06 -3577.04 5347.19
7 -379.99 1446.88 -4105.93
8 106.829 112.899 65.5613
9 2139.46 479.049 -2245.44
10 -115.283 86.9764 195.571
Step 149 0.1
0 27.2137 12.4655 52.628
1 -20804.8 -17891.5 -17407.8
2 325.124 375.602 44.6633
3 988.255 75.0807 242.599
4 -2179.05 187.111 -2325.7
5 -1794.49 1704.46 2000.5
6 -2297.62 -3606.15 5390.65
7 -383.716 1460.74 -4145.48
8 103.174 111.855 64.9929
9 2155.8 482.728 -2262.64
10 -115.405 85.9718 194.601
Step 150 0.1
0 27.4294 12.5134 53.0511
1 -20948.3 -18014.9 -17527.9
2 327.534 378.392 44.5441
3 996.784 75.8781 244.53
4 -2198.5 188.772 -2346.46
5 -1814.97 1723.73 2022.99
6 -2316.17 -3635.27 5434.12
7 -387.443 1474.6 -4185.04
8 99.4049 110.66 64.4058
9 2172.15 486.407 -2279.84
10 -115.482 84.9448 193.589
Step 151 0.1
0 27.6452 12.5616 53.4743
1 -21091.8 -18138.3 -17647.9
2 329.935 381.171 44.4252
3 1005.31 76.6753 246.46
4 -2217.94 190.433 -2367.22
5 -1835.45 1743 2045.48
6 -2334.73 -3664.39 5477.58
7 -391.169 1488.47 -4224.59
8 95.5172 109.305 63.8001
9 2188.5 490.086 -2297.04
10 -115.515 83.8954 192.532
Step 152 0.1
0 27.8611 12.6102 53.8977
1 -21235.2 -18261.7 -17768
2 332.327 383.94 44.3066
3 1013.83 77.4724 248.39
4 -2237.38 192.095 -2387.98
5 -1855.94 1762.27 2067.97
6 -2353.28 -3693.5 5521.04
7 -394.895 1502.33 -4264.14
8 91.5075 107.776 63.1759
9 2204.84 493.765 -2314.24
10 -115.503 82.8235 191.432
Step 153 0.1
0 28.0772 12.6592 54.3211
1 -21378.7 -18385.1 -17888.1
2 334.712 386.699 44.1882
3 1022.35 78.2692 250.319
4 -2256.83 193.756 -2408.74
5 -1876.42 1781.54 2090.46
6 -2371.83 -3722.62 5564.5
7 -398.622 1516.19 -4303.69
8 87.3718 106.059 62.5335
9 2221.19 497.444 -2331.44
10 -115.445 81.7292 190.287
Step 154 0.1
0 28.2935 12.7086 54.7447
1 -21522.2 -18508.5 -18008.1
2 337.088 389.448 44.0701
3 1030.87 79.0659 252.248
4 -2276.27 195.417 -2429.5
5 -1896.9 1800.81 2112.94
6 -2390.39 -3751.74 5607.96
7 -402.348 1530.05 -4343.24
8 83.1057 104.136 61.873
9 2237.53 501.123 -2348.64
10 -115.34 80.6123 189.098
Step 155 0.1
0 28.5099 12.7585 55.1685
1 -21665.7 -18631.9 -18128.2
2 339.456 392.187 43.9523
3 1039.39 79.8624 254.176
4 -2295.71 197.079 -2450.26
5 -1917.38 1820.08 2135.43
6 -2408.94 -3780.85 5651.42
7 -406.075 1543.92 -4382.79
8 78.7048 101.988 61.195
9 2253.88 504.802 -2365.84
10 -115.187 79.4729 187.865
Step 156 0.1
0 28.7265 12.809 55.5923
1 -21809.2 -18755.3 -18248.3
2 341.816 394.917 43.8348
3 1047.9 80.6587 256.103
4 -2315.16 198.74 -2471.02
5 -1937.87 1839.35 2157.92
6 -2427.49 -3809.97 5694.88
7 -409.801 1557.78 -4422.35
8 74.1642 99.5927 60.5003
9 2270.22 508.481 -2383.04
10 -114.985 78.3107 186.586
Step 157 0.1
0 28.9433 12.86 56.0163
1 -21952.7 -18878.7 -18368.3
2 344.168 397.637 43.7176
3 1056.41 81.4548 258.03
4 -2334.6 200.401 -2491.78
5 -1958.35 1858.61 2180.41
6 -2446.05 -3839.09 5738.34
7 -413.527 1571.64 -4461.9
8 69.4791 96.9211 59.7901
9 2286.57 512.16 -2400.24
10 -114.733 77.1259 185.261
Step 158 0.1
0 29.1602 12.9117 56.4404
1 -22096.2 -19002.1 -18488.4
2 346.513 400.347 43.6006
3 1064.91 82.2508 259.957
4 -2354.04 202.062 -2512.54
5 -1978.83 1877.88 2202.9
6 -2464.6 -3868.2 5781.8
7 -417.254 1585.5 -4501.45
8 64.6447 93.9401 59.0661
9 2302.91 515.838 -2417.44
10 -114.43 75.9183 183.891
Step 159 0.1
0 29.3774 12.964 56.8646
1 -22239.7 -19125.5 -18608.5
2 348.85 403.049 43.484
3 1073.42 83.0466 261.883
4 -2373.49 203.723 -2533.3
5 -1999.31 1897.15 2225.38
6 -2483.16 -3897.32 5825.26
7 -420.98 1599.36 -4541
8 59.6566 90.6084 58.3308
9 2319.26 519.517 -2434.64
10 -114.074 74.6878 182.474
Step 160 0.1
0 29.5947 13.0171 57.2889
1 -22383.2 -19248.9 -18728.5
2 351.179 405.741 43.3677
3 1081.92 83.8422 263.808
4 -2392.93 205.385 -2554.06
5 -2019.79 1916.42 2247.87
6 -2501.71 -3926.44 5868.72
7 -424.706 1613.23 -4580.55
8 54.5116 86.8745 57.5879
9 2335.6 523.196 -2451.84
10 -113.665 73.4343 181.01
Step 161 0.1
0 29.8122 13.0712 57.7133
1 -22526.7 -19372.3 -18848.6
2 353.502 408.424 43.2518
3 1090.42 84.6377 265.733
4 -2412.37 207.046 -2574.82
5 -2040.28 1935.69 2270.36
6 -2520.26 -3955.55 5912.18
7 -428.433 1627.09 -4620.1
8 49.2086 82.6728 56.8433
9 2351.95 526.874 -2469.04
10 -113.201 72.1577 179.499
Step 162 0.1
0 30.0299 13.1263 58.1379
1 -22670.2 -19495.7 -18968.6
2 355.816 411.098 43.1361
3 1098.91 85.433 267.657
4 -2431.81 208.707 -2595.58
5 -2060.76 1954.95 2292.85
6 -2538.82 -3984.67 5955.64
7 -432.159 1640.95 -4659.65
8 43.7514 77.9176 56.1057
9 2368.29 530.553 -2486.24
10 -112.681 70.8579 177.94
Step 163 0.1
0 30.2478 13.1826 58.5624
1 -22813.7 -19619.1 -19088.7
2 358.124 413.763 43.0208
3 1107.4 86.2282 269.581
4 -2451.25 210.368 -2616.34
5 -2081.24 1974.22 2315.33
6 -2557.37 -4013.78 5999.1
7 -435.885 1654.81 -4699.2
8 38.1526 72.4943 55.3891
9 2384.64 534.232 -2503.44
10 -112.103 69.5349 176.333
Step 164 0.1
0 30.4658 13.2405 58.9871
1 -22957.2 -19742.5 -19208.8
2 360.425 416.42 42.9059
3 1115.9 87.0232 271.505
4 -2470.7 212.029 -2637.1
5 -2101.72 1993.49 2337.82
6 -2575.92 -4042.9 6042.56
7 -439.611 1668.68 -4738.75
8 32.4434 66.244 54.7168
9 2400.98 537.91 -2520.63
10 -111.465 68.1883 174.676
Step 165 0.1
0 30.6837 13.3003 59.4116
1 -23100.7 -19865.9 -19328.8
2 362.718 419.068 42.7912
3 1124.38 87.818 273.428
4 -2490.14 213.69 -2657.86
5 -2122.2 2012.76 2360.31
6 -2594.48 -4072.02 6086.02
7 -443.338 1682.54 -4778.3
8 26.6947 58.9384 54.1298
9 2417.32 541.589 -2537.83
10 -110.767 66.8183 172.969
Step 166 0.1
0 30.9013 13.3627 59.836
1 -23244.2 -19989.3 -19448.9
2 365.005 421.708 42.677
3 1132.87 88.6127 275.35
4 -2509.58 215.352 -2678.62
5 -2142.68 2032.02 2382.79
6 -2613.03 -4101.13 6129.48
7 -447.064 1696.4 -4817.85
8 21.068 50.2367 53.7044
9 2433.67 545.267 -2555.03
10 -110.005 65.4244 171.212
Step 167 0.1
0 31.1179 13.4285 60.2599
1 -23387.7 -20112.7 -19569
2 367.284 424.339 42.5631
3 1141.35 89.4072 277.272
4 -2529.02 217.013 -2699.38
5 -2163.16 2051.29 2405.28
6 -2631.58 -4130.25 6172.94
7 -450.79 1710.26 -4857.4
8 15.952 39.6194 53.5977
9 2450.01 548.946 -2572.23
10 -109.179 64.0067 169.404
Step 168 0.1
0 31.3316 13.499 60.6828
1 -23531.2 -20236.1 -19689
2 369.557 426.962 42.4495
3 1149.84 90.2016 279.194
4 -2548.46 218.674 -2720.13
5 -2183.64 2070.56 2427.77
6 -2650.14 -4159.37 6216.4
7 -454.516 1724.12 -4896.95
8 12.3646 26.3621 54.1627
9 2466.35 552.624 -2589.43
10 -108.286 62.565 167.544
Step 169 0.1
0 31.5379 13.5746 61.1032
1 -23674.7 -20359.5 -19809.1
2 371.824 429.577 42.3363
3 1158.31 90.9958 281.115
4 -2567.9 220.335 -2740.89
5 -2204.12 2089.82 2450.25
6 -2668.69 -4188.48 6259.86
7 -458.242 1737.99 -4936.5
8 12.9836 10.252 56.1739
9 2482.7 556.302 -2606.62
10 -107.324 61.099 165.631
Step 170 0.1
0 31.7308 13.648 61.5203
1 -23818.2 -20482.9 -19929.2
2 374.084 432.184 42.2235
3 1166.79 91.7899 283.036
4 -2587.34 221.996 -2761.65
5 -2224.6 2109.09 2472.74
6 -2687.24 -4217.6 6303.32
7 -461.969 1751.85 -4976.05
8 21.1287 -4.51017 60.1847
9 2499.04 559.981 -2623.82
10 -106.29 59.6087 163.664
Step 171 0.1
0 31.9176 13.7111 61.9366
1 -23961.6 -20606.3 -20049.2
2 376.337 434.783 42.111
3 1175.27 92.5838 284.956
4 -2606.78 223.657 -2782.41
5 -2245.08 2128.36 2495.22
6 -2705.8 -4246.71 6346.78
7 -465.695 1765.71 -5015.6
8 32.6744 -13.4478 64.6241
9 2515.38 563.659 -2641.02
10 -105.183 58.0937 161.643
Step 172 0.1
0 32.1044 13.7674 62.3538
1 -24105.1 -20729.7 -20169.3
2 378.584 437.374 41.9989
3 1183.74 93.3776 286.876
4 -2626.22 225.318 -2803.17
5 -2265.56 2147.62 2517.71
6 -2724.35 -4275.83 6390.24
7 -469.421 1779.57 -5055.15
8 44.1084 -18.3818 68.6674
9 2531.72 567.337 -2658.22
10 -103.999 56.5539 159.566
Step 173 0.1
0 32.2926 13.8197 62.7719
1 -24248.6 -20853.1 -20289.4
2 380.824 439.958 41.8872
3 1192.21 94.1712 288.795
4 -2645.66 226.979 -2823.92
5 -2286.04 2166.89 2540.19
6 -2742.91 -4304.95 6433.7
7 -473.147 1793.43 -5094.7
8 54.6946 -21.0454 72.2649
9 2548.07 571.015 -2675.41
10 -102.736 54.9892 157.432
Step 174 0.1
0 32.4821 13.8697 63.1908
1 -24392.1 -20976.5 -20409.4
2 383.058 442.533 41.7759
3 1200.68 94.9647 290.714
4 -2665.1 228.64 -2844.68
5 -2306.52 2186.16 2562.68
6 -2761.46 -4334.06 6477.16
7 -476.873 1807.29 -5134.25
8 64.4062 -22.3479 75.4919
9 2564.41 574.694 -2692.61
10 -101.39 53.3992 155.24
Step 175 0.1
0 32.6729 13.9182 63.6104
1 -24535.6 -21100 -20529.5
2 385.286 445.101 41.6649
3 1209.14 95.7581 292.633
4 -2684.54 230.301 -2865.44
5 -2327 2205.42 2585.17
6 -2780.01 -4363.18 6520.62
7 -480.599 1821.16 -5173.8
8 73.3432 -22.7717 78.4206
9 2580.75 578.372 -2709.81
10 -99.9576 51.7839 152.99
Step 176 0.1
0 32.8647 13.9657 64.0304
1 -24679.1 -21223.4 -20649.6
2 387.508 447.662 41.5544
3 1217.61 96.5513 294.551
4 -2703.98 231.962 -2886.19
5 -2347.48 2224.69 2607.65
6 -2798.57 -4392.3 6564.08
7 -484.326 1835.02 -5213.35
8 81.6122 -22.5928 81.1061
9 2597.09 582.05 -2727
10 -98.4357 50.1429 150.678
Step 177 0.1
0 33.0573 14.0126 64.451
1 -24822.6 -21346.8 -20769.6
2 389.724 450.215 41.4442
3 1226.07 97.3444 296.468
4 -2723.42 233.623 -2906.95
5 -2367.96 2243.96 2630.14
6 -2817.12 -4421.41 6607.54
7 -488.052 1848.88 -5252.89
8 89.304 -21.9811 83.5895
9 2613.43 585.728 -2744.2
10 -96.8201 48.4761 148.305
Step 178 0.1
0 33.2506 14.059 64.872
1 -24966.1 -21470.2 -20889.7
2 391.934 452.761 41.3344
3 1234.53 98.1374 298.386
4 -2742.86 235.284 -2927.71
5 -2388.44 2263.22 2652.62
6 -2835.67 -4450.53 6651
7 -491.778 1862.74 -5292.44
8 96.4923 -21.0472 85.9017
9 2629.78 589.406 -2761.4
10 -95.1063 46.7833 145.869
Step 179 0.1
0 33.4445 14.105 65.2934
1 -25109.6 -21593.6 -21009.8
2 394.138 455.299 41.225
3 1242.99 98.9302 300.303
4 -2762.3 236.945 -2948.46
5 -2408.92 2282.49 2675.11
6 -2854.23 -4479.64 6694.46
7 -495.504 1876.6 -5331.99
8 103.237 -19.8668 88.0663
9 2646.12 593.084 -2778.59
10 -93.2895 45.0642 143.367
Step 180 0.1
0 33.6388 14.1508 65.7152
1 -25253.1 -21717 -21129.8
2 396.336 457.831 41.116
3 1251.45 99.7229 302.219
4 -2781.74 238.606 -2969.22
5 -2429.4 2301.75 2697.59
6 -2872.78 -4508.76 6737.92
7 -499.23 1890.46 -5371.54
8 109.585 -18.4938 90.1018
9 2662.46 596.762 -2795.79
10 -91.3643 43.3187 140.799
Step 181 0.1
0 33.8336 14.1964 66.1373
1 -25396.6 -21840.4 -21249.9
2 398.528 460.355 41.0074
3 1259.9 100.515 304.136
4 -2801.18 240.267 -2989.98
5 -2449.88 2321.02 2720.08
6 -2891.33 -4537.87 6781.38
7 -502.956 1904.32 -5411.09
8 115.578 -16.9677 92.0232
9 2678.8 600.44 -2812.98
10 -89.325 41.5465 138.162
Step 182 0.1
0 34.0287 14.2418 66.5598
1 -25540.1 -21963.8 -21370
2 400.715 462.872 40.8992
3 1268.35 101.308 306.052
4 -2820.62 241.928 -3010.73
5 -2470.36 2340.29 2742.56
6 -2909.89 -4566.99 6824.84
7 -506.682 1918.19 -5450.64
8 121.247 -15.3185 93.8423
9 2695.14 604.118 -2830.18
10 -87.1651 39.7476 135.455
Step 183 0.1
0 34.2241 14.2872 66.9825
1 -25683.6 -22087.2 -21490
2 402.896 465.383 40.7914
3 1276.8 102.1 307.967
4 -2840.06 243.589 -3031.49
5 -2490.83 2359.55 2765.04
6 -2928.44 -4596.11 6868.3
7 -510.408 1932.05 -5490.19
8 126.622 -13.5691 95.569
9 2711.48 607.796 -2847.38
10 -84.8773 37.9218 132.675
Step 184 0.1
0 34.4197 14.3325 67.4056
1 -25827.1 -22210.6 -21610.1
2 405.071 467.887 40.6839
3 1285.25 102.892 309.882
4 -2859.5 245.25 -3052.25
5 -2511.31 2378.82 2787.53
6 -2946.99 -4625.22 6911.76
7 -514.134 1945.91 -5529.73
8 131.724 -11.7377 97.2116
9 2727.82 611.474 -2864.57
10 -82.4536 36.069 129.821
Step 185 0.1
0 34.6154 14.3777 67.829
1 -25970.6 -22334 -21730.1
2 407.241 470.383 40.5769
3 1293.7 103.684 311.797
4 -2878.94 246.911 -3073
5 -2531.79 2398.08 2810.01
6 -2965.54 -4654.34 6955.22
7 -517.86 1959.77 -5569.28
8 136.574 -9.8388 98.7772
9 2744.16 615.152 -2881.77
10 -79.8849 34.1893 126.889
Step 186 0.1
0 34.8112 14.4229 68.2527
1 -26114.1 -22457.4 -21850.2
2 409.405 472.873 40.4703
3 1302.14 104.476 313.711
4 -2898.38 248.572 -3093.76
5 -2552.27 2417.35 2832.5
6 -2984.1 -4683.45 6998.68
7 -521.586 1973.63 -5608.83
8 141.19 -7.88414 100.272
9 2760.51 618.83 -2898.96
10 -77.161 32.2827 123.876
Step 187 0.1
0 35.0071 14.4682 68.6766
1 -26257.6 -22580.8 -21970.3
2 411.564 475.357 40.3641
3 1310.59 105.268 315.626
4 -2917.82 250.233 -3114.51
5 -2572.75 2436.61 2854.98
6 -3002.65 -4712.57 7042.14
7 -525.313 1987.49 -5648.38
8 145.586 -5.88343 101.7
9 2776.85 622.507 -2916.16
10 -74.2702 30.3495 120.781
Step 188 0.1
0 35.203 14.5134 69.1009
1 -26401.1 -22704.2 -22090.3
2 413.718 477.834 40.2583
3 1319.03 106.06 317.539
4 -2937.26 251.894 -3135.27
5 -2593.23 2455.88 2877.47
6 -3021.2 -4741.69 7085.6
7 -529.039 2001.35 -5687.93
8 149.776 -3.84473 103.067
9 2793.19 626.185 -2933.35
10 -71.1992 28.3902 117.601
Step 189 0.1
0 35.3988 14.5587 69.5254
1 -26544.6 -22827.6 -22210.4
2 415.866 480.304 40.1529
3 1327.47 106.851 319.453
4 -2956.69 253.555 -3156.02
5 -2613.71 2475.14 2899.95
6 -3039.76 -4770.8 7129.05
7 -532.765 2015.22 -5727.48
8 153.772 -1.77481 104.376
9 2809.53 629.863 -2950.55
10 -67.9326 26.4053 114.331
Step 190 0.1
0 35.5945 14.604 69.9503
1 -26688 -22951 -22330.5
2 418.009 482.768 40.0479
3 1335.91 107.643 321.366
4 -2976.13 255.216 -3176.78
5 -2634.18 2494.41 2922.43
6 -3058.31 -4799.92 7172.51
7 -536.491 2029.08 -5767.02
8 157.583 0.320553 105.631
9 2825.87 633.541 -2967.74
10 -64.4525 24.396 110.968
Step 191 0.1
0 35.7901 14.6494 70.3754
1 -26831.5 -23074.4 -22450.5
2 420.147 485.226 39.9433
3 1344.34 108.434 323.279
4 -2995.57 256.876 -3197.53
5 -2654.66 2513.67 2944.92
6 -3076.86 -4829.03 7215.97
7 -540.217 2042.94 -5806.57
8 161.219 2.43645 106.835
9 2842.21 637.218 -2984.94
10 -60.7377 22.3638 107.509
Step 192 0.1
0 35.9854 14.6947 70.8008
1 -26975 -23197.8 -22570.6
2 422.28 487.677 39.8391
3 1352.78 109.226 325.191
4 -3015.01 258.537 -3218.29
5 -2675.14 2532.94 2967.4
6 -3095.42 -4858.15 7259.43
7 -543.943 2056.8 -5846.12
8 164.689 4.56861 107.99
9 2858.55 640.896 -3002.13
10 -56.7631 20.3108 103.951
Step 193 0.1
0 36.1803 14.7402 71.2266
1 -27118.5 -23321.2 -22690.7
2 424.407 490.122 39.7354
3 1361.21 110.017 327.103
4 -3034.45 260.198 -3239.04
5 -2695.62 2552.2 2989.89
6 -3113.97 -4887.26 7302.89
7 -547.669 2070.66 -5885.67
8 167.999 6.71333 109.099
9 2874.89 644.574 -3019.32
10 -52.4987 18.2403 100.289
Step 194 0.1
0 36.3749 14.7856 71.6526
1 -27262 -23444.6 -22810.7
2 426.53 492.561 39.632
3 1369.64 110.808 329.015
4 -3053.88 261.859 -3259.8
5 -2716.1 2571.47 3012.37
6 -3132.52 -4916.38 7346.35
7 -551.395 2084.52 -5925.21
8 171.156 8.86738 110.165
9 2891.23 648.251 -3036.52
10 -47.9075 16.1568 96.5195
Step 195 0.1
0 36.5689 14.8311 72.0789
1 -27405.5 -23568 -22930.8
2 428.648 494.994 39.5291
3 1378.07 111.599 330.927
4 -3073.32 263.52 -3280.55
5 -2736.57 2590.73 3034.85
6 -3151.08 -4945.5 7389.81
7 -555.121 2098.38 -5964.76
8 174.167 11.0279 111.188
9 2907.57 651.929 -3053.71
10 -42.9436 14.0674 92.6404
Step 196 0.1
0 36.7623 14.8766 72.5056
1 -27549 -23691.4 -23050.9
2 430.76 497.421 39.4266
3 1386.5 112.389 332.838
4 -3092.76 265.181 -3301.31
5 -2757.05 2610 3057.34
6 -3169.63 -4974.61 7433.27
7 -558.847 2112.24 -6004.31
8 177.037 13.1923 112.172
9 2923.91 655.607 -3070.91
10 -37.5491 11.9821 88.65
Step 197 0.1
0 36.9548 14.922 72.9326
1 -27692.5 -23814.8 -23170.9
2 432.868 499.842 39.3244
3 1394.93 113.18 334.749
4 -3112.2 266.842 -3322.06
5 -2777.53 2629.26 3079.82
6 -3188.18 -5003.73 7476.73
7 -562.572 2126.1 -6043.86
8 179.771 15.3584 113.117
9 2940.25 659.284 -3088.1
10 -31.6486 9.91648 84.5497
Step 198 0.1
0 37.1463 14.9674 73.3598
1 -27836 -23938.2 -23291
2 434.971 502.256 39.2227
3 1403.35 113.971 336.659
4 -3131.64 268.502 -3342.82
5 -2798.01 2648.52 3102.3
6 -3206.74 -5032.84 7520.19
7 -566.298 2139.97 -6083.4
8 182.374 17.5242 114.025
9 2956.58 662.962 -3105.29
10 -25.1417 7.89515 80.3468
Step 199 0.1
0 37.3364 15.0126 73.7873
1 -27979.5 -24061.6 -23411.1
2 437.069 504.665 39.1214
3 1411.78 114.761 338.569
4 -3151.07 270.163 -3363.57
5 -2818.48 2667.79 3124.79
6 -3225.29 -5061.96 7563.65
7 -570.024 2153.83 -6122.95
8 184.85 19.6877 114.898
9 2972.92 666.639 -3122.49
10 -17.8901 5.95838 76.0603
Step 200 0.1
0 37.5247 15.0575 74.2149
1 -28123 -24185 -23531.1
2 439.163 507.068 39.0205
3 1420.2 115.551 340.479
4 -3170.51 271.824 -3384.33
5 -2838.96 2687.05 3147.27
6 -3243.84 -5091.07 7607.11
7 -573.75 2167.69 -6162.5
8 187.202 21.8473 115.736
9 2989.26 670.317 -3139.68
10 -9.69538 4.17622 71.7351
