PARAMETRIC_CURVE_CARTESIAN_2D
Damped Harmonic Oscilator - phase space trajectory
t1: 0
t2: 1
NumPoints: 1001
0 0.5 0 
0.001 0.499999 -0.000823785 
0.002 0.499995 -0.00164757 
0.003 0.499988 -0.00247134 
0.004 0.499978 -0.0032951 
0.005 0.499966 -0.00411882 
0.006 0.499951 -0.0049425 
0.007 0.499933 -0.00576612 
0.008 0.499912 -0.00658967 
0.009 0.499888 -0.00741315 
0.01 0.499862 -0.00823655 
0.011 0.499833 -0.00905984 
0.012 0.4998 -0.00988302 
0.013 0.499765 -0.0107061 
0.014 0.499727 -0.011529 
0.015 0.499686 -0.0123518 
0.016 0.499643 -0.0131745 
0.017 0.499596 -0.0139969 
0.018 0.499546 -0.0148192 
0.019 0.499493 -0.0156414 
0.02 0.499438 -0.0164633 
0.021 0.499379 -0.017285 
0.022 0.499317 -0.0181065 
0.023 0.499253 -0.0189278 
0.024 0.499185 -0.0197488 
0.025 0.499114 -0.0205695 
0.026 0.49904 -0.02139 
0.027 0.498963 -0.0222102 
0.028 0.498883 -0.0230301 
0.029 0.498799 -0.0238497 
0.03 0.498713 -0.024669 
0.031 0.498623 -0.0254879 
0.032 0.498531 -0.0263065 
0.033 0.498435 -0.0271247 
0.034 0.498336 -0.0279425 
0.035 0.498233 -0.02876 
0.036 0.498128 -0.029577 
0.037 0.498019 -0.0303936 
0.038 0.497907 -0.0312097 
0.039 0.497792 -0.0320254 
0.04 0.497673 -0.0328407 
0.041 0.497551 -0.0336554 
0.042 0.497426 -0.0344697 
0.043 0.497297 -0.0352834 
0.044 0.497165 -0.0360966 
0.045 0.49703 -0.0369092 
0.046 0.496892 -0.0377213 
0.047 0.49675 -0.0385328 
0.048 0.496604 -0.0393437 
0.049 0.496455 -0.0401539 
0.05 0.496303 -0.0409636 
0.051 0.496148 -0.0417725 
0.052 0.495988 -0.0425808 
0.053 0.495826 -0.0433885 
0.054 0.49566 -0.0441954 
0.055 0.49549 -0.0450016 
0.056 0.495317 -0.045807 
0.057 0.495141 -0.0466117 
0.058 0.494961 -0.0474156 
0.059 0.494777 -0.0482187 
0.06 0.49459 -0.049021 
0.061 0.494399 -0.0498224 
0.062 0.494205 -0.050623 
0.063 0.494007 -0.0514227 
0.064 0.493806 -0.0522215 
0.065 0.493601 -0.0530194 
0.066 0.493392 -0.0538164 
0.067 0.49318 -0.0546124 
0.068 0.492964 -0.0554074 
0.069 0.492744 -0.0562014 
0.07 0.492521 -0.0569944 
0.071 0.492294 -0.0577863 
0.072 0.492063 -0.0585772 
0.073 0.491829 -0.059367 
0.074 0.491591 -0.0601557 
0.075 0.491349 -0.0609433 
0.076 0.491104 -0.0617297 
0.077 0.490855 -0.0625149 
0.078 0.490602 -0.063299 
0.079 0.490345 -0.0640818 
0.08 0.490085 -0.0648634 
0.081 0.489821 -0.0656437 
0.082 0.489553 -0.0664228 
0.083 0.489281 -0.0672005 
0.084 0.489006 -0.0679769 
0.085 0.488727 -0.0687519 
0.086 0.488444 -0.0695256 
0.087 0.488157 -0.0702979 
0.088 0.487866 -0.0710687 
0.089 0.487572 -0.0718381 
0.09 0.487273 -0.072606 
0.091 0.486971 -0.0733725 
0.092 0.486665 -0.0741374 
0.093 0.486355 -0.0749007 
0.094 0.486042 -0.0756625 
0.095 0.485724 -0.0764228 
0.096 0.485403 -0.0771813 
0.097 0.485078 -0.0779383 
0.098 0.484749 -0.0786936 
0.099 0.484416 -0.0794472 
0.1 0.48408 -0.0801991 
0.101 0.483739 -0.0809492 
0.102 0.483395 -0.0816976 
0.103 0.483046 -0.0824442 
0.104 0.482694 -0.083189 
0.105 0.482338 -0.0839319 
0.106 0.481979 -0.084673 
0.107 0.481615 -0.0854122 
0.108 0.481247 -0.0861495 
0.109 0.480876 -0.0868849 
0.11 0.480501 -0.0876183 
0.111 0.480122 -0.0883497 
0.112 0.479739 -0.0890792 
0.113 0.479352 -0.0898066 
0.114 0.478961 -0.0905319 
0.115 0.478567 -0.0912552 
0.116 0.478169 -0.0919763 
0.117 0.477767 -0.0926953 
0.118 0.477361 -0.0934122 
0.119 0.476951 -0.0941269 
0.12 0.476537 -0.0948394 
0.121 0.47612 -0.0955497 
0.122 0.475699 -0.0962577 
0.123 0.475274 -0.0969635 
0.124 0.474845 -0.097667 
0.125 0.474413 -0.0983681 
0.126 0.473976 -0.0990669 
0.127 0.473536 -0.0997634 
0.128 0.473093 -0.100457 
0.129 0.472645 -0.101149 
0.13 0.472194 -0.101838 
0.131 0.471739 -0.102525 
0.132 0.47128 -0.103209 
0.133 0.470818 -0.103891 
0.134 0.470352 -0.104571 
0.135 0.469882 -0.105247 
0.136 0.469408 -0.105921 
0.137 0.468931 -0.106593 
0.138 0.468451 -0.107262 
0.139 0.467966 -0.107928 
0.14 0.467478 -0.108592 
0.141 0.466987 -0.109253 
0.142 0.466491 -0.109912 
0.143 0.465993 -0.110567 
0.144 0.46549 -0.11122 
0.145 0.464984 -0.111871 
0.146 0.464475 -0.112518 
0.147 0.463962 -0.113163 
0.148 0.463446 -0.113805 
0.149 0.462926 -0.114444 
0.15 0.462403 -0.11508 
0.151 0.461876 -0.115713 
0.152 0.461346 -0.116344 
0.153 0.460812 -0.116972 
0.154 0.460275 -0.117596 
0.155 0.459735 -0.118218 
0.156 0.459191 -0.118837 
0.157 0.458644 -0.119453 
0.158 0.458093 -0.120066 
0.159 0.45754 -0.120676 
0.16 0.456983 -0.121283 
0.161 0.456423 -0.121887 
0.162 0.455859 -0.122488 
0.163 0.455292 -0.123086 
0.164 0.454722 -0.123681 
0.165 0.454149 -0.124273 
0.166 0.453573 -0.124861 
0.167 0.452994 -0.125447 
0.168 0.452411 -0.12603 
0.169 0.451826 -0.126609 
0.17 0.451237 -0.127185 
0.171 0.450645 -0.127759 
0.172 0.450051 -0.128329 
0.173 0.449453 -0.128896 
0.174 0.448852 -0.129459 
0.175 0.448249 -0.13002 
0.176 0.447642 -0.130577 
0.177 0.447033 -0.131132 
0.178 0.44642 -0.131683 
0.179 0.445805 -0.13223 
0.18 0.445187 -0.132775 
0.181 0.444566 -0.133316 
0.182 0.443942 -0.133855 
0.183 0.443316 -0.13439 
0.184 0.442686 -0.134921 
0.185 0.442054 -0.13545 
0.186 0.44142 -0.135975 
0.187 0.440782 -0.136497 
0.188 0.440142 -0.137015 
0.189 0.4395 -0.137531 
0.19 0.438854 -0.138043 
0.191 0.438206 -0.138552 
0.192 0.437556 -0.139057 
0.193 0.436903 -0.13956 
0.194 0.436248 -0.140059 
0.195 0.43559 -0.140555 
0.196 0.434929 -0.141047 
0.197 0.434266 -0.141536 
0.198 0.433601 -0.142022 
0.199 0.432933 -0.142505 
0.2 0.432263 -0.142984 
0.201 0.431591 -0.14346 
0.202 0.430916 -0.143933 
0.203 0.430239 -0.144402 
0.204 0.42956 -0.144868 
0.205 0.428878 -0.145331 
0.206 0.428195 -0.14579 
0.207 0.427509 -0.146246 
0.208 0.426821 -0.146699 
0.209 0.42613 -0.147149 
0.21 0.425438 -0.147595 
0.211 0.424743 -0.148038 
0.212 0.424047 -0.148478 
0.213 0.423348 -0.148915 
0.214 0.422647 -0.149348 
0.215 0.421945 -0.149778 
0.216 0.42124 -0.150204 
0.217 0.420533 -0.150628 
0.218 0.419824 -0.151048 
0.219 0.419114 -0.151465 
0.22 0.418401 -0.151878 
0.221 0.417687 -0.152289 
0.222 0.416971 -0.152696 
0.223 0.416253 -0.153099 
0.224 0.415533 -0.1535 
0.225 0.414811 -0.153897 
0.226 0.414088 -0.154291 
0.227 0.413363 -0.154682 
0.228 0.412636 -0.15507 
0.229 0.411907 -0.155454 
0.23 0.411177 -0.155836 
0.231 0.410445 -0.156214 
0.232 0.409711 -0.156589 
0.233 0.408976 -0.15696 
0.234 0.408239 -0.157329 
0.235 0.407501 -0.157694 
0.236 0.406761 -0.158056 
0.237 0.40602 -0.158415 
0.238 0.405277 -0.158771 
0.239 0.404532 -0.159124 
0.24 0.403786 -0.159473 
0.241 0.403039 -0.15982 
0.242 0.40229 -0.160163 
0.243 0.40154 -0.160503 
0.244 0.400788 -0.16084 
0.245 0.400035 -0.161174 
0.246 0.39928 -0.161505 
0.247 0.398525 -0.161833 
0.248 0.397767 -0.162157 
0.249 0.397009 -0.162479 
0.25 0.396249 -0.162798 
0.251 0.395488 -0.163113 
0.252 0.394726 -0.163426 
0.253 0.393963 -0.163735 
0.254 0.393198 -0.164042 
0.255 0.392432 -0.164345 
0.256 0.391665 -0.164645 
0.257 0.390897 -0.164943 
0.258 0.390127 -0.165237 
0.259 0.389357 -0.165529 
0.26 0.388585 -0.165817 
0.261 0.387813 -0.166103 
0.262 0.387039 -0.166385 
0.263 0.386264 -0.166665 
0.264 0.385488 -0.166942 
0.265 0.384711 -0.167216 
0.266 0.383933 -0.167487 
0.267 0.383154 -0.167755 
0.268 0.382374 -0.16802 
0.269 0.381593 -0.168282 
0.27 0.380811 -0.168541 
0.271 0.380029 -0.168798 
0.272 0.379245 -0.169052 
0.273 0.37846 -0.169303 
0.274 0.377675 -0.169551 
0.275 0.376888 -0.169796 
0.276 0.376101 -0.170038 
0.277 0.375313 -0.170278 
0.278 0.374524 -0.170515 
0.279 0.373734 -0.170749 
0.28 0.372943 -0.17098 
0.281 0.372152 -0.171208 
0.282 0.371359 -0.171434 
0.283 0.370566 -0.171657 
0.284 0.369772 -0.171878 
0.285 0.368978 -0.172095 
0.286 0.368183 -0.17231 
0.287 0.367387 -0.172522 
0.288 0.36659 -0.172732 
0.289 0.365793 -0.172938 
0.29 0.364994 -0.173143 
0.291 0.364196 -0.173344 
0.292 0.363396 -0.173543 
0.293 0.362596 -0.173739 
0.294 0.361795 -0.173933 
0.295 0.360994 -0.174124 
0.296 0.360192 -0.174312 
0.297 0.35939 -0.174498 
0.298 0.358586 -0.174681 
0.299 0.357783 -0.174862 
0.3 0.356978 -0.17504 
0.301 0.356173 -0.175215 
0.302 0.355368 -0.175388 
0.303 0.354562 -0.175559 
0.304 0.353756 -0.175727 
0.305 0.352949 -0.175892 
0.306 0.352141 -0.176055 
0.307 0.351333 -0.176215 
0.308 0.350524 -0.176373 
0.309 0.349715 -0.176529 
0.31 0.348906 -0.176681 
0.311 0.348096 -0.176832 
0.312 0.347286 -0.17698 
0.313 0.346475 -0.177126 
0.314 0.345664 -0.177269 
0.315 0.344852 -0.17741 
0.316 0.34404 -0.177548 
0.317 0.343227 -0.177684 
0.318 0.342414 -0.177818 
0.319 0.341601 -0.177949 
0.32 0.340788 -0.178078 
0.321 0.339974 -0.178204 
0.322 0.339159 -0.178328 
0.323 0.338344 -0.17845 
0.324 0.337529 -0.178569 
0.325 0.336714 -0.178687 
0.326 0.335898 -0.178801 
0.327 0.335082 -0.178914 
0.328 0.334266 -0.179024 
0.329 0.333449 -0.179132 
0.33 0.332632 -0.179238 
0.331 0.331815 -0.179341 
0.332 0.330997 -0.179442 
0.333 0.330179 -0.179541 
0.334 0.329361 -0.179638 
0.335 0.328543 -0.179732 
0.336 0.327724 -0.179824 
0.337 0.326905 -0.179914 
0.338 0.326086 -0.180002 
0.339 0.325267 -0.180088 
0.34 0.324447 -0.180171 
0.341 0.323628 -0.180252 
0.342 0.322808 -0.180331 
0.343 0.321987 -0.180408 
0.344 0.321167 -0.180483 
0.345 0.320347 -0.180555 
0.346 0.319526 -0.180626 
0.347 0.318705 -0.180694 
0.348 0.317884 -0.18076 
0.349 0.317062 -0.180824 
0.35 0.316241 -0.180886 
0.351 0.315419 -0.180946 
0.352 0.314598 -0.181004 
0.353 0.313776 -0.18106 
0.354 0.312954 -0.181113 
0.355 0.312131 -0.181165 
0.356 0.311309 -0.181214 
0.357 0.310487 -0.181262 
0.358 0.309664 -0.181307 
0.359 0.308842 -0.181351 
0.36 0.308019 -0.181392 
0.361 0.307196 -0.181431 
0.362 0.306373 -0.181469 
0.363 0.30555 -0.181504 
0.364 0.304727 -0.181537 
0.365 0.303904 -0.181569 
0.366 0.30308 -0.181598 
0.367 0.302257 -0.181625 
0.368 0.301434 -0.181651 
0.369 0.30061 -0.181674 
0.37 0.299787 -0.181696 
0.371 0.298963 -0.181715 
0.372 0.29814 -0.181733 
0.373 0.297316 -0.181749 
0.374 0.296492 -0.181763 
0.375 0.295669 -0.181775 
0.376 0.294845 -0.181785 
0.377 0.294021 -0.181793 
0.378 0.293197 -0.181799 
0.379 0.292374 -0.181803 
0.38 0.29155 -0.181806 
0.381 0.290726 -0.181806 
0.382 0.289902 -0.181805 
0.383 0.289078 -0.181802 
0.384 0.288255 -0.181797 
0.385 0.287431 -0.18179 
0.386 0.286607 -0.181781 
0.387 0.285783 -0.181771 
0.388 0.28496 -0.181758 
0.389 0.284136 -0.181744 
0.39 0.283312 -0.181728 
0.391 0.282489 -0.18171 
0.392 0.281665 -0.181691 
0.393 0.280842 -0.181669 
0.394 0.280018 -0.181646 
0.395 0.279195 -0.181621 
0.396 0.278372 -0.181594 
0.397 0.277548 -0.181566 
0.398 0.276725 -0.181536 
0.399 0.275902 -0.181504 
0.4 0.275079 -0.18147 
0.401 0.274256 -0.181434 
0.402 0.273433 -0.181397 
0.403 0.27261 -0.181358 
0.404 0.271787 -0.181317 
0.405 0.270965 -0.181275 
0.406 0.270142 -0.181231 
0.407 0.269319 -0.181185 
0.408 0.268497 -0.181138 
0.409 0.267675 -0.181088 
0.41 0.266853 -0.181037 
0.411 0.26603 -0.180985 
0.412 0.265208 -0.18093 
0.413 0.264387 -0.180874 
0.414 0.263565 -0.180817 
0.415 0.262743 -0.180757 
0.416 0.261922 -0.180696 
0.417 0.2611 -0.180634 
0.418 0.260279 -0.18057 
0.419 0.259458 -0.180504 
0.42 0.258637 -0.180436 
0.421 0.257816 -0.180367 
0.422 0.256995 -0.180296 
0.423 0.256175 -0.180224 
0.424 0.255354 -0.180149 
0.425 0.254534 -0.180074 
0.426 0.253714 -0.179996 
0.427 0.252894 -0.179918 
0.428 0.252074 -0.179837 
0.429 0.251254 -0.179755 
0.43 0.250435 -0.179671 
0.431 0.249615 -0.179586 
0.432 0.248796 -0.179499 
0.433 0.247977 -0.179411 
0.434 0.247158 -0.179321 
0.435 0.24634 -0.179229 
0.436 0.245521 -0.179136 
0.437 0.244703 -0.179042 
0.438 0.243885 -0.178945 
0.439 0.243067 -0.178848 
0.44 0.242249 -0.178748 
0.441 0.241431 -0.178647 
0.442 0.240614 -0.178545 
0.443 0.239797 -0.178441 
0.444 0.23898 -0.178336 
0.445 0.238163 -0.178229 
0.446 0.237346 -0.17812 
0.447 0.23653 -0.17801 
0.448 0.235714 -0.177899 
0.449 0.234898 -0.177786 
0.45 0.234082 -0.177672 
0.451 0.233266 -0.177556 
0.452 0.232451 -0.177438 
0.453 0.231636 -0.177319 
0.454 0.230821 -0.177199 
0.455 0.230006 -0.177077 
0.456 0.229192 -0.176954 
0.457 0.228377 -0.176829 
0.458 0.227563 -0.176702 
0.459 0.226749 -0.176575 
0.46 0.225936 -0.176445 
0.461 0.225123 -0.176315 
0.462 0.224309 -0.176183 
0.463 0.223497 -0.176049 
0.464 0.222684 -0.175914 
0.465 0.221872 -0.175777 
0.466 0.221059 -0.17564 
0.467 0.220247 -0.1755 
0.468 0.219436 -0.175359 
0.469 0.218624 -0.175217 
0.47 0.217813 -0.175074 
0.471 0.217002 -0.174929 
0.472 0.216192 -0.174782 
0.473 0.215381 -0.174634 
0.474 0.214571 -0.174485 
0.475 0.213761 -0.174334 
0.476 0.212952 -0.174182 
0.477 0.212142 -0.174029 
0.478 0.211333 -0.173874 
0.479 0.210524 -0.173718 
0.48 0.209716 -0.17356 
0.481 0.208907 -0.173401 
0.482 0.208099 -0.173241 
0.483 0.207292 -0.173079 
0.484 0.206484 -0.172916 
0.485 0.205677 -0.172751 
0.486 0.20487 -0.172585 
0.487 0.204063 -0.172418 
0.488 0.203257 -0.17225 
0.489 0.202451 -0.17208 
0.49 0.201645 -0.171908 
0.491 0.20084 -0.171736 
0.492 0.200035 -0.171562 
0.493 0.19923 -0.171386 
0.494 0.198425 -0.171209 
0.495 0.197621 -0.171031 
0.496 0.196817 -0.170852 
0.497 0.196013 -0.170671 
0.498 0.19521 -0.170489 
0.499 0.194407 -0.170306 
0.5 0.193604 -0.170121 
0.501 0.192801 -0.169935 
0.502 0.191999 -0.169748 
0.503 0.191197 -0.169559 
0.504 0.190396 -0.169369 
0.505 0.189594 -0.169178 
0.506 0.188793 -0.168985 
0.507 0.187993 -0.168791 
0.508 0.187193 -0.168596 
0.509 0.186393 -0.168399 
0.51 0.185593 -0.168201 
0.511 0.184794 -0.168002 
0.512 0.183995 -0.167802 
0.513 0.183196 -0.1676 
0.514 0.182398 -0.167397 
0.515 0.181599 -0.167192 
0.516 0.180802 -0.166987 
0.517 0.180004 -0.16678 
0.518 0.179207 -0.166572 
0.519 0.178411 -0.166362 
0.52 0.177614 -0.166152 
0.521 0.176818 -0.165939 
0.522 0.176023 -0.165726 
0.523 0.175227 -0.165512 
0.524 0.174432 -0.165296 
0.525 0.173638 -0.165079 
0.526 0.172843 -0.16486 
0.527 0.172049 -0.164641 
0.528 0.171256 -0.16442 
0.529 0.170462 -0.164198 
0.53 0.16967 -0.163974 
0.531 0.168877 -0.163749 
0.532 0.168085 -0.163524 
0.533 0.167293 -0.163296 
0.534 0.166501 -0.163068 
0.535 0.16571 -0.162838 
0.536 0.16492 -0.162607 
0.537 0.164129 -0.162375 
0.538 0.163339 -0.162142 
0.539 0.16255 -0.161907 
0.54 0.16176 -0.161671 
0.541 0.160971 -0.161434 
0.542 0.160183 -0.161196 
0.543 0.159395 -0.160956 
0.544 0.158607 -0.160715 
0.545 0.157819 -0.160473 
0.546 0.157032 -0.16023 
0.547 0.156246 -0.159985 
0.548 0.155459 -0.15974 
0.549 0.154674 -0.159493 
0.55 0.153888 -0.159244 
0.551 0.153103 -0.158995 
0.552 0.152318 -0.158744 
0.553 0.151534 -0.158493 
0.554 0.15075 -0.158239 
0.555 0.149966 -0.157985 
0.556 0.149183 -0.15773 
0.557 0.148401 -0.157473 
0.558 0.147618 -0.157215 
0.559 0.146836 -0.156956 
0.56 0.146055 -0.156696 
0.561 0.145273 -0.156434 
0.562 0.144493 -0.156171 
0.563 0.143712 -0.155907 
0.564 0.142932 -0.155642 
0.565 0.142153 -0.155376 
0.566 0.141374 -0.155108 
0.567 0.140595 -0.15484 
0.568 0.139817 -0.15457 
0.569 0.139039 -0.154298 
0.57 0.138261 -0.154026 
0.571 0.137484 -0.153753 
0.572 0.136708 -0.153478 
0.573 0.135932 -0.153202 
0.574 0.135156 -0.152925 
0.575 0.13438 -0.152646 
0.576 0.133606 -0.152367 
0.577 0.132831 -0.152086 
0.578 0.132057 -0.151804 
0.579 0.131283 -0.151521 
0.58 0.13051 -0.151237 
0.581 0.129738 -0.150952 
0.582 0.128965 -0.150665 
0.583 0.128193 -0.150377 
0.584 0.127422 -0.150088 
0.585 0.126651 -0.149798 
0.586 0.12588 -0.149507 
0.587 0.12511 -0.149214 
0.588 0.124341 -0.14892 
0.589 0.123572 -0.148625 
0.59 0.122803 -0.148329 
0.591 0.122035 -0.148032 
0.592 0.121267 -0.147734 
0.593 0.120499 -0.147434 
0.594 0.119732 -0.147133 
0.595 0.118966 -0.146831 
0.596 0.1182 -0.146528 
0.597 0.117435 -0.146224 
0.598 0.116669 -0.145918 
0.599 0.115905 -0.145611 
0.6 0.115141 -0.145304 
0.601 0.114377 -0.144995 
0.602 0.113614 -0.144684 
0.603 0.112851 -0.144373 
0.604 0.112089 -0.14406 
0.605 0.111327 -0.143747 
0.606 0.110566 -0.143432 
0.607 0.109806 -0.143116 
0.608 0.109045 -0.142799 
0.609 0.108286 -0.14248 
0.61 0.107526 -0.142161 
0.611 0.106768 -0.14184 
0.612 0.106009 -0.141518 
0.613 0.105251 -0.141195 
0.614 0.104494 -0.140871 
0.615 0.103737 -0.140545 
0.616 0.102981 -0.140219 
0.617 0.102225 -0.139891 
0.618 0.10147 -0.139562 
0.619 0.100715 -0.139232 
0.62 0.0999612 -0.1389 
0.621 0.0992074 -0.138568 
0.622 0.0984542 -0.138234 
0.623 0.0977016 -0.1379 
0.624 0.0969494 -0.137564 
0.625 0.0961978 -0.137226 
0.626 0.0954467 -0.136888 
0.627 0.0946961 -0.136549 
0.628 0.0939461 -0.136208 
0.629 0.0931966 -0.135866 
0.63 0.0924476 -0.135523 
0.631 0.0916992 -0.135179 
0.632 0.0909513 -0.134834 
0.633 0.0902039 -0.134487 
0.634 0.0894571 -0.134139 
0.635 0.0887109 -0.13379 
0.636 0.0879652 -0.13344 
0.637 0.08722 -0.133089 
0.638 0.0864754 -0.132737 
0.639 0.0857314 -0.132383 
0.64 0.0849879 -0.132028 
0.641 0.084245 -0.131672 
0.642 0.0835027 -0.131315 
0.643 0.0827609 -0.130957 
0.644 0.0820197 -0.130597 
0.645 0.081279 -0.130237 
0.646 0.080539 -0.129875 
0.647 0.0797995 -0.129512 
0.648 0.0790606 -0.129148 
0.649 0.0783223 -0.128782 
0.65 0.0775846 -0.128416 
0.651 0.0768475 -0.128048 
0.652 0.0761109 -0.127679 
0.653 0.075375 -0.127309 
0.654 0.0746397 -0.126938 
0.655 0.0739049 -0.126565 
0.656 0.0731708 -0.126191 
0.657 0.0724373 -0.125816 
0.658 0.0717044 -0.12544 
0.659 0.0709721 -0.125063 
0.66 0.0702404 -0.124685 
0.661 0.0695093 -0.124305 
0.662 0.0687789 -0.123924 
0.663 0.0680491 -0.123542 
0.664 0.0673199 -0.123159 
0.665 0.0665913 -0.122774 
0.666 0.0658634 -0.122388 
0.667 0.0651362 -0.122001 
0.668 0.0644095 -0.121613 
0.669 0.0636835 -0.121224 
0.67 0.0629582 -0.120834 
0.671 0.0622335 -0.120442 
0.672 0.0615095 -0.120049 
0.673 0.0607862 -0.119655 
0.674 0.0600635 -0.119259 
0.675 0.0593414 -0.118863 
0.676 0.0586201 -0.118465 
0.677 0.0578994 -0.118066 
0.678 0.0571794 -0.117666 
0.679 0.0564601 -0.117264 
0.68 0.0557414 -0.116861 
0.681 0.0550235 -0.116457 
0.682 0.0543062 -0.116052 
0.683 0.0535897 -0.115646 
0.684 0.0528738 -0.115238 
0.685 0.0521587 -0.114829 
0.686 0.0514443 -0.114419 
0.687 0.0507305 -0.114008 
0.688 0.0500175 -0.113595 
0.689 0.0493052 -0.113181 
0.69 0.0485937 -0.112766 
0.691 0.0478829 -0.11235 
0.692 0.0471728 -0.111932 
0.693 0.0464634 -0.111514 
0.694 0.0457548 -0.111093 
0.695 0.045047 -0.110672 
0.696 0.0443399 -0.110249 
0.697 0.0436335 -0.109826 
0.698 0.0429279 -0.1094 
0.699 0.0422231 -0.108974 
0.7 0.0415191 -0.108546 
0.701 0.0408158 -0.108117 
0.702 0.0401133 -0.107687 
0.703 0.0394116 -0.107255 
0.704 0.0387107 -0.106823 
0.705 0.0380106 -0.106389 
0.706 0.0373113 -0.105953 
0.707 0.0366128 -0.105516 
0.708 0.0359151 -0.105078 
0.709 0.0352183 -0.104639 
0.71 0.0345222 -0.104198 
0.711 0.033827 -0.103757 
0.712 0.0331326 -0.103313 
0.713 0.0324391 -0.102869 
0.714 0.0317464 -0.102423 
0.715 0.0310546 -0.101976 
0.716 0.0303636 -0.101527 
0.717 0.0296735 -0.101077 
0.718 0.0289843 -0.100626 
0.719 0.0282959 -0.100174 
0.72 0.0276084 -0.0997198 
0.721 0.0269218 -0.0992646 
0.722 0.0262361 -0.0988081 
0.723 0.0255513 -0.0983502 
0.724 0.0248674 -0.0978909 
0.725 0.0241845 -0.0974303 
0.726 0.0235024 -0.0969683 
0.727 0.0228213 -0.096505 
0.728 0.0221411 -0.0960402 
0.729 0.0214619 -0.0955741 
0.73 0.0207836 -0.0951066 
0.731 0.0201063 -0.0946378 
0.732 0.0194299 -0.0941675 
0.733 0.0187546 -0.0936958 
0.734 0.0180802 -0.0932228 
0.735 0.0174068 -0.0927483 
0.736 0.0167343 -0.0922724 
0.737 0.0160629 -0.0917951 
0.738 0.0153925 -0.0913163 
0.739 0.0147232 -0.0908362 
0.74 0.0140548 -0.0903546 
0.741 0.0133875 -0.0898715 
0.742 0.0127213 -0.0893871 
0.743 0.0120561 -0.0889011 
0.744 0.011392 -0.0884137 
0.745 0.0107289 -0.0879249 
0.746 0.0100669 -0.0874346 
0.747 0.00940607 -0.0869428 
0.748 0.00874631 -0.0864495 
0.749 0.00808766 -0.0859547 
0.75 0.00743013 -0.0854585 
0.751 0.00677374 -0.0849607 
0.752 0.0061185 -0.0844614 
0.753 0.00546441 -0.0839607 
0.754 0.00481149 -0.0834584 
0.755 0.00415974 -0.0829545 
0.756 0.00350919 -0.0824492 
0.757 0.00285983 -0.0819423 
0.758 0.00221169 -0.0814338 
0.759 0.00156478 -0.0809238 
0.76 0.000919095 -0.0804122 
0.761 0.000274663 -0.0798991 
0.762 -0.000368508 -0.0793843 
0.763 -0.0010104 -0.078868 
0.764 -0.00165101 -0.0783501 
0.765 -0.00229032 -0.0778306 
0.766 -0.00292832 -0.0773095 
0.767 -0.00356499 -0.0767867 
0.768 -0.00420031 -0.0762623 
0.769 -0.00483428 -0.0757363 
0.77 -0.00546688 -0.0752087 
0.771 -0.0060981 -0.0746793 
0.772 -0.00672791 -0.0741483 
0.773 -0.0073563 -0.0736157 
0.774 -0.00798327 -0.0730813 
0.775 -0.00860878 -0.0725453 
0.776 -0.00923283 -0.0720075 
0.777 -0.00985539 -0.0714681 
0.778 -0.0104765 -0.0709269 
0.779 -0.011096 -0.0703839 
0.78 -0.011714 -0.0698393 
0.781 -0.0123305 -0.0692928 
0.782 -0.0129454 -0.0687446 
0.783 -0.0135587 -0.0681946 
0.784 -0.0141703 -0.0676428 
0.785 -0.0147804 -0.0670893 
0.786 -0.0153888 -0.0665339 
0.787 -0.0159955 -0.0659766 
0.788 -0.0166005 -0.0654176 
0.789 -0.0172038 -0.0648566 
0.79 -0.0178054 -0.0642939 
0.791 -0.0184052 -0.0637292 
0.792 -0.0190032 -0.0631626 
0.793 -0.0195994 -0.0625942 
0.794 -0.0201938 -0.0620238 
0.795 -0.0207863 -0.0614514 
0.796 -0.0213769 -0.0608772 
0.797 -0.0219656 -0.0603009 
0.798 -0.0225523 -0.0597227 
0.799 -0.0231371 -0.0591425 
0.8 -0.0237199 -0.0585603 
0.801 -0.0243006 -0.057976 
0.802 -0.0248793 -0.0573897 
0.803 -0.0254559 -0.0568014 
0.804 -0.0260304 -0.0562109 
0.805 -0.0266027 -0.0556184 
0.806 -0.0271728 -0.0550238 
0.807 -0.0277407 -0.054427 
0.808 -0.0283063 -0.0538281 
0.809 -0.0288696 -0.053227 
0.81 -0.0294306 -0.0526238 
0.811 -0.0299892 -0.0520183 
0.812 -0.0305453 -0.0514106 
0.813 -0.031099 -0.0508007 
0.814 -0.0316502 -0.0501884 
0.815 -0.0321989 -0.049574 
0.816 -0.0327449 -0.0489572 
0.817 -0.0332883 -0.048338 
0.818 -0.033829 -0.0477165 
0.819 -0.034367 -0.0470927 
0.82 -0.0349022 -0.0464664 
0.821 -0.0354345 -0.0458377 
0.822 -0.0359639 -0.0452066 
0.823 -0.0364904 -0.044573 
0.824 -0.0370138 -0.0439369 
0.825 -0.0375342 -0.0432983 
0.826 -0.0380514 -0.0426571 
0.827 -0.0385654 -0.0420133 
0.828 -0.0390761 -0.041367 
0.829 -0.0395835 -0.040718 
0.83 -0.0400874 -0.0400663 
0.831 -0.0405879 -0.039412 
0.832 -0.0410847 -0.0387549 
0.833 -0.0415779 -0.0380951 
0.834 -0.0420674 -0.0374325 
0.835 -0.042553 -0.036767 
0.836 -0.0430347 -0.0360988 
0.837 -0.0435124 -0.0354276 
0.838 -0.043986 -0.0347536 
0.839 -0.0444553 -0.0340765 
0.84 -0.0449203 -0.0333966 
0.841 -0.0453809 -0.0327135 
0.842 -0.0458369 -0.0320275 
0.843 -0.0462882 -0.0313383 
0.844 -0.0467347 -0.0306461 
0.845 -0.0471763 -0.0299506 
0.846 -0.0476128 -0.029252 
0.847 -0.048044 -0.0285501 
0.848 -0.0484699 -0.027845 
0.849 -0.0488903 -0.0271365 
0.85 -0.0493049 -0.0264247 
0.851 -0.0497137 -0.0257095 
0.852 -0.0501164 -0.0249908 
0.853 -0.0505128 -0.0242687 
0.854 -0.0509028 -0.0235431 
0.855 -0.0512862 -0.0228139 
0.856 -0.0516626 -0.0220812 
0.857 -0.0520319 -0.0213448 
0.858 -0.0523938 -0.0206048 
0.859 -0.0527481 -0.0198611 
0.86 -0.0530944 -0.0191136 
0.861 -0.0534326 -0.0183625 
0.862 -0.0537623 -0.0176075 
0.863 -0.0540831 -0.0168488 
0.864 -0.0543947 -0.0160862 
0.865 -0.0546968 -0.0153198 
0.866 -0.054989 -0.0145496 
0.867 -0.0552708 -0.0137755 
0.868 -0.0555419 -0.0129976 
0.869 -0.0558018 -0.0122159 
0.87 -0.0560499 -0.0114303 
0.871 -0.0562859 -0.0106411 
0.872 -0.0565091 -0.0098481 
0.873 -0.0567189 -0.00905149 
0.874 -0.0569148 -0.00825134 
0.875 -0.0570962 -0.00744776 
0.876 -0.0572622 -0.00664088 
0.877 -0.0574123 -0.00583088 
0.878 -0.0575455 -0.00501795 
0.879 -0.0576612 -0.00420233 
0.88 -0.0577585 -0.00338431 
0.881 -0.0578365 -0.00256422 
0.882 -0.0578941 -0.00174246 
0.883 -0.0579306 -0.000919484 
0.884 -0.0579448 -9.58253e-05 
0.885 -0.0579357 0.000727904 
0.886 -0.0579022 0.001551 
0.887 -0.0578432 0.00237267 
0.888 -0.0577577 0.00319199 
0.889 -0.0576445 0.00400795 
0.89 -0.0575027 0.00481942 
0.891 -0.0573311 0.00562512 
0.892 -0.0571288 0.00642367 
0.893 -0.0568951 0.00721358 
0.894 -0.0566292 0.00799323 
0.895 -0.0563305 0.00876094 
0.896 -0.0559987 0.00951492 
0.897 -0.0556337 0.0102534 
0.898 -0.0552355 0.0109745 
0.899 -0.0548044 0.0116765 
0.9 -0.0543412 0.0123576 
0.901 -0.0538465 0.0130163 
0.902 -0.0533215 0.013651 
0.903 -0.0527674 0.0142606 
0.904 -0.0521857 0.0148439 
0.905 -0.0515781 0.0154 
0.906 -0.0509461 0.0159284 
0.907 -0.0502916 0.0164286 
0.908 -0.0496163 0.0169004 
0.909 -0.0489221 0.0173437 
0.91 -0.0482106 0.0177588 
0.911 -0.0474834 0.018146 
0.912 -0.0467424 0.0185056 
0.913 -0.0459888 0.0188383 
0.914 -0.0452241 0.0191447 
0.915 -0.0444496 0.0194253 
0.916 -0.0436665 0.019681 
0.917 -0.042876 0.0199125 
0.918 -0.0420789 0.0201205 
0.919 -0.0412762 0.0203058 
0.92 -0.0404688 0.0204692 
0.921 -0.0396574 0.0206113 
0.922 -0.0388427 0.0207329 
0.923 -0.0380252 0.0208347 
0.924 -0.0372056 0.0209174 
0.925 -0.0363843 0.0209816 
0.926 -0.0355619 0.0210278 
0.927 -0.0347386 0.0210568 
0.928 -0.0339149 0.021069 
0.929 -0.0330912 0.021065 
0.93 -0.0322676 0.0210452 
0.931 -0.0314446 0.0210102 
0.932 -0.0306223 0.0209603 
0.933 -0.0298011 0.020896 
0.934 -0.028981 0.0208178 
0.935 -0.0281624 0.0207258 
0.936 -0.0273454 0.0206206 
0.937 -0.0265301 0.0205024 
0.938 -0.0257168 0.0203715 
0.939 -0.0249056 0.0202283 
0.94 -0.0240966 0.0200729 
0.941 -0.02329 0.0199056 
0.942 -0.0224859 0.0197266 
0.943 -0.0216844 0.0195363 
0.944 -0.0208857 0.0193346 
0.945 -0.0200899 0.0191219 
0.946 -0.019297 0.0188983 
0.947 -0.0185073 0.0186639 
0.948 -0.0177208 0.0184188 
0.949 -0.0169377 0.0181633 
0.95 -0.0161581 0.0178973 
0.951 -0.015382 0.017621 
0.952 -0.0146097 0.0173344 
0.953 -0.0138412 0.0170376 
0.954 -0.0130768 0.0167307 
0.955 -0.0123164 0.0164137 
0.956 -0.0115604 0.0160865 
0.957 -0.0108088 0.0157493 
0.958 -0.0100619 0.0154019 
0.959 -0.00931974 0.0150444 
0.96 -0.00858261 0.0146766 
0.961 -0.00785069 0.0142986 
0.962 -0.00712423 0.0139102 
0.963 -0.00640346 0.0135113 
0.964 -0.00568868 0.0131019 
0.965 -0.00498018 0.0126816 
0.966 -0.0042783 0.0122503 
0.967 -0.00358342 0.0118079 
0.968 -0.00289597 0.011354 
0.969 -0.00221641 0.0108884 
0.97 -0.0015453 0.0104107 
0.971 -0.000883247 0.00992053 
0.972 -0.000230974 0.00941741 
0.973 0.000410688 0.00890083 
0.974 0.00104076 0.00837017 
0.975 0.00165808 0.00782474 
0.976 0.00226125 0.00726371 
0.977 0.00284857 0.0066861 
0.978 0.00341791 0.00609078 
0.979 0.00396661 0.00547639 
0.98 0.00449121 0.00484133 
0.981 0.00498716 0.00418366 
0.982 0.00544821 0.00350111 
0.983 0.00586555 0.00279105 
0.984 0.00622613 0.00205067 
0.985 0.00650983 0.00127777 
0.986 0.00668409 0.000473553 
0.987 0.00669608 -0.000348203 
0.988 0.00647323 -0.00113713 
0.989 0.00597531 -0.00178651 
0.99 0.00527149 -0.00220686 
0.991 0.00447436 -0.00240635 
0.992 0.00365218 -0.00243528 
0.993 0.00283525 -0.00233462 
0.994 0.00203792 -0.00212951 
0.995 0.00126984 -0.00183301 
0.996 0.000542006 -0.00144829 
0.997 -0.000124933 -0.000966289 
0.998 -0.000665321 -0.000349436 
0.999 -0.000488366 0.000281812 
