PARAMETRIC_CURVE_CARTESIAN_2D
Damped forced pendulum - phase space trajectories
t1: 0
t2: 1
NumPoints: 1000
0 0.2 0 
0.001001 0.199934 -0.0138121 
0.002002 0.199736 -0.0276229 
0.003003 0.199406 -0.0414311 
0.004004 0.198944 -0.0552355 
0.00500501 0.198348 -0.0690349 
0.00600601 0.19762 -0.0828279 
0.00700701 0.196757 -0.0966132 
0.00800801 0.195761 -0.110389 
0.00900901 0.19463 -0.124155 
0.01001 0.193364 -0.137909 
0.011011 0.191962 -0.15165 
0.012012 0.190424 -0.165377 
0.013013 0.188749 -0.179087 
0.014014 0.186936 -0.19278 
0.015015 0.184984 -0.206454 
0.016016 0.182893 -0.220107 
0.017017 0.18066 -0.233737 
0.018018 0.178284 -0.247344 
0.019019 0.175765 -0.260924 
0.02002 0.1731 -0.274477 
0.021021 0.170287 -0.288 
0.022022 0.167325 -0.301491 
0.023023 0.16421 -0.314948 
0.024024 0.16094 -0.328368 
0.025025 0.157512 -0.341748 
0.026026 0.153923 -0.355086 
0.027027 0.150167 -0.368378 
0.028028 0.146242 -0.381621 
0.029029 0.142141 -0.394811 
0.03003 0.137859 -0.407943 
0.031031 0.13339 -0.421013 
0.032032 0.128726 -0.434014 
0.033033 0.12386 -0.446941 
0.034034 0.11878 -0.459786 
0.035035 0.113477 -0.47254 
0.036036 0.107938 -0.485194 
0.037037 0.102149 -0.497735 
0.038038 0.0960928 -0.510149 
0.039039 0.0897512 -0.522421 
0.04004 0.0831014 -0.534528 
0.041041 0.0761175 -0.546445 
0.042042 0.0687689 -0.558142 
0.043043 0.0610193 -0.569576 
0.044044 0.0528264 -0.580697 
0.045045 0.0441395 -0.591438 
0.046046 0.0349 -0.601706 
0.047047 0.0250405 -0.61138 
0.048048 0.0144877 -0.620293 
0.049049 0.00317131 -0.628212 
0.0500501 -0.00895222 -0.634821 
0.0510511 -0.0218603 -0.639717 
0.0520521 -0.0353921 -0.642446 
0.0530531 -0.0491956 -0.64263 
0.0540541 -0.0627785 -0.640153 
0.0550551 -0.0756857 -0.635241 
0.0560561 -0.0876486 -0.628333 
0.0570571 -0.0985938 -0.619902 
0.0580581 -0.108568 -0.610341 
0.0590591 -0.117667 -0.599945 
0.0600601 -0.125995 -0.588921 
0.0610611 -0.13365 -0.57742 
0.0620621 -0.140717 -0.56555 
0.0630631 -0.147264 -0.553385 
0.0640641 -0.153354 -0.540985 
0.0650651 -0.159035 -0.528392 
0.0660661 -0.164348 -0.515641 
0.0670671 -0.16933 -0.502757 
0.0680681 -0.174008 -0.489759 
0.0690691 -0.178412 -0.476666 
0.0700701 -0.18256 -0.46349 
0.0710711 -0.186472 -0.450242 
0.0720721 -0.190166 -0.436932 
0.0730731 -0.193656 -0.423567 
0.0740741 -0.196954 -0.410154 
0.0750751 -0.200073 -0.396697 
0.0760761 -0.203021 -0.383203 
0.0770771 -0.205808 -0.369674 
0.0780781 -0.208443 -0.356115 
0.0790791 -0.210932 -0.342528 
0.0800801 -0.213282 -0.328917 
0.0810811 -0.2155 -0.315283 
0.0820821 -0.21759 -0.30163 
0.0830831 -0.219557 -0.287958 
0.0840841 -0.221406 -0.27427 
0.0850851 -0.223141 -0.260567 
0.0860861 -0.224766 -0.24685 
0.0870871 -0.226284 -0.233121 
0.0880881 -0.227699 -0.219381 
0.0890891 -0.229013 -0.205631 
0.0900901 -0.230229 -0.191873 
0.0910911 -0.231349 -0.178106 
0.0920921 -0.232376 -0.164332 
0.0930931 -0.233312 -0.150551 
0.0940941 -0.234159 -0.136764 
0.0950951 -0.234918 -0.122973 
0.0960961 -0.235591 -0.109177 
0.0970971 -0.23618 -0.0953773 
0.0980981 -0.236686 -0.0815742 
0.0990991 -0.23711 -0.0677684 
0.1001 -0.237454 -0.0539604 
0.101101 -0.237718 -0.0401506 
0.102102 -0.237904 -0.0263396 
0.103103 -0.238012 -0.0125277 
0.104104 -0.238043 0.00128452 
0.105105 -0.237998 0.0150967 
0.106106 -0.237878 0.0289083 
0.107107 -0.237682 0.0427192 
0.108108 -0.237411 0.0565287 
0.109109 -0.237067 0.0703366 
0.11011 -0.236648 0.0841425 
0.111111 -0.236155 0.097946 
0.112112 -0.235589 0.111747 
0.113113 -0.23495 0.125544 
0.114114 -0.234237 0.139338 
0.115115 -0.23345 0.153128 
0.116116 -0.23259 0.166913 
0.117117 -0.231656 0.180694 
0.118118 -0.230647 0.194469 
0.119119 -0.229565 0.208239 
0.12012 -0.228407 0.222003 
0.121121 -0.227174 0.23576 
0.122122 -0.225865 0.24951 
0.123123 -0.22448 0.263253 
0.124124 -0.223017 0.276988 
0.125125 -0.221477 0.290714 
0.126126 -0.219857 0.304431 
0.127127 -0.218157 0.318138 
0.128128 -0.216376 0.331835 
0.129129 -0.214513 0.345521 
0.13013 -0.212566 0.359196 
0.131131 -0.210533 0.372858 
0.132132 -0.208414 0.386507 
0.133133 -0.206207 0.400142 
0.134134 -0.203909 0.413762 
0.135135 -0.201518 0.427366 
0.136136 -0.199033 0.440953 
0.137137 -0.196451 0.454522 
0.138138 -0.193769 0.468072 
0.139139 -0.190985 0.481601 
0.14014 -0.188094 0.495108 
0.141141 -0.185095 0.508591 
0.142142 -0.181983 0.522048 
0.143143 -0.178754 0.535478 
0.144144 -0.175403 0.548878 
0.145145 -0.171925 0.562246 
0.146146 -0.168317 0.57558 
0.147147 -0.16457 0.588875 
0.148148 -0.160679 0.602128 
0.149149 -0.156637 0.615337 
0.15015 -0.152435 0.628496 
0.151151 -0.148064 0.641599 
0.152152 -0.143514 0.654641 
0.153153 -0.138774 0.667616 
0.154154 -0.133831 0.680515 
0.155155 -0.128668 0.693328 
0.156156 -0.123272 0.706044 
0.157157 -0.117621 0.71865 
0.158158 -0.111692 0.731127 
0.159159 -0.105462 0.743457 
0.16016 -0.0988977 0.755613 
0.161161 -0.0919634 0.767561 
0.162162 -0.0846181 0.779263 
0.163163 -0.0768085 0.790659 
0.164164 -0.0684767 0.801682 
0.165165 -0.0595492 0.812228 
0.166166 -0.0499453 0.822164 
0.167167 -0.039574 0.831296 
0.168168 -0.0283515 0.83936 
0.169169 -0.0162263 0.845992 
0.17017 -0.00324801 0.850732 
0.171171 0.0103577 0.853111 
0.172172 0.0241621 0.852816 
0.173173 0.0376542 0.849871 
0.174174 0.0504336 0.844623 
0.175175 0.0623065 0.837554 
0.176176 0.0732481 0.829113 
0.177177 0.0833212 0.819655 
0.178178 0.0926194 0.809433 
0.179179 0.101236 0.798631 
0.18018 0.109256 0.787381 
0.181181 0.116751 0.775775 
0.182182 0.123783 0.763883 
0.183183 0.130404 0.751758 
0.184184 0.136655 0.739438 
0.185185 0.142575 0.726956 
0.186186 0.148192 0.714336 
0.187187 0.153533 0.701596 
0.188188 0.158622 0.688754 
0.189189 0.163478 0.675822 
0.19019 0.168116 0.66281 
0.191191 0.172554 0.649729 
0.192192 0.176803 0.636585 
0.193193 0.180874 0.623385 
0.194194 0.18478 0.610136 
0.195195 0.188528 0.596841 
0.196196 0.192126 0.583505 
0.197197 0.195583 0.570131 
0.198198 0.198904 0.556723 
0.199199 0.202097 0.543284 
0.2002 0.205166 0.529817 
0.201201 0.208116 0.516322 
0.202202 0.210952 0.502804 
0.203203 0.213679 0.489263 
0.204204 0.216299 0.475701 
0.205205 0.218817 0.46212 
0.206206 0.221236 0.44852 
0.207207 0.223559 0.434904 
0.208208 0.225788 0.421273 
0.209209 0.227927 0.407627 
0.21021 0.229976 0.393967 
0.211211 0.23194 0.380295 
0.212212 0.23382 0.366611 
0.213213 0.235617 0.352916 
0.214214 0.237334 0.33921 
0.215215 0.238971 0.325495 
0.216216 0.240531 0.311771 
0.217217 0.242015 0.298039 
0.218218 0.243425 0.284298 
0.219219 0.244761 0.270551 
0.22022 0.246024 0.256796 
0.221221 0.247216 0.243035 
0.222222 0.248337 0.229268 
0.223223 0.249389 0.215496 
0.224224 0.250373 0.201719 
0.225225 0.251288 0.187937 
0.226226 0.252135 0.17415 
0.227227 0.252916 0.16036 
0.228228 0.253631 0.146566 
0.229229 0.25428 0.132769 
0.23023 0.254864 0.118969 
0.231231 0.255383 0.105167 
0.232232 0.255837 0.0913617 
0.233233 0.256227 0.0775549 
0.234234 0.256553 0.0637464 
0.235235 0.256815 0.0499366 
0.236236 0.257014 0.0361257 
0.237237 0.257148 0.0223141 
0.238238 0.257219 0.00850206 
0.239239 0.257227 -0.00531018 
0.24024 0.25717 -0.0191223 
0.241241 0.25705 -0.032934 
0.242242 0.256866 -0.046745 
0.243243 0.256618 -0.060555 
0.244244 0.256305 -0.0743637 
0.245245 0.255927 -0.0881708 
0.246246 0.255484 -0.101976 
0.247247 0.254976 -0.115779 
0.248248 0.254402 -0.129579 
0.249249 0.253761 -0.143377 
0.25025 0.253053 -0.157171 
0.251251 0.252277 -0.170961 
0.252252 0.251432 -0.184748 
0.253253 0.250518 -0.19853 
0.254254 0.249534 -0.212307 
0.255255 0.248479 -0.226079 
0.256256 0.247352 -0.239845 
0.257257 0.246152 -0.253605 
0.258258 0.244877 -0.267359 
0.259259 0.243527 -0.281105 
0.26026 0.242099 -0.294843 
0.261261 0.240593 -0.308573 
0.262262 0.239007 -0.322294 
0.263263 0.237338 -0.336006 
0.264264 0.235586 -0.349707 
0.265265 0.233749 -0.363396 
0.266266 0.231823 -0.377074 
0.267267 0.229807 -0.390738 
0.268268 0.227698 -0.404389 
0.269269 0.225493 -0.418024 
0.27027 0.223189 -0.431644 
0.271271 0.220784 -0.445245 
0.272272 0.218273 -0.458828 
0.273273 0.215653 -0.47239 
0.274274 0.212919 -0.485929 
0.275275 0.210067 -0.499444 
0.276276 0.207092 -0.512933 
0.277277 0.203988 -0.526392 
0.278278 0.200749 -0.53982 
0.279279 0.197369 -0.553213 
0.28028 0.19384 -0.566568 
0.281281 0.190152 -0.57988 
0.282282 0.186298 -0.593145 
0.283283 0.182267 -0.606357 
0.284284 0.178045 -0.619509 
0.285285 0.173621 -0.632595 
0.286286 0.168979 -0.645607 
0.287287 0.164101 -0.658531 
0.288288 0.158966 -0.671355 
0.289289 0.153551 -0.684065 
0.29029 0.147829 -0.696639 
0.291291 0.141764 -0.709052 
0.292292 0.135322 -0.721274 
0.293293 0.128451 -0.733261 
0.294294 0.121097 -0.744959 
0.295295 0.113194 -0.756294 
0.296296 0.104655 -0.767158 
0.297297 0.0953867 -0.777412 
0.298298 0.0852781 -0.786839 
0.299299 0.0742257 -0.79514 
0.3003 0.0621614 -0.801894 
0.301301 0.0491527 -0.806565 
0.302302 0.0354887 -0.808631 
0.303303 0.0216947 -0.80781 
0.304304 0.00834383 -0.804255 
0.305305 -0.0041857 -0.798445 
0.306306 -0.0157693 -0.79092 
0.307307 -0.0264294 -0.782137 
0.308308 -0.036255 -0.772427 
0.309309 -0.0453467 -0.762026 
0.31031 -0.0537978 -0.751098 
0.311311 -0.0616905 -0.73976 
0.312312 -0.0690927 -0.728097 
0.313313 -0.0760614 -0.716169 
0.314314 -0.0826441 -0.704024 
0.315315 -0.0888802 -0.691699 
0.316316 -0.0948029 -0.679219 
0.317317 -0.100441 -0.666609 
0.318318 -0.105817 -0.653884 
0.319319 -0.110953 -0.641061 
0.32032 -0.115866 -0.628152 
0.321321 -0.120572 -0.615165 
0.322322 -0.125085 -0.60211 
0.323323 -0.129415 -0.588993 
0.324324 -0.133574 -0.575821 
0.325325 -0.137572 -0.5626 
0.326326 -0.141416 -0.549332 
0.327327 -0.145113 -0.536024 
0.328328 -0.148672 -0.522677 
0.329329 -0.152096 -0.509296 
0.33033 -0.155393 -0.495882 
0.331331 -0.158567 -0.482439 
0.332332 -0.161622 -0.468969 
0.333333 -0.164563 -0.455473 
0.334334 -0.167393 -0.441953 
0.335335 -0.170115 -0.428411 
0.336336 -0.172733 -0.414849 
0.337337 -0.175249 -0.401268 
0.338338 -0.177667 -0.387668 
0.339339 -0.179987 -0.374052 
0.34034 -0.182213 -0.36042 
0.341341 -0.184346 -0.346773 
0.342342 -0.186389 -0.333113 
0.343343 -0.188342 -0.319439 
0.344344 -0.190207 -0.305753 
0.345345 -0.191985 -0.292055 
0.346346 -0.193678 -0.278347 
0.347347 -0.195287 -0.264629 
0.348348 -0.196812 -0.250901 
0.349349 -0.198254 -0.237164 
0.35035 -0.199615 -0.223419 
0.351351 -0.200894 -0.209666 
0.352352 -0.202092 -0.195905 
0.353353 -0.203209 -0.182138 
0.354354 -0.204247 -0.168365 
0.355355 -0.205204 -0.154586 
0.356356 -0.206081 -0.140801 
0.357357 -0.206878 -0.127012 
0.358358 -0.207595 -0.113218 
0.359359 -0.208232 -0.0994209 
0.36036 -0.208788 -0.0856198 
0.361361 -0.209263 -0.0718156 
0.362362 -0.209656 -0.0580089 
0.363363 -0.209968 -0.0442002 
0.364364 -0.210196 -0.0303898 
0.365365 -0.210341 -0.0165782 
0.366366 -0.2104 -0.00276612 
0.367367 -0.210375 0.0110461 
0.368368 -0.210262 0.0248578 
0.369369 -0.21006 0.0386685 
0.37037 -0.209769 0.0524777 
0.371371 -0.209387 0.0662846 
0.372372 -0.208911 0.0800886 
0.373373 -0.208339 0.0938891 
0.374374 -0.20767 0.107685 
0.375375 -0.2069 0.121476 
0.376376 -0.206028 0.135261 
0.377377 -0.20505 0.149038 
0.378378 -0.203963 0.162808 
0.379379 -0.202763 0.176568 
0.38038 -0.201447 0.190317 
0.381381 -0.200009 0.204055 
0.382382 -0.198445 0.217778 
0.383383 -0.19675 0.231486 
0.384384 -0.194918 0.245177 
0.385385 -0.192942 0.258847 
0.386386 -0.190814 0.272495 
0.387387 -0.188527 0.286117 
0.388388 -0.18607 0.299709 
0.389389 -0.183434 0.313268 
0.39039 -0.180606 0.326788 
0.391391 -0.177571 0.340264 
0.392392 -0.174315 0.353687 
0.393393 -0.170819 0.36705 
0.394394 -0.167061 0.380343 
0.395395 -0.163016 0.39355 
0.396396 -0.158653 0.406657 
0.397397 -0.153937 0.41964 
0.398398 -0.148823 0.432473 
0.399399 -0.143259 0.445117 
0.4004 -0.137177 0.457522 
0.401401 -0.130495 0.469614 
0.402402 -0.12311 0.481291 
0.403403 -0.114892 0.492397 
0.404404 -0.105687 0.5027 
0.405405 -0.0953298 0.511844 
0.406406 -0.0836984 0.519294 
0.407407 -0.0708517 0.524354 
0.408408 -0.0571981 0.52637 
0.409409 -0.0434523 0.525138 
0.41041 -0.0302681 0.521047 
0.411411 -0.0179722 0.514765 
0.412412 -0.0066182 0.506905 
0.413413 0.00386533 0.497915 
0.414414 0.013583 0.488102 
0.415415 0.0226365 0.477672 
0.416416 0.0311122 0.466766 
0.417417 0.0390816 0.455485 
0.418418 0.0466029 0.4439 
0.419419 0.0537235 0.432065 
0.42042 0.0604821 0.420019 
0.421421 0.0669104 0.407794 
0.422422 0.0730342 0.395413 
0.423423 0.0788751 0.382896 
0.424424 0.0844509 0.370259 
0.425425 0.0897765 0.357515 
0.426426 0.0948639 0.344674 
0.427427 0.0997235 0.331744 
0.428428 0.104363 0.318735 
0.429429 0.108791 0.305651 
0.43043 0.113011 0.292499 
0.431431 0.117028 0.279284 
0.432432 0.120846 0.266009 
0.433433 0.124467 0.25268 
0.434434 0.127893 0.2393 
0.435435 0.131126 0.225871 
0.436436 0.134167 0.212397 
0.437437 0.137015 0.198882 
0.438438 0.139672 0.185328 
0.439439 0.142138 0.171737 
0.44044 0.144411 0.158113 
0.441441 0.146493 0.144459 
0.442442 0.148383 0.130776 
0.443443 0.15008 0.117069 
0.444444 0.151586 0.103339 
0.445445 0.152901 0.0895893 
0.446446 0.154024 0.0758228 
0.447447 0.154957 0.0620421 
0.448448 0.1557 0.0482499 
0.449449 0.156255 0.0344488 
0.45045 0.156622 0.0206415 
0.451451 0.156805 0.00683055 
0.452452 0.156804 -0.00698158 
0.453453 0.156622 -0.0207925 
0.454454 0.15626 -0.0345999 
0.455455 0.155721 -0.0484015 
0.456456 0.155006 -0.0621952 
0.457457 0.154119 -0.0759788 
0.458458 0.153061 -0.0897505 
0.459459 0.151834 -0.103508 
0.46046 0.150441 -0.11725 
0.461461 0.148882 -0.130974 
0.462462 0.14716 -0.144678 
0.463463 0.145276 -0.158361 
0.464464 0.14323 -0.172021 
0.465465 0.141024 -0.185656 
0.466466 0.138658 -0.199264 
0.467467 0.136131 -0.212843 
0.468468 0.133442 -0.226392 
0.469469 0.130592 -0.239907 
0.47047 0.127579 -0.253386 
0.471471 0.124399 -0.266828 
0.472472 0.121051 -0.280228 
0.473473 0.117531 -0.293584 
0.474474 0.113835 -0.306893 
0.475475 0.109958 -0.32015 
0.476476 0.105892 -0.333351 
0.477477 0.101632 -0.34649 
0.478478 0.0971682 -0.359561 
0.479479 0.0924902 -0.372557 
0.48048 0.0875862 -0.38547 
0.481481 0.0824418 -0.398289 
0.482482 0.0770401 -0.411002 
0.483483 0.071361 -0.423593 
0.484484 0.0653803 -0.436044 
0.485485 0.059069 -0.44833 
0.486486 0.052392 -0.460422 
0.487487 0.045306 -0.472279 
0.488488 0.0377581 -0.483847 
0.489489 0.0296824 -0.495053 
0.49049 0.0209966 -0.505793 
0.491491 0.0115996 -0.515916 
0.492492 0.00137065 -0.525196 
0.493493 -0.00981693 -0.533288 
0.494494 -0.0220539 -0.539673 
0.495495 -0.0352702 -0.543637 
0.496496 -0.0490414 -0.544438 
0.497497 -0.0625774 -0.541765 
0.498498 -0.0751357 -0.53603 
0.499499 -0.0863954 -0.528031 
0.500501 -0.0963839 -0.518488 
0.501502 -0.105264 -0.507905 
0.502503 -0.113211 -0.496604 
0.503504 -0.120378 -0.484792 
0.504505 -0.126887 -0.472607 
0.505506 -0.132835 -0.460138 
0.506507 -0.138298 -0.447451 
0.507508 -0.143338 -0.434588 
0.508509 -0.148004 -0.421587 
0.50951 -0.152336 -0.40847 
0.510511 -0.156368 -0.395258 
0.511512 -0.160127 -0.381965 
0.512513 -0.163636 -0.368605 
0.513514 -0.166917 -0.355188 
0.514515 -0.169985 -0.341719 
0.515516 -0.172855 -0.328208 
0.516517 -0.175541 -0.314659 
0.517518 -0.178054 -0.301076 
0.518519 -0.180403 -0.287465 
0.51952 -0.182597 -0.273828 
0.520521 -0.184645 -0.260168 
0.521522 -0.186552 -0.246487 
0.522523 -0.188325 -0.232789 
0.523524 -0.189971 -0.219075 
0.524525 -0.191493 -0.205347 
0.525526 -0.192896 -0.191606 
0.526527 -0.194184 -0.177853 
0.527528 -0.195362 -0.164091 
0.528529 -0.196432 -0.15032 
0.52953 -0.197397 -0.136542 
0.530531 -0.19826 -0.122756 
0.531532 -0.199024 -0.108965 
0.532533 -0.199691 -0.0951689 
0.533534 -0.200262 -0.0813684 
0.534535 -0.200741 -0.0675644 
0.535536 -0.201128 -0.0537574 
0.536537 -0.201424 -0.0399483 
0.537538 -0.201632 -0.0261376 
0.538539 -0.201752 -0.0123259 
0.53954 -0.201786 0.00148634 
0.540541 -0.201734 0.0152985 
0.541542 -0.201597 0.02911 
0.542543 -0.201377 0.0429204 
0.543544 -0.201072 0.0567293 
0.544545 -0.200684 0.0705361 
0.545546 -0.200213 0.0843403 
0.546547 -0.19966 0.0981414 
0.547548 -0.199024 0.111939 
0.548549 -0.198305 0.125733 
0.54955 -0.197503 0.139522 
0.550551 -0.196619 0.153305 
0.551552 -0.195651 0.167084 
0.552553 -0.194599 0.180856 
0.553554 -0.193464 0.194622 
0.554555 -0.192243 0.20838 
0.555556 -0.190936 0.22213 
0.556557 -0.189543 0.235872 
0.557558 -0.188061 0.249605 
0.558559 -0.186491 0.263328 
0.55956 -0.184831 0.27704 
0.560561 -0.183079 0.290741 
0.561562 -0.181233 0.304429 
0.562563 -0.179292 0.318104 
0.563564 -0.177253 0.331766 
0.564565 -0.175114 0.345411 
0.565566 -0.172874 0.359041 
0.566567 -0.170529 0.372653 
0.567568 -0.168075 0.386246 
0.568569 -0.16551 0.399818 
0.56957 -0.16283 0.413368 
0.570571 -0.160031 0.426894 
0.571572 -0.157109 0.440394 
0.572573 -0.154058 0.453866 
0.573574 -0.150872 0.467306 
0.574575 -0.147547 0.480713 
0.575576 -0.144074 0.494082 
0.576577 -0.140447 0.50741 
0.577578 -0.136655 0.520692 
0.578579 -0.132691 0.533925 
0.57958 -0.128543 0.5471 
0.580581 -0.124197 0.560212 
0.581582 -0.11964 0.573252 
0.582583 -0.114856 0.586211 
0.583584 -0.109823 0.599075 
0.584585 -0.104522 0.611831 
0.585586 -0.0989235 0.624461 
0.586587 -0.0929964 0.636938 
0.587588 -0.0867045 0.649238 
0.588589 -0.0799993 0.661316 
0.58959 -0.0728267 0.673124 
0.590591 -0.0651156 0.684587 
0.591592 -0.0567823 0.695609 
0.592593 -0.0477206 0.706039 
0.593594 -0.0378089 0.715667 
0.594595 -0.0269151 0.724169 
0.595596 -0.0149425 0.731066 
0.596597 -0.00194096 0.735717 
0.597598 0.0117505 0.737452 
0.598599 0.0254664 0.735937 
0.5996 0.038519 0.731435 
0.600601 0.0505229 0.724599 
0.601602 0.0614107 0.716094 
0.602603 0.0712767 0.706422 
0.603604 0.0802562 0.69592 
0.604605 0.0884791 0.684817 
0.605606 0.0960572 0.673265 
0.606607 0.103079 0.661367 
0.607608 0.10962 0.649199 
0.608609 0.115737 0.636813 
0.60961 0.12148 0.624248 
0.610611 0.126888 0.611537 
0.611612 0.131994 0.598701 
0.612613 0.136827 0.585761 
0.613614 0.141409 0.57273 
0.614615 0.145761 0.559619 
0.615616 0.1499 0.546441 
0.616617 0.153841 0.533202 
0.617618 0.157596 0.519909 
0.618619 0.161179 0.506569 
0.61962 0.164599 0.493186 
0.620621 0.167864 0.479764 
0.621622 0.170982 0.466308 
0.622623 0.173962 0.45282 
0.623624 0.17681 0.439304 
0.624625 0.17953 0.425761 
0.625626 0.182128 0.412195 
0.626627 0.18461 0.398607 
0.627628 0.186979 0.384999 
0.628629 0.189239 0.371373 
0.62963 0.191395 0.357729 
0.630631 0.193448 0.34407 
0.631632 0.195403 0.330397 
0.632633 0.197261 0.31671 
0.633634 0.199026 0.30301 
0.634635 0.200699 0.2893 
0.635636 0.202283 0.275578 
0.636637 0.20378 0.261847 
0.637638 0.205191 0.248107 
0.638639 0.206518 0.234359 
0.63964 0.207762 0.220602 
0.640641 0.208926 0.206839 
0.641642 0.210009 0.193069 
0.642643 0.211014 0.179293 
0.643644 0.21194 0.165512 
0.644645 0.21279 0.151726 
0.645646 0.213563 0.137935 
0.646647 0.214261 0.12414 
0.647648 0.214884 0.110342 
0.648649 0.215432 0.0965407 
0.64965 0.215907 0.0827365 
0.650651 0.216308 0.06893 
0.651652 0.216636 0.0551216 
0.652653 0.21689 0.0413117 
0.653654 0.217072 0.0275005 
0.654655 0.217181 0.0136887 
0.655656 0.217217 -0.000123521 
0.656657 0.21718 -0.0139357 
0.657658 0.217069 -0.0277475 
0.658659 0.216885 -0.0415584 
0.65966 0.216627 -0.0553682 
0.660661 0.216296 -0.0691765 
0.661662 0.215889 -0.0829827 
0.662663 0.215407 -0.0967866 
0.663664 0.214849 -0.110588 
0.664665 0.214214 -0.124385 
0.665666 0.213501 -0.138179 
0.666667 0.21271 -0.151969 
0.667668 0.21184 -0.165754 
0.668669 0.210888 -0.179533 
0.66967 0.209854 -0.193307 
0.670671 0.208736 -0.207074 
0.671672 0.207534 -0.220834 
0.672673 0.206244 -0.234586 
0.673674 0.204865 -0.248329 
0.674675 0.203395 -0.262063 
0.675676 0.201832 -0.275787 
0.676677 0.200174 -0.289499 
0.677678 0.198417 -0.303199 
0.678679 0.196558 -0.316886 
0.67968 0.194595 -0.330558 
0.680681 0.192523 -0.344215 
0.681682 0.190339 -0.357854 
0.682683 0.188039 -0.371473 
0.683684 0.185617 -0.385072 
0.684685 0.183068 -0.398647 
0.685686 0.180387 -0.412198 
0.686687 0.177567 -0.425719 
0.687688 0.174601 -0.43921 
0.688689 0.17148 -0.452666 
0.68969 0.168194 -0.466082 
0.690691 0.164735 -0.479455 
0.691692 0.16109 -0.492779 
0.692693 0.157244 -0.506046 
0.693694 0.153183 -0.519249 
0.694695 0.148888 -0.532378 
0.695696 0.144338 -0.545421 
0.696697 0.139508 -0.558363 
0.697698 0.134368 -0.571186 
0.698699 0.128881 -0.583864 
0.6997 0.123004 -0.596368 
0.700701 0.116683 -0.608653 
0.701702 0.109851 -0.620662 
0.702703 0.102424 -0.632313 
0.703704 0.0942925 -0.643486 
0.704705 0.0853265 -0.654001 
0.705706 0.0753649 -0.663584 
0.706707 0.064246 -0.671793 
0.707708 0.0518914 -0.677981 
0.708709 0.0384904 -0.681331 
0.70971 0.0246821 -0.681219 
0.710711 0.0113254 -0.677715 
0.711712 -0.00101226 -0.671511 
0.712713 -0.0121889 -0.663403 
0.713714 -0.0222959 -0.65399 
0.714715 -0.0314803 -0.643673 
0.715716 -0.0398846 -0.63271 
0.716717 -0.0476283 -0.62127 
0.717718 -0.0548086 -0.609469 
0.718719 -0.0615014 -0.597385 
0.71972 -0.0677688 -0.585075 
0.720721 -0.0736604 -0.572581 
0.721722 -0.0792167 -0.559935 
0.722723 -0.0844712 -0.54716 
0.723724 -0.0894518 -0.534276 
0.724725 -0.0941817 -0.521298 
0.725726 -0.0986813 -0.508239 
0.726727 -0.102967 -0.495108 
0.727728 -0.107054 -0.481913 
0.728729 -0.110955 -0.468663 
0.72973 -0.114681 -0.455362 
0.730731 -0.118242 -0.442016 
0.731732 -0.121645 -0.42863 
0.732733 -0.1249 -0.415206 
0.733734 -0.128013 -0.401748 
0.734735 -0.130989 -0.38826 
0.735736 -0.133834 -0.374744 
0.736737 -0.136553 -0.361201 
0.737738 -0.13915 -0.347635 
0.738739 -0.141628 -0.334047 
0.73974 -0.143993 -0.320438 
0.740741 -0.146245 -0.306811 
0.741742 -0.148388 -0.293165 
0.742743 -0.150425 -0.279504 
0.743744 -0.152358 -0.265827 
0.744745 -0.154188 -0.252137 
0.745746 -0.155917 -0.238433 
0.746747 -0.157547 -0.224717 
0.747748 -0.159079 -0.21099 
0.748749 -0.160514 -0.197252 
0.74975 -0.161853 -0.183505 
0.750751 -0.163096 -0.169749 
0.751752 -0.164244 -0.155984 
0.752753 -0.165297 -0.142212 
0.753754 -0.166256 -0.128433 
0.754755 -0.16712 -0.114648 
0.755756 -0.167889 -0.100857 
0.756757 -0.168562 -0.0870611 
0.757758 -0.16914 -0.0732609 
0.758759 -0.169622 -0.059457 
0.75976 -0.170005 -0.0456501 
0.760761 -0.17029 -0.0318407 
0.761762 -0.170475 -0.0180297 
0.762763 -0.170558 -0.00421771 
0.763764 -0.170538 0.00959448 
0.764765 -0.170412 0.0234061 
0.765766 -0.170178 0.0372163 
0.766767 -0.169833 0.0510242 
0.767768 -0.169374 0.0648288 
0.768769 -0.168798 0.078629 
0.76977 -0.1681 0.0924237 
0.770771 -0.167277 0.106211 
0.771772 -0.166323 0.119991 
0.772773 -0.165233 0.13376 
0.773774 -0.164 0.147517 
0.774775 -0.162617 0.16126 
0.775776 -0.161077 0.174986 
0.776777 -0.159369 0.188693 
0.777778 -0.157483 0.202376 
0.778779 -0.155406 0.216031 
0.77978 -0.153124 0.229654 
0.780781 -0.15062 0.243238 
0.781782 -0.147874 0.256775 
0.782783 -0.144861 0.270255 
0.783784 -0.141554 0.283666 
0.784785 -0.137915 0.296991 
0.785786 -0.133902 0.310209 
0.786787 -0.12946 0.323288 
0.787788 -0.124515 0.336187 
0.788789 -0.118977 0.348842 
0.78979 -0.112721 0.361159 
0.790791 -0.105578 0.372984 
0.791792 -0.0973221 0.38406 
0.792793 -0.087665 0.393934 
0.793794 -0.0763312 0.401813 
0.794795 -0.0633685 0.406508 
0.795796 -0.0495998 0.407014 
0.796797 -0.0362587 0.403528 
0.797798 -0.0240187 0.397153 
0.798799 -0.012939 0.388915 
0.7998 -0.00286204 0.379474 
0.800801 0.00638853 0.369219 
0.801802 0.0149591 0.358389 
0.802803 0.0229624 0.347133 
0.803804 0.0304837 0.335549 
0.804805 0.0375883 0.323704 
0.805806 0.0443258 0.311647 
0.806807 0.0507346 0.299412 
0.807808 0.0568437 0.287024 
0.808809 0.062675 0.274503 
0.80981 0.0682443 0.261864 
0.810811 0.0735623 0.249116 
0.811812 0.0786352 0.236269 
0.812813 0.0834651 0.223329 
0.813814 0.0880505 0.2103 
0.814815 0.0923869 0.197187 
0.815816 0.096467 0.183991 
0.816817 0.100281 0.170716 
0.817818 0.10382 0.157365 
0.818819 0.107071 0.143941 
0.81982 0.110026 0.130448 
0.820821 0.112675 0.116892 
0.821822 0.115013 0.10328 
0.822823 0.117037 0.0896165 
0.823824 0.118748 0.0759108 
0.824825 0.12015 0.06217 
0.825826 0.12125 0.0484018 
0.826827 0.122058 0.0346134 
0.827828 0.122585 0.0208114 
0.828829 0.122844 0.0070017 
0.82983 0.122846 -0.00681034 
0.830831 0.122605 -0.0206203 
0.831832 0.122131 -0.0344242 
0.832833 0.121437 -0.0482189 
0.833834 0.120532 -0.0620013 
0.834835 0.119426 -0.0757691 
0.835836 0.118126 -0.08952 
0.836837 0.11664 -0.103252 
0.837838 0.114972 -0.116963 
0.838839 0.113129 -0.130652 
0.83984 0.111113 -0.144316 
0.840841 0.108927 -0.157954 
0.841842 0.106573 -0.171564 
0.842843 0.104052 -0.185145 
0.843844 0.101363 -0.198693 
0.844845 0.0985048 -0.212206 
0.845846 0.0954753 -0.225682 
0.846847 0.0922707 -0.239117 
0.847848 0.0888867 -0.252509 
0.848849 0.085317 -0.265852 
0.84985 0.0815543 -0.279142 
0.850851 0.0775894 -0.292373 
0.851852 0.073411 -0.305538 
0.852853 0.0690059 -0.318629 
0.853854 0.0643575 -0.331636 
0.854855 0.0594463 -0.344546 
0.855856 0.054248 -0.357343 
0.856857 0.0487329 -0.370007 
0.857858 0.0428646 -0.382511 
0.858859 0.0365966 -0.394819 
0.85986 0.02987 -0.406884 
0.860861 0.0226088 -0.418634 
0.861862 0.0147129 -0.429966 
0.862863 0.00604951 -0.440723 
0.863864 -0.00355548 -0.450644 
0.864865 -0.0143157 -0.459291 
0.865866 -0.0264217 -0.465908 
0.866867 -0.0397741 -0.469326 
0.867868 -0.0535208 -0.468442 
0.868869 -0.0663358 -0.463349 
0.86987 -0.0775261 -0.455263 
0.870871 -0.0871421 -0.445347 
0.871872 -0.0954659 -0.434321 
0.872873 -0.102763 -0.42259 
0.873874 -0.109239 -0.410387 
0.874875 -0.115045 -0.397852 
0.875876 -0.120291 -0.385073 
0.876877 -0.125065 -0.37211 
0.877878 -0.129428 -0.359003 
0.878879 -0.133433 -0.345783 
0.87988 -0.13712 -0.332471 
0.880881 -0.140523 -0.319083 
0.881882 -0.143668 -0.305633 
0.882883 -0.146577 -0.29213 
0.883884 -0.14927 -0.278582 
0.884885 -0.151763 -0.264996 
0.885886 -0.15407 -0.251377 
0.886887 -0.156202 -0.23773 
0.887888 -0.15817 -0.224058 
0.888889 -0.159983 -0.210365 
0.88989 -0.161649 -0.196654 
0.890891 -0.163174 -0.182926 
0.891892 -0.164565 -0.169183 
0.892893 -0.165827 -0.155429 
0.893894 -0.166966 -0.141663 
0.894895 -0.167985 -0.127889 
0.895896 -0.168888 -0.114106 
0.896897 -0.169679 -0.100316 
0.897898 -0.17036 -0.0865205 
0.898899 -0.170935 -0.0727201 
0.8999 -0.171406 -0.0589159 
0.900901 -0.171775 -0.0451085 
0.901902 -0.172044 -0.0312988 
0.902903 -0.172215 -0.0174876 
0.903904 -0.172288 -0.00367552 
0.904905 -0.172266 0.0101367 
0.905906 -0.172149 0.0239484 
0.906907 -0.171938 0.037759 
0.907908 -0.171634 0.0515678 
0.908909 -0.171237 0.0653743 
0.90991 -0.170748 0.0791779 
0.910911 -0.170166 0.0929779 
0.911912 -0.169493 0.106774 
0.912913 -0.168727 0.120565 
0.913914 -0.167868 0.13435 
0.914915 -0.166916 0.14813 
0.915916 -0.16587 0.161902 
0.916917 -0.16473 0.175667 
0.917918 -0.163494 0.189424 
0.918919 -0.162161 0.203172 
0.91992 -0.160731 0.21691 
0.920921 -0.1592 0.230638 
0.921922 -0.157568 0.244353 
0.922923 -0.155832 0.258056 
0.923924 -0.153991 0.271745 
0.924925 -0.152041 0.285419 
0.925926 -0.149979 0.299077 
0.926927 -0.147803 0.312717 
0.927928 -0.145509 0.326338 
0.928929 -0.143092 0.339937 
0.92993 -0.140549 0.353513 
0.930931 -0.137874 0.367064 
0.931932 -0.135061 0.380588 
0.932933 -0.132104 0.39408 
0.933934 -0.128996 0.407539 
0.934935 -0.125728 0.420959 
0.935936 -0.122292 0.434338 
0.936937 -0.118677 0.44767 
0.937938 -0.114871 0.460948 
0.938939 -0.110858 0.474165 
0.93994 -0.106626 0.487314 
0.940941 -0.102152 0.500383 
0.941942 -0.0974144 0.513359 
0.942943 -0.0923883 0.526226 
0.943944 -0.0870391 0.538962 
0.944945 -0.0813298 0.551542 
0.945946 -0.0752096 0.563926 
0.946947 -0.06862 0.576069 
0.947948 -0.0614818 0.587896 
0.948949 -0.0536989 0.599312 
0.94995 -0.0451422 0.61016 
0.950951 -0.035653 0.620202 
0.951952 -0.0250445 0.629053 
0.952953 -0.0131592 0.63609 
0.953954 -4.97255e-05 0.640409 
0.954955 0.0137165 0.641104 
0.955956 0.0271489 0.637977 
0.956957 0.039466 0.631742 
0.957958 0.0504536 0.623372 
0.958959 0.0602255 0.613606 
0.95996 0.0689759 0.602915 
0.960961 0.0768824 0.591586 
0.961962 0.0840873 0.579797 
0.962963 0.090704 0.567671 
0.963964 0.0968166 0.555282 
0.964965 0.102495 0.542689 
0.965966 0.107792 0.529931 
0.966967 0.112752 0.517038 
0.967968 0.117408 0.504033 
0.968969 0.121792 0.490934 
0.96997 0.125927 0.477754 
0.970971 0.129833 0.464505 
0.971972 0.13353 0.451196 
0.972973 0.137031 0.437834 
0.973974 0.140349 0.424425 
0.974975 0.143497 0.410975 
0.975976 0.146483 0.397489 
0.976977 0.149317 0.38397 
0.977978 0.152006 0.370422 
0.978979 0.154559 0.356847 
0.97998 0.156979 0.343248 
0.980981 0.159273 0.329627 
0.981982 0.161447 0.315987 
0.982983 0.163503 0.302328 
0.983984 0.165447 0.288653 
0.984985 0.167282 0.274963 
0.985986 0.169012 0.261259 
0.986987 0.170638 0.247543 
0.987988 0.172164 0.233815 
0.988989 0.173592 0.220076 
0.98999 0.174925 0.206328 
0.990991 0.176164 0.192572 
0.991992 0.177311 0.178807 
0.992993 0.178367 0.165035 
0.993994 0.179334 0.151256 
0.994995 0.180214 0.137472 
0.995996 0.181007 0.123683 
0.996997 0.181714 0.109888 
0.997998 0.182336 0.09609 
0.998999 0.182873 0.0822882 
1 0.183327 0.0684836 
