PARAMETRIC_CURVE_CARTESIAN_2D
Damped pendulum - phase space trajectory
t1: 0
t2: 1
NumPoints: 1001
0 0.5 0 
0.001 0.49998 -0.0135555 
0.002 0.499921 -0.0271109 
0.003 0.499823 -0.0406661 
0.004 0.499686 -0.054221 
0.005 0.499509 -0.0677755 
0.006 0.499292 -0.0813294 
0.007 0.499036 -0.0948826 
0.008 0.498739 -0.108435 
0.009 0.498402 -0.121986 
0.01 0.498025 -0.135537 
0.011 0.497607 -0.149086 
0.012 0.497148 -0.162634 
0.013 0.496648 -0.17618 
0.014 0.496107 -0.189725 
0.015 0.495524 -0.203268 
0.016 0.4949 -0.216809 
0.017 0.494234 -0.230348 
0.018 0.493526 -0.243885 
0.019 0.492775 -0.25742 
0.02 0.491982 -0.270953 
0.021 0.491145 -0.284482 
0.022 0.490265 -0.298009 
0.023 0.489342 -0.311533 
0.024 0.488374 -0.325055 
0.025 0.487362 -0.338572 
0.026 0.486305 -0.352087 
0.027 0.485204 -0.365597 
0.028 0.484056 -0.379104 
0.029 0.482863 -0.392607 
0.03 0.481624 -0.406106 
0.031 0.480338 -0.419601 
0.032 0.479005 -0.433091 
0.033 0.477624 -0.446576 
0.034 0.476195 -0.460056 
0.035 0.474718 -0.473531 
0.036 0.473191 -0.487 
0.037 0.471615 -0.500464 
0.038 0.469988 -0.513922 
0.039 0.46831 -0.527373 
0.04 0.466581 -0.540818 
0.041 0.464801 -0.554256 
0.042 0.462967 -0.567687 
0.043 0.46108 -0.581111 
0.044 0.459138 -0.594527 
0.045 0.457142 -0.607935 
0.046 0.45509 -0.621334 
0.047 0.452981 -0.634725 
0.048 0.450816 -0.648107 
0.049 0.448592 -0.661479 
0.05 0.446309 -0.674841 
0.051 0.443965 -0.688192 
0.052 0.441561 -0.701533 
0.053 0.439094 -0.714863 
0.054 0.436565 -0.72818 
0.055 0.433971 -0.741486 
0.056 0.431311 -0.754778 
0.057 0.428584 -0.768057 
0.058 0.42579 -0.781321 
0.059 0.422926 -0.794571 
0.06 0.419991 -0.807806 
0.061 0.416983 -0.821024 
0.062 0.413902 -0.834224 
0.063 0.410744 -0.847408 
0.064 0.40751 -0.860572 
0.065 0.404196 -0.873717 
0.066 0.4008 -0.88684 
0.067 0.397322 -0.899942 
0.068 0.393758 -0.913021 
0.069 0.390106 -0.926076 
0.07 0.386364 -0.939106 
0.071 0.38253 -0.952108 
0.072 0.3786 -0.965082 
0.073 0.374571 -0.978026 
0.074 0.370442 -0.990938 
0.075 0.366208 -1.00382 
0.076 0.361865 -1.01666 
0.077 0.357411 -1.02946 
0.078 0.352842 -1.04222 
0.079 0.348152 -1.05494 
0.08 0.343339 -1.06762 
0.081 0.338395 -1.08024 
0.082 0.333318 -1.09281 
0.083 0.328101 -1.10532 
0.084 0.322738 -1.11777 
0.085 0.317222 -1.13016 
0.086 0.311547 -1.14247 
0.087 0.305706 -1.1547 
0.088 0.29969 -1.16685 
0.089 0.293489 -1.17891 
0.09 0.287095 -1.19086 
0.091 0.280498 -1.20271 
0.092 0.273685 -1.21443 
0.093 0.266644 -1.22601 
0.094 0.259362 -1.23745 
0.095 0.251825 -1.24872 
0.096 0.244015 -1.2598 
0.097 0.235916 -1.27068 
0.098 0.227509 -1.28132 
0.099 0.218774 -1.29169 
0.1 0.20969 -1.30176 
0.101 0.200235 -1.31148 
0.102 0.190385 -1.3208 
0.103 0.180119 -1.32967 
0.104 0.169418 -1.338 
0.105 0.158266 -1.34572 
0.106 0.146654 -1.35274 
0.107 0.134589 -1.35894 
0.108 0.122086 -1.36422 
0.109 0.109195 -1.36845 
0.11 0.0959786 -1.37153 
0.111 0.0825332 -1.37338 
0.112 0.0689735 -1.37392 
0.113 0.0554227 -1.37316 
0.114 0.0420069 -1.37113 
0.115 0.0288302 -1.36788 
0.116 0.0159804 -1.36352 
0.117 0.00351543 -1.35816 
0.118 -0.00853049 -1.35192 
0.119 -0.0201395 -1.34491 
0.12 -0.0313139 -1.33722 
0.121 -0.0420602 -1.32894 
0.122 -0.0523952 -1.32016 
0.123 -0.062338 -1.31094 
0.124 -0.0719086 -1.30133 
0.125 -0.0811281 -1.29139 
0.126 -0.0900175 -1.28115 
0.127 -0.098596 -1.27065 
0.128 -0.106882 -1.25992 
0.129 -0.114893 -1.24898 
0.13 -0.122646 -1.23786 
0.131 -0.130153 -1.22657 
0.132 -0.13743 -1.21513 
0.133 -0.14449 -1.20355 
0.134 -0.151342 -1.19186 
0.135 -0.157998 -1.18005 
0.136 -0.164468 -1.16813 
0.137 -0.170761 -1.15612 
0.138 -0.176884 -1.14403 
0.139 -0.182846 -1.13185 
0.14 -0.188653 -1.1196 
0.141 -0.194312 -1.10728 
0.142 -0.199829 -1.0949 
0.143 -0.20521 -1.08246 
0.144 -0.21046 -1.06996 
0.145 -0.215583 -1.05741 
0.146 -0.220584 -1.04481 
0.147 -0.225468 -1.03216 
0.148 -0.230238 -1.01947 
0.149 -0.234898 -1.00674 
0.15 -0.239452 -0.993976 
0.151 -0.243902 -0.981171 
0.152 -0.248252 -0.968332 
0.153 -0.252504 -0.955461 
0.154 -0.256662 -0.942558 
0.155 -0.260727 -0.929626 
0.156 -0.264703 -0.916666 
0.157 -0.268591 -0.90368 
0.158 -0.272394 -0.890668 
0.159 -0.276113 -0.877633 
0.16 -0.27975 -0.864574 
0.161 -0.283308 -0.851493 
0.162 -0.286788 -0.838392 
0.163 -0.290192 -0.82527 
0.164 -0.293521 -0.81213 
0.165 -0.296776 -0.79897 
0.166 -0.299959 -0.785794 
0.167 -0.303072 -0.7726 
0.168 -0.306115 -0.75939 
0.169 -0.30909 -0.746165 
0.17 -0.311997 -0.732925 
0.171 -0.314839 -0.71967 
0.172 -0.317616 -0.706402 
0.173 -0.320328 -0.693121 
0.174 -0.322978 -0.679826 
0.175 -0.325565 -0.66652 
0.176 -0.328091 -0.653202 
0.177 -0.330556 -0.639872 
0.178 -0.332961 -0.626532 
0.179 -0.335308 -0.61318 
0.18 -0.337595 -0.599819 
0.181 -0.339826 -0.586448 
0.182 -0.341999 -0.573068 
0.183 -0.344115 -0.559679 
0.184 -0.346176 -0.546281 
0.185 -0.348181 -0.532874 
0.186 -0.350131 -0.519459 
0.187 -0.352027 -0.506037 
0.188 -0.353869 -0.492607 
0.189 -0.355657 -0.47917 
0.19 -0.357393 -0.465726 
0.191 -0.359075 -0.452275 
0.192 -0.360706 -0.438818 
0.193 -0.362284 -0.425355 
0.194 -0.363811 -0.411885 
0.195 -0.365286 -0.39841 
0.196 -0.366711 -0.38493 
0.197 -0.368085 -0.371444 
0.198 -0.369408 -0.357953 
0.199 -0.370681 -0.344457 
0.2 -0.371904 -0.330957 
0.201 -0.373077 -0.317452 
0.202 -0.3742 -0.303943 
0.203 -0.375274 -0.29043 
0.204 -0.376299 -0.276913 
0.205 -0.377274 -0.263393 
0.206 -0.3782 -0.249869 
0.207 -0.379078 -0.236342 
0.208 -0.379906 -0.222812 
0.209 -0.380686 -0.209279 
0.21 -0.381417 -0.195743 
0.211 -0.3821 -0.182204 
0.212 -0.382733 -0.168664 
0.213 -0.383318 -0.155121 
0.214 -0.383855 -0.141576 
0.215 -0.384343 -0.128029 
0.216 -0.384782 -0.11448 
0.217 -0.385172 -0.100931 
0.218 -0.385514 -0.0873793 
0.219 -0.385807 -0.0738269 
0.22 -0.386051 -0.0602735 
0.221 -0.386246 -0.0467193 
0.222 -0.386391 -0.0331645 
0.223 -0.386488 -0.0196093 
0.224 -0.386535 -0.00605378 
0.225 -0.386532 0.0075018 
0.226 -0.386479 0.0210573 
0.227 -0.386377 0.0346125 
0.228 -0.386224 0.0481672 
0.229 -0.386021 0.0617212 
0.23 -0.385767 0.0752745 
0.231 -0.385463 0.0888266 
0.232 -0.385107 0.102378 
0.233 -0.384699 0.115927 
0.234 -0.38424 0.129475 
0.235 -0.383728 0.143021 
0.236 -0.383164 0.156565 
0.237 -0.382546 0.170106 
0.238 -0.381876 0.183645 
0.239 -0.381151 0.197181 
0.24 -0.380372 0.210715 
0.241 -0.379538 0.224244 
0.242 -0.37865 0.237771 
0.243 -0.377705 0.251294 
0.244 -0.376703 0.264812 
0.245 -0.375645 0.278326 
0.246 -0.374529 0.291836 
0.247 -0.373355 0.305341 
0.248 -0.372122 0.31884 
0.249 -0.370829 0.332334 
0.25 -0.369476 0.345822 
0.251 -0.368061 0.359303 
0.252 -0.366584 0.372778 
0.253 -0.365044 0.386246 
0.254 -0.363441 0.399707 
0.255 -0.361772 0.413159 
0.256 -0.360037 0.426604 
0.257 -0.358235 0.440039 
0.258 -0.356365 0.453465 
0.259 -0.354426 0.466881 
0.26 -0.352416 0.480287 
0.261 -0.350334 0.493682 
0.262 -0.348178 0.507065 
0.263 -0.345948 0.520436 
0.264 -0.343641 0.533794 
0.265 -0.341256 0.547138 
0.266 -0.338791 0.560468 
0.267 -0.336244 0.573783 
0.268 -0.333614 0.587081 
0.269 -0.330898 0.600362 
0.27 -0.328093 0.613624 
0.271 -0.325199 0.626867 
0.272 -0.322211 0.64009 
0.273 -0.319128 0.65329 
0.274 -0.315946 0.666468 
0.275 -0.312663 0.67962 
0.276 -0.309275 0.692746 
0.277 -0.305779 0.705843 
0.278 -0.302171 0.71891 
0.279 -0.298448 0.731945 
0.28 -0.294604 0.744944 
0.281 -0.290635 0.757906 
0.282 -0.286536 0.770828 
0.283 -0.282302 0.783706 
0.284 -0.277926 0.796537 
0.285 -0.273403 0.809316 
0.286 -0.268726 0.82204 
0.287 -0.263886 0.834703 
0.288 -0.258876 0.8473 
0.289 -0.253687 0.859824 
0.29 -0.248308 0.872268 
0.291 -0.242728 0.884623 
0.292 -0.236935 0.89688 
0.293 -0.230917 0.909028 
0.294 -0.224657 0.921053 
0.295 -0.218138 0.932941 
0.296 -0.211344 0.944673 
0.297 -0.204252 0.956228 
0.298 -0.19684 0.967581 
0.299 -0.189081 0.9787 
0.3 -0.180947 0.989548 
0.301 -0.172407 1.00008 
0.302 -0.163425 1.01024 
0.303 -0.153965 1.01996 
0.304 -0.143991 1.02914 
0.305 -0.133465 1.0377 
0.306 -0.122361 1.04548 
0.307 -0.110662 1.05235 
0.308 -0.0983856 1.05812 
0.309 -0.085578 1.0626 
0.31 -0.0723482 1.0656 
0.311 -0.0588513 1.067 
0.312 -0.045287 1.0667 
0.313 -0.0318596 1.06476 
0.314 -0.0187506 1.06126 
0.315 -0.00609077 1.05639 
0.316 0.00604336 1.05032 
0.317 0.0176174 1.04325 
0.318 0.0286331 1.03534 
0.319 0.039108 1.02673 
0.32 0.0490725 1.01753 
0.321 0.0585603 1.00784 
0.322 0.0676054 0.99774 
0.323 0.0762419 0.987288 
0.324 0.0845 0.976534 
0.325 0.0924085 0.965522 
0.326 0.0999932 0.954284 
0.327 0.107277 0.942849 
0.328 0.114281 0.931241 
0.329 0.121023 0.91948 
0.33 0.127521 0.907581 
0.331 0.133789 0.895561 
0.332 0.139842 0.88343 
0.333 0.14569 0.8712 
0.334 0.151347 0.85888 
0.335 0.156821 0.846478 
0.336 0.162121 0.834001 
0.337 0.167256 0.821455 
0.338 0.172234 0.808846 
0.339 0.177062 0.796178 
0.34 0.181745 0.783457 
0.341 0.18629 0.770686 
0.342 0.190702 0.757868 
0.343 0.194986 0.745007 
0.344 0.199147 0.732105 
0.345 0.203189 0.719166 
0.346 0.207115 0.706191 
0.347 0.210931 0.693183 
0.348 0.214638 0.680144 
0.349 0.218241 0.667076 
0.35 0.221741 0.65398 
0.351 0.225143 0.640858 
0.352 0.228448 0.627711 
0.353 0.231659 0.614541 
0.354 0.234778 0.601349 
0.355 0.237808 0.588136 
0.356 0.24075 0.574904 
0.357 0.243606 0.561652 
0.358 0.246377 0.548383 
0.359 0.249067 0.535097 
0.36 0.251675 0.521794 
0.361 0.254205 0.508477 
0.362 0.256656 0.495144 
0.363 0.25903 0.481798 
0.364 0.261329 0.468439 
0.365 0.263553 0.455067 
0.366 0.265704 0.441683 
0.367 0.267782 0.428288 
0.368 0.269789 0.414882 
0.369 0.271726 0.401465 
0.37 0.273593 0.388039 
0.371 0.27539 0.374603 
0.372 0.27712 0.361158 
0.373 0.278782 0.347705 
0.374 0.280377 0.334243 
0.375 0.281906 0.320774 
0.376 0.283369 0.307298 
0.377 0.284766 0.293814 
0.378 0.286099 0.280324 
0.379 0.287367 0.266828 
0.38 0.288571 0.253326 
0.381 0.289712 0.239819 
0.382 0.290789 0.226306 
0.383 0.291803 0.212788 
0.384 0.292754 0.199266 
0.385 0.293642 0.18574 
0.386 0.294468 0.172209 
0.387 0.295231 0.158675 
0.388 0.295932 0.145138 
0.389 0.296571 0.131597 
0.39 0.297147 0.118054 
0.391 0.297662 0.104508 
0.392 0.298114 0.0909602 
0.393 0.298504 0.0774102 
0.394 0.298831 0.0638586 
0.395 0.299096 0.0503056 
0.396 0.299299 0.0367516 
0.397 0.299439 0.0231967 
0.398 0.299515 0.00964137 
0.399 0.299529 -0.0039142 
0.4 0.299479 -0.0174697 
0.401 0.299364 -0.0310248 
0.402 0.299186 -0.0445792 
0.403 0.298943 -0.0581326 
0.404 0.298635 -0.0716847 
0.405 0.298261 -0.0852351 
0.406 0.297822 -0.0987835 
0.407 0.297315 -0.11233 
0.408 0.296741 -0.125873 
0.409 0.2961 -0.139413 
0.41 0.29539 -0.15295 
0.411 0.29461 -0.166484 
0.412 0.29376 -0.180013 
0.413 0.292839 -0.193537 
0.414 0.291846 -0.207056 
0.415 0.29078 -0.22057 
0.416 0.28964 -0.234077 
0.417 0.288425 -0.247578 
0.418 0.287133 -0.261072 
0.419 0.285764 -0.274559 
0.42 0.284316 -0.288037 
0.421 0.282787 -0.301506 
0.422 0.281176 -0.314965 
0.423 0.279482 -0.328415 
0.424 0.277702 -0.341853 
0.425 0.275834 -0.355279 
0.426 0.273878 -0.368693 
0.427 0.271829 -0.382093 
0.428 0.269687 -0.395479 
0.429 0.267449 -0.408848 
0.43 0.265111 -0.422201 
0.431 0.262672 -0.435535 
0.432 0.260128 -0.44885 
0.433 0.257475 -0.462144 
0.434 0.254711 -0.475415 
0.435 0.251831 -0.488661 
0.436 0.248831 -0.501881 
0.437 0.245707 -0.515072 
0.438 0.242453 -0.528231 
0.439 0.239065 -0.541357 
0.44 0.235536 -0.554446 
0.441 0.23186 -0.567494 
0.442 0.22803 -0.580498 
0.443 0.224038 -0.593453 
0.444 0.219876 -0.606354 
0.445 0.215535 -0.619196 
0.446 0.211002 -0.631972 
0.447 0.206268 -0.644675 
0.448 0.201319 -0.657296 
0.449 0.196139 -0.669824 
0.45 0.190712 -0.682247 
0.451 0.18502 -0.69455 
0.452 0.17904 -0.706717 
0.453 0.172748 -0.718726 
0.454 0.166115 -0.73055 
0.455 0.15911 -0.742157 
0.456 0.151693 -0.753506 
0.457 0.143822 -0.764547 
0.458 0.135448 -0.77521 
0.459 0.126515 -0.785411 
0.46 0.116963 -0.795035 
0.461 0.106729 -0.803932 
0.462 0.0957608 -0.811908 
0.463 0.08403 -0.818713 
0.464 0.0715623 -0.82405 
0.465 0.0584735 -0.827606 
0.466 0.0449961 -0.829118 
0.467 0.0314499 -0.828471 
0.468 0.0181657 -0.825737 
0.469 0.00540397 -0.821146 
0.47 -0.00668753 -0.815007 
0.471 -0.0180596 -0.807619 
0.472 -0.0287227 -0.799241 
0.473 -0.0387201 -0.790081 
0.474 -0.0481073 -0.780297 
0.475 -0.0569405 -0.770011 
0.476 -0.0652734 -0.759316 
0.477 -0.0731532 -0.748283 
0.478 -0.0806228 -0.736969 
0.479 -0.0877184 -0.725417 
0.48 -0.0944729 -0.713662 
0.481 -0.100914 -0.701733 
0.482 -0.107065 -0.689653 
0.483 -0.112949 -0.67744 
0.484 -0.118584 -0.66511 
0.485 -0.123987 -0.652677 
0.486 -0.129171 -0.640151 
0.487 -0.134151 -0.627543 
0.488 -0.138938 -0.61486 
0.489 -0.143542 -0.60211 
0.49 -0.147972 -0.589298 
0.491 -0.152237 -0.576431 
0.492 -0.156345 -0.563512 
0.493 -0.160302 -0.550547 
0.494 -0.164114 -0.537538 
0.495 -0.167788 -0.524489 
0.496 -0.171328 -0.511404 
0.497 -0.17474 -0.498285 
0.498 -0.178027 -0.485133 
0.499 -0.181193 -0.471953 
0.5 -0.184243 -0.458745 
0.501 -0.18718 -0.445511 
0.502 -0.190007 -0.432253 
0.503 -0.192726 -0.418973 
0.504 -0.19534 -0.405672 
0.505 -0.197852 -0.392351 
0.506 -0.200265 -0.379012 
0.507 -0.202579 -0.365655 
0.508 -0.204797 -0.352282 
0.509 -0.206922 -0.338894 
0.51 -0.208953 -0.325492 
0.511 -0.210894 -0.312076 
0.512 -0.212745 -0.298647 
0.513 -0.214508 -0.285207 
0.514 -0.216184 -0.271755 
0.515 -0.217773 -0.258293 
0.516 -0.219278 -0.244821 
0.517 -0.220698 -0.23134 
0.518 -0.222035 -0.217851 
0.519 -0.223289 -0.204353 
0.52 -0.224461 -0.190848 
0.521 -0.225552 -0.177337 
0.522 -0.226561 -0.163819 
0.523 -0.22749 -0.150295 
0.524 -0.228339 -0.136766 
0.525 -0.229107 -0.123232 
0.526 -0.229796 -0.109694 
0.527 -0.230405 -0.0961523 
0.528 -0.230934 -0.0826071 
0.529 -0.231384 -0.069059 
0.53 -0.231753 -0.0555085 
0.531 -0.232043 -0.041956 
0.532 -0.232253 -0.0284021 
0.533 -0.232382 -0.0148471 
0.534 -0.23243 -0.00129163 
0.535 -0.232397 0.0122639 
0.536 -0.232282 0.025819 
0.537 -0.232085 0.0393731 
0.538 -0.231805 0.0529258 
0.539 -0.231441 0.0664765 
0.54 -0.230992 0.0800246 
0.541 -0.230458 0.0935697 
0.542 -0.229837 0.107111 
0.543 -0.229128 0.120648 
0.544 -0.22833 0.13418 
0.545 -0.227441 0.147707 
0.546 -0.226461 0.161227 
0.547 -0.225387 0.17474 
0.548 -0.224217 0.188245 
0.549 -0.222951 0.201741 
0.55 -0.221584 0.215228 
0.551 -0.220117 0.228704 
0.552 -0.218545 0.242168 
0.553 -0.216866 0.255619 
0.554 -0.215078 0.269056 
0.555 -0.213176 0.282478 
0.556 -0.211159 0.295883 
0.557 -0.209021 0.309269 
0.558 -0.206759 0.322634 
0.559 -0.204368 0.335977 
0.56 -0.201843 0.349296 
0.561 -0.199179 0.362587 
0.562 -0.196369 0.375849 
0.563 -0.193408 0.389077 
0.564 -0.190288 0.402269 
0.565 -0.186999 0.41542 
0.566 -0.183535 0.428526 
0.567 -0.179883 0.44158 
0.568 -0.176032 0.454578 
0.569 -0.17197 0.467511 
0.57 -0.167681 0.480371 
0.571 -0.163148 0.493147 
0.572 -0.158351 0.505826 
0.573 -0.153269 0.518393 
0.574 -0.147873 0.53083 
0.575 -0.142133 0.543111 
0.576 -0.136012 0.555208 
0.577 -0.129467 0.56708 
0.578 -0.122443 0.578676 
0.579 -0.114879 0.589927 
0.58 -0.106699 0.600739 
0.581 -0.0978148 0.61098 
0.582 -0.0881266 0.620465 
0.583 -0.0775348 0.628929 
0.584 -0.0659697 0.636005 
0.585 -0.0534557 0.641217 
0.586 -0.0402032 0.644058 
0.587 -0.0266513 0.644178 
0.588 -0.0133484 0.641584 
0.589 -0.000728188 0.636636 
0.59 0.0110008 0.629837 
0.591 0.0218092 0.621652 
0.592 0.0317577 0.612441 
0.593 0.0409369 0.602463 
0.594 0.0494388 0.591903 
0.595 0.0573454 0.58089 
0.596 0.0647271 0.569519 
0.597 0.0716436 0.557859 
0.598 0.0781441 0.545963 
0.599 0.0842705 0.53387 
0.6 0.0900578 0.521611 
0.601 0.0955354 0.509211 
0.602 0.100729 0.496689 
0.603 0.10566 0.484061 
0.604 0.110347 0.471342 
0.605 0.114807 0.45854 
0.606 0.119054 0.445667 
0.607 0.123099 0.432729 
0.608 0.126956 0.419733 
0.609 0.130632 0.406685 
0.61 0.134137 0.39359 
0.611 0.137478 0.380453 
0.612 0.140662 0.367277 
0.613 0.143697 0.354065 
0.614 0.146586 0.340821 
0.615 0.149336 0.327547 
0.616 0.15195 0.314246 
0.617 0.154433 0.300919 
0.618 0.156788 0.28757 
0.619 0.15902 0.274199 
0.62 0.16113 0.260809 
0.621 0.163122 0.247401 
0.622 0.164998 0.233975 
0.623 0.16676 0.220535 
0.624 0.16841 0.20708 
0.625 0.16995 0.193612 
0.626 0.171382 0.180132 
0.627 0.172706 0.166642 
0.628 0.173924 0.153141 
0.629 0.175038 0.139631 
0.63 0.176047 0.126113 
0.631 0.176953 0.112588 
0.632 0.177756 0.0990563 
0.633 0.178456 0.0855189 
0.634 0.179054 0.0719765 
0.635 0.179549 0.05843 
0.636 0.179943 0.0448802 
0.637 0.180233 0.0313277 
0.638 0.180421 0.0177735 
0.639 0.180505 0.0042182 
0.64 0.180486 -0.00933734 
0.641 0.180361 -0.0228923 
0.642 0.18013 -0.0364459 
0.643 0.179793 -0.0499973 
0.644 0.179346 -0.0635455 
0.645 0.17879 -0.0770896 
0.646 0.178122 -0.0906287 
0.647 0.17734 -0.104162 
0.648 0.176442 -0.117688 
0.649 0.175425 -0.131205 
0.65 0.174287 -0.144713 
0.651 0.173025 -0.158209 
0.652 0.171634 -0.171693 
0.653 0.170112 -0.185163 
0.654 0.168454 -0.198617 
0.655 0.166655 -0.212053 
0.656 0.164709 -0.225468 
0.657 0.162611 -0.23886 
0.658 0.160355 -0.252227 
0.659 0.157932 -0.265564 
0.66 0.155334 -0.278869 
0.661 0.152552 -0.292136 
0.662 0.149574 -0.305361 
0.663 0.146389 -0.318537 
0.664 0.142982 -0.331658 
0.665 0.139336 -0.344714 
0.666 0.135432 -0.357696 
0.667 0.131247 -0.370589 
0.668 0.126756 -0.38338 
0.669 0.121925 -0.396046 
0.67 0.116715 -0.408561 
0.671 0.111081 -0.420891 
0.672 0.104962 -0.432988 
0.673 0.0982866 -0.444787 
0.674 0.0909618 -0.456194 
0.675 0.0828716 -0.467072 
0.676 0.0738724 -0.47721 
0.677 0.0637995 -0.48628 
0.678 0.0525065 -0.49377 
0.679 0.0399887 -0.498945 
0.68 0.0266057 -0.500991 
0.681 0.0131494 -0.499504 
0.682 0.000430861 -0.494846 
0.683 -0.0111516 -0.487813 
0.684 -0.0215703 -0.479143 
0.685 -0.0309502 -0.469357 
0.686 -0.0394434 -0.458791 
0.687 -0.0471852 -0.447663 
0.688 -0.0542869 -0.436116 
0.689 -0.0608369 -0.424247 
0.69 -0.0669056 -0.412125 
0.691 -0.0725497 -0.3998 
0.692 -0.0778151 -0.387308 
0.693 -0.0827393 -0.374679 
0.694 -0.0873531 -0.361932 
0.695 -0.0916827 -0.349086 
0.696 -0.0957498 -0.336155 
0.697 -0.0995729 -0.32315 
0.698 -0.103168 -0.310079 
0.699 -0.106549 -0.296952 
0.7 -0.109727 -0.283774 
0.701 -0.112713 -0.270551 
0.702 -0.115515 -0.257289 
0.703 -0.118142 -0.24399 
0.704 -0.1206 -0.230659 
0.705 -0.122896 -0.217299 
0.706 -0.125034 -0.203913 
0.707 -0.12702 -0.190504 
0.708 -0.128857 -0.177074 
0.709 -0.130549 -0.163624 
0.71 -0.132099 -0.150157 
0.711 -0.13351 -0.136676 
0.712 -0.134783 -0.12318 
0.713 -0.135921 -0.109672 
0.714 -0.136925 -0.0961539 
0.715 -0.137796 -0.0826264 
0.716 -0.138535 -0.069091 
0.717 -0.139143 -0.0555491 
0.718 -0.139619 -0.042002 
0.719 -0.139964 -0.0284508 
0.72 -0.140177 -0.014897 
0.721 -0.140257 -0.00134167 
0.722 -0.140203 0.0122138 
0.723 -0.140014 0.025768 
0.724 -0.139687 0.0393196 
0.725 -0.139221 0.0528671 
0.726 -0.138613 0.066409 
0.727 -0.13786 0.0799436 
0.728 -0.136958 0.0934691 
0.729 -0.135903 0.106984 
0.73 -0.134691 0.120485 
0.731 -0.133315 0.13397 
0.732 -0.131769 0.147438 
0.733 -0.130047 0.160883 
0.734 -0.128139 0.174304 
0.735 -0.126037 0.187695 
0.736 -0.123728 0.201053 
0.737 -0.121201 0.214371 
0.738 -0.118439 0.227642 
0.739 -0.115425 0.240859 
0.74 -0.112138 0.25401 
0.741 -0.108553 0.267083 
0.742 -0.104638 0.280061 
0.743 -0.100356 0.292923 
0.744 -0.0956585 0.305639 
0.745 -0.0904868 0.318169 
0.746 -0.0847632 0.330457 
0.747 -0.078386 0.342419 
0.748 -0.0712192 0.353925 
0.749 -0.0630797 0.364763 
0.75 -0.0537277 0.37457 
0.751 -0.0428968 0.382702 
0.752 -0.0304826 0.388081 
0.753 -0.0170363 0.389412 
0.754 -0.00387808 0.386307 
0.755 0.00796959 0.379758 
0.756 0.018324 0.37102 
0.757 0.0273827 0.36094 
0.758 0.0353885 0.350002 
0.759 0.0425396 0.338487 
0.76 0.048986 0.326562 
0.761 0.0548397 0.314336 
0.762 0.0601853 0.301879 
0.763 0.0650879 0.289241 
0.764 0.0695985 0.276457 
0.765 0.0737575 0.263556 
0.766 0.0775974 0.250555 
0.767 0.0811451 0.237472 
0.768 0.0844225 0.224319 
0.769 0.0874479 0.211105 
0.77 0.0902365 0.197839 
0.771 0.0928013 0.184529 
0.772 0.0951532 0.171179 
0.773 0.0973014 0.157795 
0.774 0.0992537 0.14438 
0.775 0.101016 0.13094 
0.776 0.102595 0.117477 
0.777 0.103995 0.103994 
0.778 0.105218 0.0904934 
0.779 0.106269 0.0769787 
0.78 0.107148 0.0634517 
0.781 0.107858 0.0499148 
0.782 0.108399 0.0363701 
0.783 0.108771 0.0228197 
0.784 0.108973 0.00926575 
0.785 0.109004 -0.00428971 
0.786 0.108863 -0.0178445 
0.787 0.108546 -0.0313963 
0.788 0.108049 -0.0449426 
0.789 0.107368 -0.058481 
0.79 0.106498 -0.0720086 
0.791 0.105432 -0.0855221 
0.792 0.104161 -0.0990179 
0.793 0.102676 -0.112492 
0.794 0.100966 -0.125939 
0.795 0.099017 -0.139354 
0.796 0.0968122 -0.152729 
0.797 0.0943317 -0.166055 
0.798 0.0915514 -0.179323 
0.799 0.088441 -0.192517 
0.8 0.084963 -0.205618 
0.801 0.0810693 -0.218603 
0.802 0.0766978 -0.231434 
0.803 0.0717655 -0.24406 
0.804 0.0661587 -0.256401 
0.805 0.0597172 -0.268327 
0.806 0.052208 -0.279608 
0.807 0.0432932 -0.289809 
0.808 0.0325444 -0.298028 
0.809 0.0198279 -0.302537 
0.81 0.00639385 -0.30153 
0.811 -0.00573968 -0.295586 
0.812 -0.0159733 -0.286721 
0.813 -0.0246153 -0.276284 
0.814 -0.03204 -0.264946 
0.815 -0.0385222 -0.253042 
0.816 -0.0442513 -0.240758 
0.817 -0.0493598 -0.228202 
0.818 -0.0539429 -0.215445 
0.819 -0.0580708 -0.202533 
0.82 -0.0617967 -0.1895 
0.821 -0.0651618 -0.176369 
0.822 -0.0681983 -0.163158 
0.823 -0.0709319 -0.149881 
0.824 -0.0733832 -0.136549 
0.825 -0.0755686 -0.123171 
0.826 -0.0775016 -0.109754 
0.827 -0.0791927 -0.0963044 
0.828 -0.0806504 -0.0828276 
0.829 -0.0818811 -0.0693281 
0.83 -0.0828896 -0.0558102 
0.831 -0.083679 -0.0422778 
0.832 -0.084251 -0.0287344 
0.833 -0.0846058 -0.0151836 
0.834 -0.0847423 -0.00162889 
0.835 -0.0846578 0.0119263 
0.836 -0.084348 0.0254782 
0.837 -0.0838071 0.0390228 
0.838 -0.0830269 0.0525558 
0.839 -0.0819974 0.066072 
0.84 -0.0807056 0.0795658 
0.841 -0.0791353 0.0930299 
0.842 -0.0772661 0.106456 
0.843 -0.0750721 0.119832 
0.844 -0.0725205 0.133146 
0.845 -0.0695686 0.146376 
0.846 -0.0661602 0.159495 
0.847 -0.062219 0.172465 
0.848 -0.057638 0.185222 
0.849 -0.0522608 0.197663 
0.85 -0.0458479 0.209602 
0.851 -0.0380144 0.220654 
0.852 -0.0281572 0.229915 
0.853 -0.0157766 0.235182 
0.854 -0.00246126 0.233588 
0.855 0.00891527 0.226323 
0.856 0.0180319 0.216313 
0.857 0.0254992 0.205007 
0.858 0.0317801 0.192997 
0.859 0.0371634 0.180558 
0.86 0.0418342 0.167833 
0.861 0.0459158 0.154907 
0.862 0.0494943 0.141833 
0.863 0.0526319 0.128646 
0.864 0.0553743 0.115371 
0.865 0.057756 0.102027 
0.866 0.0598029 0.0886268 
0.867 0.0615346 0.0751826 
0.868 0.0629658 0.061703 
0.869 0.0641069 0.0481958 
0.87 0.0649645 0.0346676 
0.871 0.0655422 0.0211246 
0.872 0.0658406 0.0075725 
0.873 0.065857 -0.00598283 
0.874 0.0655857 -0.0195354 
0.875 0.0650172 -0.0330788 
0.876 0.0641379 -0.0466056 
0.877 0.0629292 -0.0601069 
0.878 0.061366 -0.0735717 
0.879 0.0594145 -0.0869857 
0.88 0.0570291 -0.100329 
0.881 0.0541467 -0.113574 
0.882 0.0506778 -0.126677 
0.883 0.0464896 -0.139568 
0.884 0.0413739 -0.152118 
0.885 0.034978 -0.164062 
0.886 0.0266604 -0.174735 
0.887 0.0154109 -0.182101 
0.888 0.00211813 -0.181709 
0.889 -0.00896434 -0.174058 
0.89 -0.0173539 -0.163436 
0.891 -0.0239689 -0.151612 
0.892 -0.0293725 -0.139183 
0.893 -0.0338787 -0.1264 
0.894 -0.037675 -0.113388 
0.895 -0.0408812 -0.100218 
0.896 -0.0435774 -0.0869335 
0.897 -0.0458191 -0.073565 
0.898 -0.0476447 -0.0601334 
0.899 -0.0490809 -0.0466546 
0.9 -0.0501451 -0.0331412 
0.901 -0.050847 -0.0196042 
0.902 -0.0511897 -0.00605337 
0.903 -0.0511697 0.00750179 
0.904 -0.0507767 0.0210512 
0.905 -0.0499922 0.0345836 
0.906 -0.048788 0.0480851 
0.907 -0.0471224 0.0615373 
0.908 -0.0449344 0.0749143 
0.909 -0.042133 0.088176 
0.91 -0.0385761 0.101255 
0.911 -0.0340274 0.11402 
0.912 -0.0280496 0.126175 
0.913 -0.0197307 0.136824 
0.914 -0.00766343 0.142367 
0.915 0.00466619 0.137459 
0.916 0.0134321 0.127178 
0.917 0.0198753 0.115264 
0.918 0.0248809 0.102671 
0.919 0.0288757 0.0897194 
0.92 0.032089 0.0765516 
0.921 0.0346559 0.0632423 
0.922 0.0366603 0.0498366 
0.923 0.0381544 0.0363643 
0.924 0.0391695 0.0228475 
0.925 0.0397202 0.00930371 
0.926 0.039807 -0.00425092 
0.927 0.0394162 -0.0178001 
0.928 0.0385173 -0.0313251 
0.929 0.0370574 -0.0448008 
0.93 0.03495 -0.0581901 
0.931 0.0320511 -0.0714298 
0.932 0.0281039 -0.0843932 
0.933 0.0225883 -0.0967613 
0.934 0.0142348 -0.10734 
0.935 0.00156606 -0.109971 
0.936 -0.00870158 -0.101397 
0.937 -0.015439 -0.0896603 
0.938 -0.0202942 -0.0770113 
0.939 -0.0239399 -0.0639584 
0.94 -0.0266854 -0.0506857 
0.941 -0.0286923 -0.0372809 
0.942 -0.0300488 -0.0237946 
0.943 -0.0307985 -0.0102608 
0.944 -0.0309524 0.00329275 
0.945 -0.030491 0.0168393 
0.946 -0.0293585 0.0303459 
0.947 -0.0274447 0.0437635 
0.948 -0.0245394 0.057 
0.949 -0.020199 0.0698309 
0.95 -0.0132489 0.081402 
0.951 -0.00120666 0.0855074 
0.952 0.00847361 0.076345 
0.953 0.0143047 0.0641321 
0.954 0.0182623 0.0511739 
0.955 0.0210101 0.0379031 
0.956 0.0228246 0.0244718 
0.957 0.0238301 0.0109554 
0.958 0.0240672 -0.00259628 
0.959 0.0235104 -0.0161383 
0.96 0.0220542 -0.0296125 
0.961 0.0194497 -0.0429098 
0.962 0.0150732 -0.0557201 
0.963 0.00673308 -0.066116 
0.964 -0.00489606 -0.061786 
0.965 -0.0111439 -0.0498119 
0.966 -0.014908 -0.0367997 
0.967 -0.0172326 -0.0234495 
0.968 -0.0184585 -0.00995267 
0.969 -0.0186897 0.00359792 
0.97 -0.0178814 0.0171256 
0.971 -0.0157954 0.0305127 
0.972 -0.0116853 0.0434029 
0.973 -0.0022347 0.052032 
0.974 0.00695077 0.0428131 
0.975 0.0112743 0.0299906 
0.976 0.0135963 0.016643 
0.977 0.0145264 0.00312449 
0.978 0.0141652 -0.0104208 
0.979 0.0122592 -0.0238311 
0.98 0.00758871 -0.0364869 
0.981 -0.00317326 -0.0370795 
0.982 -0.00843124 -0.0246674 
0.983 -0.0107496 -0.0113245 
0.984 -0.0112997 0.00221169 
0.985 -0.0100853 0.0157003 
0.986 -0.00582904 0.0284812 
0.987 0.00408134 0.0261367 
0.988 0.00779654 0.0131488 
0.989 0.00880299 -0.000355049 
0.99 0.00753585 -0.0138297 
0.991 0.000771444 -0.0244257 
0.992 -0.00554134 -0.0130367 
0.993 -0.00684426 0.000430445 
0.994 -0.0050646 0.0138202 
0.995 0.00310778 0.0143205 
0.996 0.00531342 0.00100663 
0.997 0.00333641 -0.0123071 
0.998 -0.00359596 -0.00660487 
0.999 -0.00346285 0.00687407 
