PARAMETRIC_CURVE_CARTESIAN_2D
gravity_example_2d_body2
t1: 0
t2: 50000
NumPoints: 314
0 100 -100 
159.744 90.6868 -99.8873 
319.489 81.486 -99.5438 
479.233 72.6069 -98.977 
638.978 64.1193 -98.2024 
798.722 55.9734 -97.2285 
958.466 48.129 -96.0603 
1118.21 40.5514 -94.6999 
1277.96 33.2086 -93.1466 
1437.7 26.0681 -91.3954 
1597.44 19.0963 -89.4367 
1757.19 12.2555 -87.2545 
1916.93 5.5007 -84.8229 
2076.68 -1.22728 -82.1003 
2236.42 -7.78508 -79.1275 
2396.17 -14.3996 -75.7743 
2555.91 -21.7279 -71.5908 
2715.65 -28.7656 -67.0442 
2875.4 -35.0214 -62.5013 
3035.14 -40.8754 -57.756 
3194.89 -46.4928 -52.6809 
3354.63 -51.8292 -47.3065 
3514.38 -57.0823 -41.3927 
3674.12 -61.8845 -35.3387 
3833.87 -66.2751 -29.1479 
3993.61 -70.3996 -22.6345 
4153.35 -74.2372 -15.821 
4313.1 -77.8758 -8.51275 
4472.84 -81.128 -1.07794 
4632.59 -83.4502 4.90666 
4792.33 -85.5842 11.0488 
4952.08 -87.4997 17.2381 
5111.82 -89.3101 23.8673 
5271.57 -90.9323 30.6867 
5431.31 -92.3431 37.5806 
5591.05 -93.5579 44.5846 
5750.8 -94.5864 51.7322 
5910.54 -95.4338 59.054 
6070.29 -96.102 66.579 
6230.03 -96.5897 74.3372 
6389.78 -96.8932 82.363 
6549.52 -97.0056 90.7027 
6709.27 -96.9156 99.4417 
6869.01 -96.5938 108.898 
7028.75 -95.8454 121.267 
7188.5 -94.8903 132.266 
7348.24 -93.692 143.179 
7507.99 -92.226 154.334 
7667.73 -90.4733 165.847 
7827.48 -88.4137 177.79 
7987.22 -86.025 190.22 
8146.96 -83.2827 203.188 
8306.71 -80.1595 216.744 
8466.45 -76.6254 230.937 
8626.2 -72.6471 245.818 
8785.94 -68.188 261.443 
8945.69 -63.2078 277.868 
9105.43 -57.6618 295.155 
9265.18 -51.5546 313.215 
9424.92 -44.9767 331.743 
9584.66 -37.9374 350.702 
9744.41 -30.4574 370.033 
9904.15 -22.5729 389.649 
10063.9 -14.3437 409.417 
10223.6 -5.86629 429.135 
10383.4 2.69774 448.479 
10543.1 11.0476 466.851 
10702.9 19.4657 484.94 
10862.6 29.445 505.882 
11022.4 40.9298 529.388 
11182.1 53.9966 555.447 
11341.9 68.7718 584.146 
11501.6 85.4251 615.64 
11661.3 104.169 650.149 
11821.1 125.262 687.95 
11980.8 149.02 729.396 
12140.6 175.83 774.921 
12300.3 206.168 825.068 
12460.1 239.878 879.317 
12619.8 276.929 937.409 
12779.6 316.946 998.59 
12939.3 360.152 1063.07 
13099 406.769 1131.04 
13258.8 457.027 1202.7 
13418.5 511.174 1278.25 
13578.3 569.467 1357.89 
13738 632.177 1441.83 
13897.8 699.588 1530.29 
14057.5 771.995 1623.48 
14217.3 849.708 1721.61 
14377 933.046 1824.9 
14536.7 1022.34 1933.56 
14696.5 1117.92 2047.8 
14856.2 1220.14 2167.8 
15016 1329.35 2293.75 
15175.7 1445.9 2425.81 
15335.5 1570.12 2564.12 
15495.2 1702.37 2708.78 
15655 1842.95 2859.87 
15814.7 1992.17 3017.39 
15974.4 2150.28 3181.3 
16134.2 2317.5 3351.49 
16293.9 2493.99 3527.74 
16453.7 2679.81 3709.73 
16613.4 2874.92 3897 
16773.2 3079.17 4088.95 
16932.9 3292.22 4284.78 
17092.7 3513.53 4483.46 
17252.4 3742.31 4683.72 
17412.1 3977.47 4884 
17571.9 4217.56 5082.42 
17731.6 4460.7 5276.73 
17891.4 4704.55 5464.35 
18051.1 4946.31 5642.37 
18210.9 5182.66 5807.63 
18370.6 5409.93 5956.88 
18530.4 5624.23 6086.96 
18690.1 5821.68 6195.13 
18849.8 5998.75 6279.3 
19009.6 6152.56 6338.38 
19169.3 6281.13 6372.5 
19329.1 6383.55 6383.19 
19488.8 6450.7 6376.17 
19648.6 6504.25 6355.19 
19808.3 6547.58 6315.09 
19968.1 6574.46 6250.96 
20127.8 6579.3 6165.61 
20287.5 6564.28 6070.35 
20447.3 6533.97 5967.75 
20607 6482.24 5838.61 
20766.8 6406.03 5683.07 
20926.5 6303.56 5501.91 
21086.3 6174.33 5296.84 
21246 6019.13 5070.58 
21405.8 5840.01 4826.8 
21565.5 5640.1 4569.87 
21725.2 5423.28 4304.48 
21885 5193.8 4035.27 
22044.7 4955.89 3766.47 
22204.5 4713.48 3501.7 
22364.2 4470.02 3243.86 
22524 4253.63 3020.81 
22683.7 4016.6 2782.59 
22843.5 3810.12 2580 
23003.2 3609.45 2387.31 
23162.9 3415.49 2204.91 
23322.7 3228.66 2032.73 
23482.4 3049.24 1870.61 
23642.2 2877.36 1718.3 
23801.9 2713.08 1575.49 
23961.7 2556.36 1441.83 
24121.4 2407.11 1316.94 
24281.2 2265.18 1200.41 
24440.9 2130.39 1091.83 
24600.6 2002.51 990.802 
24760.4 1881.3 896.899 
24920.1 1766.52 809.722 
25079.9 1657.89 728.876 
25239.6 1555.16 653.977 
25399.4 1458.03 584.657 
25559.1 1366.25 520.562 
25718.8 1279.55 461.355 
25878.6 1197.65 406.713 
26038.3 1120.3 356.332 
26198.1 1047.24 309.922 
26357.8 978.237 267.21 
26517.6 913.038 227.939 
26677.3 851.416 191.866 
26837.1 795.118 159.869 
26996.8 743.265 131.273 
27156.5 695.317 105.637 
27316.3 652 83.1946 
27476 613.126 63.6783 
27635.8 578.127 46.6494 
27795.5 546.685 31.8192 
27955.3 518.59 18.9673 
28115 493.768 7.94604 
28274.8 472.382 -1.28527 
28434.5 454.029 -9.00171 
28594.2 434.702 -16.9122 
28754 414.222 -25.0417 
28913.7 392.836 -33.2373 
29073.5 371.062 -41.2556 
29233.2 349.25 -48.9357 
29393 327.645 -56.1727 
29552.7 306.413 -62.8994 
29712.5 285.67 -69.075 
29872.2 265.644 -74.6373 
30031.9 246.825 -79.4784 
30191.7 229.136 -83.6611 
30351.4 212.477 -87.2487 
30511.2 196.758 -90.2975 
30670.9 181.891 -92.8568 
30830.7 167.795 -94.9699 
30990.4 154.39 -96.6745 
31150.2 141.591 -98.0029 
31309.9 129.303 -98.9818 
31469.6 117.392 -99.6315 
31629.4 105.606 -99.9606 
31789.1 93.0672 -99.9379 
31948.9 84.8239 -99.6961 
32108.6 76.4065 -99.2489 
32268.4 67.712 -98.5592 
32428.1 59.4232 -97.6696 
32587.9 51.454 -96.5842 
32747.6 43.7662 -95.306 
32907.3 36.3268 -93.8357 
33067.1 29.1036 -92.1701 
33226.8 22.0639 -90.3019 
33386.6 15.172 -88.2179 
33546.3 8.38655 -85.8971 
33706.1 1.65571 -83.3056 
33865.8 -5.05479 -80.4056 
34025.6 -11.4044 -77.3394 
34185.3 -18.6635 -73.4041 
34345 -25.816 -69.0177 
34504.8 -32.3362 -64.5137 
34664.5 -38.3367 -59.8772 
34824.3 -44.0496 -54.9562 
34984 -49.4857 -49.7389 
35143.8 -54.7503 -44.1015 
35303.5 -59.8165 -38.0295 
35463.3 -64.3638 -31.9282 
35623 -68.6111 -25.5513 
35782.7 -72.5603 -18.8986 
35942.5 -76.2984 -11.7963 
36102.2 -79.7119 -4.43591 
36262 -82.7853 3.12626 
36421.7 -85.2131 9.92913 
36581.5 -87.1439 16.0315 
36741.2 -88.9776 22.5819 
36901 -90.6419 29.391 
37060.7 -92.0915 36.2684 
37220.4 -93.3424 43.2488 
37380.2 -94.4057 50.3668 
37539.9 -95.2872 57.6534 
37699.7 -95.9893 65.1377 
37859.4 -96.5114 72.8493 
38019.2 -96.8501 80.8215 
38178.9 -96.9994 89.0971 
38338.7 -96.949 97.7496 
38498.4 -96.6762 107.005 
38658.1 -95.9898 119.277 
38817.9 -95.0738 130.366 
38977.6 -93.9203 141.257 
39137.4 -92.5025 152.359 
39297.1 -90.8013 163.804 
39456.9 -88.7969 175.667 
39616.6 -86.4675 188.009 
39776.4 -83.7889 200.879 
39936.1 -80.7344 214.328 
40095.8 -77.2744 228.406 
40255.6 -73.3764 243.164 
40415.3 -69.0042 258.654 
40575.1 -64.1182 274.935 
40734.8 -58.6745 292.067 
40894.6 -52.6494 310.043 
41054.3 -46.153 328.492 
41214.1 -39.1927 347.379 
41373.8 -31.7871 366.652 
41533.5 -23.9694 386.226 
41693.3 -15.7945 405.979 
41853 -7.35092 425.725 
42012.8 1.21412 445.166 
42172.5 9.63421 463.772 
42332.3 17.7415 481.268 
42492 27.4379 501.711 
42651.8 38.633 524.734 
42811.5 51.3913 550.305 
42971.2 65.8307 578.493 
43131 82.1128 609.443 
43290.7 100.442 643.359 
43450.5 121.067 680.512 
43610.2 144.292 721.236 
43770 170.489 765.949 
43929.7 200.117 815.171 
44089.5 233.177 868.645 
44249.2 269.689 926.173 
44408.9 309.126 986.751 
44568.7 351.711 1050.59 
44728.4 397.664 1117.89 
44888.2 447.214 1188.83 
45047.9 500.605 1263.63 
45207.7 558.092 1342.48 
45367.4 619.943 1425.59 
45527.2 686.441 1513.18 
45686.9 757.879 1605.45 
45846.6 834.562 1702.63 
46006.4 916.809 1804.93 
46166.1 1004.95 1912.56 
46325.9 1099.31 2025.72 
46485.6 1200.25 2144.61 
46645.4 1308.11 2269.42 
46805.1 1423.24 2400.31 
46964.9 1545.98 2537.43 
47124.6 1676.68 2680.88 
47284.3 1815.66 2830.75 
47444.1 1963.22 2987.05 
47603.8 2119.63 3149.76 
47763.6 2285.11 3318.77 
47923.3 2459.83 3493.89 
48083.1 2643.88 3674.82 
48242.8 2837.25 3861.14 
48402.6 3039.78 4052.26 
48562.3 3251.2 4247.42 
48722 3471 4445.65 
48881.8 3698.44 4645.72 
49041.5 3932.49 4846.14 
49201.3 4171.77 5045.06 
49361 4414.5 5240.34 
49520.8 4658.42 5429.44 
49680.5 4900.81 5609.52 
49840.3 5138.46 5777.45 
50000 5342.73 5913.85 
