VECTOR_FIELD_2D_CARTESIAN
rotational_field
-10 -10 10 -10
-10 -8.94737 8.94737 -10
-10 -7.89474 7.89474 -10
-10 -6.84211 6.84211 -10
-10 -5.78947 5.78947 -10
-10 -4.73684 4.73684 -10
-10 -3.68421 3.68421 -10
-10 -2.63158 2.63158 -10
-10 -1.57895 1.57895 -10
-10 -0.526316 0.526316 -10
-10 0.526316 -0.526316 -10
-10 1.57895 -1.57895 -10
-10 2.63158 -2.63158 -10
-10 3.68421 -3.68421 -10
-10 4.73684 -4.73684 -10
-10 5.78947 -5.78947 -10
-10 6.84211 -6.84211 -10
-10 7.89474 -7.89474 -10
-10 8.94737 -8.94737 -10
-10 10 -10 -10
-8.94737 -10 10 -8.94737
-8.94737 -8.94737 8.94737 -8.94737
-8.94737 -7.89474 7.89474 -8.94737
-8.94737 -6.84211 6.84211 -8.94737
-8.94737 -5.78947 5.78947 -8.94737
-8.94737 -4.73684 4.73684 -8.94737
-8.94737 -3.68421 3.68421 -8.94737
-8.94737 -2.63158 2.63158 -8.94737
-8.94737 -1.57895 1.57895 -8.94737
-8.94737 -0.526316 0.526316 -8.94737
-8.94737 0.526316 -0.526316 -8.94737
-8.94737 1.57895 -1.57895 -8.94737
-8.94737 2.63158 -2.63158 -8.94737
-8.94737 3.68421 -3.68421 -8.94737
-8.94737 4.73684 -4.73684 -8.94737
-8.94737 5.78947 -5.78947 -8.94737
-8.94737 6.84211 -6.84211 -8.94737
-8.94737 7.89474 -7.89474 -8.94737
-8.94737 8.94737 -8.94737 -8.94737
-8.94737 10 -10 -8.94737
-7.89474 -10 10 -7.89474
-7.89474 -8.94737 8.94737 -7.89474
-7.89474 -7.89474 7.89474 -7.89474
-7.89474 -6.84211 6.84211 -7.89474
-7.89474 -5.78947 5.78947 -7.89474
-7.89474 -4.73684 4.73684 -7.89474
-7.89474 -3.68421 3.68421 -7.89474
-7.89474 -2.63158 2.63158 -7.89474
-7.89474 -1.57895 1.57895 -7.89474
-7.89474 -0.526316 0.526316 -7.89474
-7.89474 0.526316 -0.526316 -7.89474
-7.89474 1.57895 -1.57895 -7.89474
-7.89474 2.63158 -2.63158 -7.89474
-7.89474 3.68421 -3.68421 -7.89474
-7.89474 4.73684 -4.73684 -7.89474
-7.89474 5.78947 -5.78947 -7.89474
-7.89474 6.84211 -6.84211 -7.89474
-7.89474 7.89474 -7.89474 -7.89474
-7.89474 8.94737 -8.94737 -7.89474
-7.89474 10 -10 -7.89474
-6.84211 -10 10 -6.84211
-6.84211 -8.94737 8.94737 -6.84211
-6.84211 -7.89474 7.89474 -6.84211
-6.84211 -6.84211 6.84211 -6.84211
-6.84211 -5.78947 5.78947 -6.84211
-6.84211 -4.73684 4.73684 -6.84211
-6.84211 -3.68421 3.68421 -6.84211
-6.84211 -2.63158 2.63158 -6.84211
-6.84211 -1.57895 1.57895 -6.84211
-6.84211 -0.526316 0.526316 -6.84211
-6.84211 0.526316 -0.526316 -6.84211
-6.84211 1.57895 -1.57895 -6.84211
-6.84211 2.63158 -2.63158 -6.84211
-6.84211 3.68421 -3.68421 -6.84211
-6.84211 4.73684 -4.73684 -6.84211
-6.84211 5.78947 -5.78947 -6.84211
-6.84211 6.84211 -6.84211 -6.84211
-6.84211 7.89474 -7.89474 -6.84211
-6.84211 8.94737 -8.94737 -6.84211
-6.84211 10 -10 -6.84211
-5.78947 -10 10 -5.78947
-5.78947 -8.94737 8.94737 -5.78947
-5.78947 -7.89474 7.89474 -5.78947
-5.78947 -6.84211 6.84211 -5.78947
-5.78947 -5.78947 5.78947 -5.78947
-5.78947 -4.73684 4.73684 -5.78947
-5.78947 -3.68421 3.68421 -5.78947
-5.78947 -2.63158 2.63158 -5.78947
-5.78947 -1.57895 1.57895 -5.78947
-5.78947 -0.526316 0.526316 -5.78947
-5.78947 0.526316 -0.526316 -5.78947
-5.78947 1.57895 -1.57895 -5.78947
-5.78947 2.63158 -2.63158 -5.78947
-5.78947 3.68421 -3.68421 -5.78947
-5.78947 4.73684 -4.73684 -5.78947
-5.78947 5.78947 -5.78947 -5.78947
-5.78947 6.84211 -6.84211 -5.78947
-5.78947 7.89474 -7.89474 -5.78947
-5.78947 8.94737 -8.94737 -5.78947
-5.78947 10 -10 -5.78947
-4.73684 -10 10 -4.73684
-4.73684 -8.94737 8.94737 -4.73684
-4.73684 -7.89474 7.89474 -4.73684
-4.73684 -6.84211 6.84211 -4.73684
-4.73684 -5.78947 5.78947 -4.73684
-4.73684 -4.73684 4.73684 -4.73684
-4.73684 -3.68421 3.68421 -4.73684
-4.73684 -2.63158 2.63158 -4.73684
-4.73684 -1.57895 1.57895 -4.73684
-4.73684 -0.526316 0.526316 -4.73684
-4.73684 0.526316 -0.526316 -4.73684
-4.73684 1.57895 -1.57895 -4.73684
-4.73684 2.63158 -2.63158 -4.73684
-4.73684 3.68421 -3.68421 -4.73684
-4.73684 4.73684 -4.73684 -4.73684
-4.73684 5.78947 -5.78947 -4.73684
-4.73684 6.84211 -6.84211 -4.73684
-4.73684 7.89474 -7.89474 -4.73684
-4.73684 8.94737 -8.94737 -4.73684
-4.73684 10 -10 -4.73684
-3.68421 -10 10 -3.68421
-3.68421 -8.94737 8.94737 -3.68421
-3.68421 -7.89474 7.89474 -3.68421
-3.68421 -6.84211 6.84211 -3.68421
-3.68421 -5.78947 5.78947 -3.68421
-3.68421 -4.73684 4.73684 -3.68421
-3.68421 -3.68421 3.68421 -3.68421
-3.68421 -2.63158 2.63158 -3.68421
-3.68421 -1.57895 1.57895 -3.68421
-3.68421 -0.526316 0.526316 -3.68421
-3.68421 0.526316 -0.526316 -3.68421
-3.68421 1.57895 -1.57895 -3.68421
-3.68421 2.63158 -2.63158 -3.68421
-3.68421 3.68421 -3.68421 -3.68421
-3.68421 4.73684 -4.73684 -3.68421
-3.68421 5.78947 -5.78947 -3.68421
-3.68421 6.84211 -6.84211 -3.68421
-3.68421 7.89474 -7.89474 -3.68421
-3.68421 8.94737 -8.94737 -3.68421
-3.68421 10 -10 -3.68421
-2.63158 -10 10 -2.63158
-2.63158 -8.94737 8.94737 -2.63158
-2.63158 -7.89474 7.89474 -2.63158
-2.63158 -6.84211 6.84211 -2.63158
-2.63158 -5.78947 5.78947 -2.63158
-2.63158 -4.73684 4.73684 -2.63158
-2.63158 -3.68421 3.68421 -2.63158
-2.63158 -2.63158 2.63158 -2.63158
-2.63158 -1.57895 1.57895 -2.63158
-2.63158 -0.526316 0.526316 -2.63158
-2.63158 0.526316 -0.526316 -2.63158
-2.63158 1.57895 -1.57895 -2.63158
-2.63158 2.63158 -2.63158 -2.63158
-2.63158 3.68421 -3.68421 -2.63158
-2.63158 4.73684 -4.73684 -2.63158
-2.63158 5.78947 -5.78947 -2.63158
-2.63158 6.84211 -6.84211 -2.63158
-2.63158 7.89474 -7.89474 -2.63158
-2.63158 8.94737 -8.94737 -2.63158
-2.63158 10 -10 -2.63158
-1.57895 -10 10 -1.57895
-1.57895 -8.94737 8.94737 -1.57895
-1.57895 -7.89474 7.89474 -1.57895
-1.57895 -6.84211 6.84211 -1.57895
-1.57895 -5.78947 5.78947 -1.57895
-1.57895 -4.73684 4.73684 -1.57895
-1.57895 -3.68421 3.68421 -1.57895
-1.57895 -2.63158 2.63158 -1.57895
-1.57895 -1.57895 1.57895 -1.57895
-1.57895 -0.526316 0.526316 -1.57895
-1.57895 0.526316 -0.526316 -1.57895
-1.57895 1.57895 -1.57895 -1.57895
-1.57895 2.63158 -2.63158 -1.57895
-1.57895 3.68421 -3.68421 -1.57895
-1.57895 4.73684 -4.73684 -1.57895
-1.57895 5.78947 -5.78947 -1.57895
-1.57895 6.84211 -6.84211 -1.57895
-1.57895 7.89474 -7.89474 -1.57895
-1.57895 8.94737 -8.94737 -1.57895
-1.57895 10 -10 -1.57895
-0.526316 -10 10 -0.526316
-0.526316 -8.94737 8.94737 -0.526316
-0.526316 -7.89474 7.89474 -0.526316
-0.526316 -6.84211 6.84211 -0.526316
-0.526316 -5.78947 5.78947 -0.526316
-0.526316 -4.73684 4.73684 -0.526316
-0.526316 -3.68421 3.68421 -0.526316
-0.526316 -2.63158 2.63158 -0.526316
-0.526316 -1.57895 1.57895 -0.526316
-0.526316 -0.526316 0.526316 -0.526316
-0.526316 0.526316 -0.526316 -0.526316
-0.526316 1.57895 -1.57895 -0.526316
-0.526316 2.63158 -2.63158 -0.526316
-0.526316 3.68421 -3.68421 -0.526316
-0.526316 4.73684 -4.73684 -0.526316
-0.526316 5.78947 -5.78947 -0.526316
-0.526316 6.84211 -6.84211 -0.526316
-0.526316 7.89474 -7.89474 -0.526316
-0.526316 8.94737 -8.94737 -0.526316
-0.526316 10 -10 -0.526316
0.526316 -10 10 0.526316
0.526316 -8.94737 8.94737 0.526316
0.526316 -7.89474 7.89474 0.526316
0.526316 -6.84211 6.84211 0.526316
0.526316 -5.78947 5.78947 0.526316
0.526316 -4.73684 4.73684 0.526316
0.526316 -3.68421 3.68421 0.526316
0.526316 -2.63158 2.63158 0.526316
0.526316 -1.57895 1.57895 0.526316
0.526316 -0.526316 0.526316 0.526316
0.526316 0.526316 -0.526316 0.526316
0.526316 1.57895 -1.57895 0.526316
0.526316 2.63158 -2.63158 0.526316
0.526316 3.68421 -3.68421 0.526316
0.526316 4.73684 -4.73684 0.526316
0.526316 5.78947 -5.78947 0.526316
0.526316 6.84211 -6.84211 0.526316
0.526316 7.89474 -7.89474 0.526316
0.526316 8.94737 -8.94737 0.526316
0.526316 10 -10 0.526316
1.57895 -10 10 1.57895
1.57895 -8.94737 8.94737 1.57895
1.57895 -7.89474 7.89474 1.57895
1.57895 -6.84211 6.84211 1.57895
1.57895 -5.78947 5.78947 1.57895
1.57895 -4.73684 4.73684 1.57895
1.57895 -3.68421 3.68421 1.57895
1.57895 -2.63158 2.63158 1.57895
1.57895 -1.57895 1.57895 1.57895
1.57895 -0.526316 0.526316 1.57895
1.57895 0.526316 -0.526316 1.57895
1.57895 1.57895 -1.57895 1.57895
1.57895 2.63158 -2.63158 1.57895
1.57895 3.68421 -3.68421 1.57895
1.57895 4.73684 -4.73684 1.57895
1.57895 5.78947 -5.78947 1.57895
1.57895 6.84211 -6.84211 1.57895
1.57895 7.89474 -7.89474 1.57895
1.57895 8.94737 -8.94737 1.57895
1.57895 10 -10 1.57895
2.63158 -10 10 2.63158
2.63158 -8.94737 8.94737 2.63158
2.63158 -7.89474 7.89474 2.63158
2.63158 -6.84211 6.84211 2.63158
2.63158 -5.78947 5.78947 2.63158
2.63158 -4.73684 4.73684 2.63158
2.63158 -3.68421 3.68421 2.63158
2.63158 -2.63158 2.63158 2.63158
2.63158 -1.57895 1.57895 2.63158
2.63158 -0.526316 0.526316 2.63158
2.63158 0.526316 -0.526316 2.63158
2.63158 1.57895 -1.57895 2.63158
2.63158 2.63158 -2.63158 2.63158
2.63158 3.68421 -3.68421 2.63158
2.63158 4.73684 -4.73684 2.63158
2.63158 5.78947 -5.78947 2.63158
2.63158 6.84211 -6.84211 2.63158
2.63158 7.89474 -7.89474 2.63158
2.63158 8.94737 -8.94737 2.63158
2.63158 10 -10 2.63158
3.68421 -10 10 3.68421
3.68421 -8.94737 8.94737 3.68421
3.68421 -7.89474 7.89474 3.68421
3.68421 -6.84211 6.84211 3.68421
3.68421 -5.78947 5.78947 3.68421
3.68421 -4.73684 4.73684 3.68421
3.68421 -3.68421 3.68421 3.68421
3.68421 -2.63158 2.63158 3.68421
3.68421 -1.57895 1.57895 3.68421
3.68421 -0.526316 0.526316 3.68421
3.68421 0.526316 -0.526316 3.68421
3.68421 1.57895 -1.57895 3.68421
3.68421 2.63158 -2.63158 3.68421
3.68421 3.68421 -3.68421 3.68421
3.68421 4.73684 -4.73684 3.68421
3.68421 5.78947 -5.78947 3.68421
3.68421 6.84211 -6.84211 3.68421
3.68421 7.89474 -7.89474 3.68421
3.68421 8.94737 -8.94737 3.68421
3.68421 10 -10 3.68421
4.73684 -10 10 4.73684
4.73684 -8.94737 8.94737 4.73684
4.73684 -7.89474 7.89474 4.73684
4.73684 -6.84211 6.84211 4.73684
4.73684 -5.78947 5.78947 4.73684
4.73684 -4.73684 4.73684 4.73684
4.73684 -3.68421 3.68421 4.73684
4.73684 -2.63158 2.63158 4.73684
4.73684 -1.57895 1.57895 4.73684
4.73684 -0.526316 0.526316 4.73684
4.73684 0.526316 -0.526316 4.73684
4.73684 1.57895 -1.57895 4.73684
4.73684 2.63158 -2.63158 4.73684
4.73684 3.68421 -3.68421 4.73684
4.73684 4.73684 -4.73684 4.73684
4.73684 5.78947 -5.78947 4.73684
4.73684 6.84211 -6.84211 4.73684
4.73684 7.89474 -7.89474 4.73684
4.73684 8.94737 -8.94737 4.73684
4.73684 10 -10 4.73684
5.78947 -10 10 5.78947
5.78947 -8.94737 8.94737 5.78947
5.78947 -7.89474 7.89474 5.78947
5.78947 -6.84211 6.84211 5.78947
5.78947 -5.78947 5.78947 5.78947
5.78947 -4.73684 4.73684 5.78947
5.78947 -3.68421 3.68421 5.78947
5.78947 -2.63158 2.63158 5.78947
5.78947 -1.57895 1.57895 5.78947
5.78947 -0.526316 0.526316 5.78947
5.78947 0.526316 -0.526316 5.78947
5.78947 1.57895 -1.57895 5.78947
5.78947 2.63158 -2.63158 5.78947
5.78947 3.68421 -3.68421 5.78947
5.78947 4.73684 -4.73684 5.78947
5.78947 5.78947 -5.78947 5.78947
5.78947 6.84211 -6.84211 5.78947
5.78947 7.89474 -7.89474 5.78947
5.78947 8.94737 -8.94737 5.78947
5.78947 10 -10 5.78947
6.84211 -10 10 6.84211
6.84211 -8.94737 8.94737 6.84211
6.84211 -7.89474 7.89474 6.84211
6.84211 -6.84211 6.84211 6.84211
6.84211 -5.78947 5.78947 6.84211
6.84211 -4.73684 4.73684 6.84211
6.84211 -3.68421 3.68421 6.84211
6.84211 -2.63158 2.63158 6.84211
6.84211 -1.57895 1.57895 6.84211
6.84211 -0.526316 0.526316 6.84211
6.84211 0.526316 -0.526316 6.84211
6.84211 1.57895 -1.57895 6.84211
6.84211 2.63158 -2.63158 6.84211
6.84211 3.68421 -3.68421 6.84211
6.84211 4.73684 -4.73684 6.84211
6.84211 5.78947 -5.78947 6.84211
6.84211 6.84211 -6.84211 6.84211
6.84211 7.89474 -7.89474 6.84211
6.84211 8.94737 -8.94737 6.84211
6.84211 10 -10 6.84211
7.89474 -10 10 7.89474
7.89474 -8.94737 8.94737 7.89474
7.89474 -7.89474 7.89474 7.89474
7.89474 -6.84211 6.84211 7.89474
7.89474 -5.78947 5.78947 7.89474
7.89474 -4.73684 4.73684 7.89474
7.89474 -3.68421 3.68421 7.89474
7.89474 -2.63158 2.63158 7.89474
7.89474 -1.57895 1.57895 7.89474
7.89474 -0.526316 0.526316 7.89474
7.89474 0.526316 -0.526316 7.89474
7.89474 1.57895 -1.57895 7.89474
7.89474 2.63158 -2.63158 7.89474
7.89474 3.68421 -3.68421 7.89474
7.89474 4.73684 -4.73684 7.89474
7.89474 5.78947 -5.78947 7.89474
7.89474 6.84211 -6.84211 7.89474
7.89474 7.89474 -7.89474 7.89474
7.89474 8.94737 -8.94737 7.89474
7.89474 10 -10 7.89474
8.94737 -10 10 8.94737
8.94737 -8.94737 8.94737 8.94737
8.94737 -7.89474 7.89474 8.94737
8.94737 -6.84211 6.84211 8.94737
8.94737 -5.78947 5.78947 8.94737
8.94737 -4.73684 4.73684 8.94737
8.94737 -3.68421 3.68421 8.94737
8.94737 -2.63158 2.63158 8.94737
8.94737 -1.57895 1.57895 8.94737
8.94737 -0.526316 0.526316 8.94737
8.94737 0.526316 -0.526316 8.94737
8.94737 1.57895 -1.57895 8.94737
8.94737 2.63158 -2.63158 8.94737
8.94737 3.68421 -3.68421 8.94737
8.94737 4.73684 -4.73684 8.94737
8.94737 5.78947 -5.78947 8.94737
8.94737 6.84211 -6.84211 8.94737
8.94737 7.89474 -7.89474 8.94737
8.94737 8.94737 -8.94737 8.94737
8.94737 10 -10 8.94737
10 -10 10 10
10 -8.94737 8.94737 10
10 -7.89474 7.89474 10
10 -6.84211 6.84211 10
10 -5.78947 5.78947 10
10 -4.73684 4.73684 10
10 -3.68421 3.68421 10
10 -2.63158 2.63158 10
10 -1.57895 1.57895 10
10 -0.526316 0.526316 10
10 0.526316 -0.526316 10
10 1.57895 -1.57895 10
10 2.63158 -2.63158 10
10 3.68421 -3.68421 10
10 4.73684 -4.73684 10
10 5.78947 -5.78947 10
10 6.84211 -6.84211 10
10 7.89474 -7.89474 10
10 8.94737 -8.94737 10
10 10 -10 10
